0.02	0.00	0.00	5	0.00 (0.00)	0.00 (0.00)	0.00 (0.00)	5	
0.02	0.00	0.01	5	0.00 (0.00)	0.00 (0.00)	0.00 (0.00)	5	
0.02	0.00	0.01	5	0.00 (0.00)	0.00 (0.00)	0.00 (0.00)	5	
0.02	0.00	0.00	5	0.00 (0.00)	0.00 (0.00)	0.00 (0.00)	5	
0.02	0.00	0.01	5	0.00 (0.00)	0.00 (0.00)	0.00 (0.00)	5	
0.02	0.02	0.02	5	0.02 (0.02)	0.01 (0.01)	0.01 (0.01)	5	
0.41	0.00	0.12	5	0.20 (0.20)	0.01 (0.01)	0.06 (0.06)	5	
0.20	0.03	0.12	5	0.06 (0.06)	0.01 (0.01)	0.04 (0.04)	5	
1.73	0.20	0.67	5	0.27 (0.27)	0.05 (0.05)	0.15 (0.15)	5	
6.56	0.14	1.53	5	0.39 (0.39)	0.05 (0.05)	0.14 (0.14)	5	
0.66	0.03	0.23	5	0.32 (0.32)	0.03 (0.03)	0.12 (0.12)	5	
540.07	0.03	137.71	4	98.16 (98.16)	0.04 (0.04)	25.60 (25.60)	4	
8.36	0.41	3.65	4	2.03 (36.98)	0.22 (0.22)	1.03 (8.22)	5	
1762.07	0.30	530.69	5	21.30 (21.30)	0.14 (0.14)	9.73 (9.73)	5	
257.84	1.70	87.50	4	4.12 (160.75)	0.39 (0.39)	2.10 (33.83)	5	
14.30	0.19	5.32	5	2.32 (2.32)	0.13 (0.13)	1.20 (1.20)	5	
1640.00	31.16	718.03	4	144.36 (144.36)	3.44 (3.44)	56.39 (56.39)	4	
224.97	16.05	120.51	2	10.38 (338.52)	4.21 (4.21)	7.30 (104.80)	4	
183.09	183.09	183.09	1	6.18 (6.18)	6.18 (6.18)	6.18 (6.18)	1	
!	!	!	0	! (!)	! (!)	! (!)	0	
