55.00	19.00	39.20	5	55.00 (55.00)	19.00 (19.00)	39.20 (39.20)	5	
53.00	19.00	37.60	5	53.00 (53.00)	19.00 (19.00)	36.00 (36.00)	5	
226.00	28.00	80.20	5	89.00 (89.00)	28.00 (28.00)	50.40 (50.40)	5	
117.00	28.00	74.60	5	85.00 (85.00)	24.00 (24.00)	48.40 (48.40)	5	
76.00	28.00	42.80	5	47.00 (47.00)	28.00 (28.00)	36.60 (36.60)	5	
414.00	44.00	245.20	5	361.00 (361.00)	44.00 (44.00)	226.40 (226.40)	5	
2836.00	171.00	995.00	5	1648.00 (1648.00)	105.00 (105.00)	588.80 (588.80)	5	
2177.00	250.00	778.60	5	578.00 (578.00)	158.00 (158.00)	300.40 (300.40)	5	
9552.00	2175.00	4576.40	5	2348.00 (2348.00)	638.00 (638.00)	1210.40 (1210.40)	5	
22646.00	896.00	5634.00	5	2896.00 (2896.00)	338.00 (338.00)	943.80 (943.80)	5	
5151.00	105.00	1741.20	5	2961.00 (2961.00)	105.00 (105.00)	1075.80 (1075.80)	5	
214202.00	270.00	60835.25	4	83814.00 (474983.00)	270.00 (270.00)	23708.00 (113963.00)	5	
492829.00	3286.00	105890.60	5	52052.00 (52052.00)	1892.00 (1892.00)	13210.20 (13210.20)	5	
356220.00	1254.00	154288.00	5	36214.00 (36214.00)	483.00 (483.00)	21163.80 (21163.80)	5	
466313.00	8403.00	142350.20	5	106194.00 (106194.00)	1882.00 (1882.00)	26443.20 (26443.20)	5	
31439.00	249.00	10858.00	5	9908.00 (9908.00)	205.00 (205.00)	3605.80 (3605.80)	5	
341953.00	18279.00	178485.75	4	101543.00 (101543.00)	7256.00 (7256.00)	46254.75 (46254.75)	4	
127245.00	27119.00	77182.00	2	26263.00 (153013.00)	9202.00 (9202.00)	17732.50 (63369.75)	4	
111322.00	111322.00	111322.00	1	17017.00 (781709.00)	17017.00 (17017.00)	17017.00 (399363.00)	2	
!	!	!	0	! (406259.00)	! (401800.00)	! (404029.50)	2	
