72.00	24.00	46.80	5	72.00 (72.00)	24.00 (24.00)	46.80 (46.80)	5	
61.00	23.00	39.60	5	61.00 (61.00)	20.00 (20.00)	38.80 (38.80)	5	
78.00	19.00	49.80	5	50.00 (50.00)	19.00 (19.00)	39.60 (39.60)	5	
205.00	29.00	114.40	5	108.00 (108.00)	24.00 (24.00)	70.20 (70.20)	5	
99.00	21.00	50.60	5	56.00 (56.00)	21.00 (21.00)	35.80 (35.80)	5	
375.00	62.00	218.60	5	375.00 (375.00)	62.00 (62.00)	218.00 (218.00)	5	
1578.00	107.00	622.40	5	658.00 (658.00)	96.00 (96.00)	351.40 (351.40)	5	
6904.00	629.00	2211.00	5	2984.00 (2984.00)	234.00 (234.00)	1003.00 (1003.00)	5	
40189.00	393.00	12467.80	5	10320.00 (10320.00)	285.00 (285.00)	3882.40 (3882.40)	5	
67879.00	501.00	23942.00	4	16655.00 (104711.00)	260.00 (260.00)	5660.25 (25470.40)	5	
10623.00	361.00	4554.80	5	4627.00 (4627.00)	266.00 (266.00)	1954.20 (1954.20)	5	
51613.00	600.00	24296.25	4	16878.00 (93663.00)	551.00 (551.00)	6977.25 (24314.40)	5	
260845.00	2807.00	146984.75	4	53544.00 (201019.00)	1083.00 (1083.00)	31623.75 (65502.80)	5	
344213.00	5240.00	133364.67	3	20662.00 (116972.00)	2876.00 (2876.00)	10322.33 (44253.60)	5	
249090.00	5848.00	117231.25	4	27840.00 (27840.00)	1833.00 (1833.00)	18043.00 (18043.00)	4	
68010.00	2930.00	28154.60	5	16225.00 (16225.00)	1023.00 (1023.00)	8128.00 (8128.00)	5	
!	!	!	0	! (266788.00)	! (132466.00)	! (199627.00)	2	
349780.00	60485.00	243066.67	3	60321.00 (60321.00)	17955.00 (17955.00)	43705.00 (43705.00)	3	
147413.00	147413.00	147413.00	1	40135.00 (40135.00)	40135.00 (40135.00)	40135.00 (40135.00)	1	
!	!	!	0	! (!)	! (!)	! (!)	0	
