0.00	0.00	0.00	5	0.02 (0.02)	0.00 (0.00)	0.01 (0.01)	5	
0.00	0.00	0.00	5	0.02 (0.02)	0.00 (0.00)	0.00 (0.00)	5	
0.01	0.00	0.00	5	0.02 (0.02)	0.00 (0.00)	0.00 (0.00)	5	
0.01	0.00	0.00	5	0.02 (0.02)	0.00 (0.00)	0.00 (0.00)	5	
0.00	0.00	0.00	5	0.00 (0.00)	0.00 (0.00)	0.00 (0.00)	5	
0.02	0.01	0.02	5	0.02 (0.02)	0.00 (0.00)	0.01 (0.01)	5	
0.40	0.01	0.12	5	0.19 (0.19)	0.00 (0.00)	0.05 (0.05)	5	
0.21	0.02	0.11	5	0.06 (0.06)	0.02 (0.02)	0.04 (0.04)	5	
1.81	0.20	0.66	5	0.28 (0.28)	0.06 (0.06)	0.15 (0.15)	5	
6.78	0.14	1.56	5	0.40 (0.40)	0.05 (0.05)	0.14 (0.14)	5	
0.71	0.03	0.24	5	0.31 (0.31)	0.03 (0.03)	0.12 (0.12)	5	
551.82	0.05	140.69	4	97.82 (1800.02)	0.03 (0.03)	25.52 (380.42)	5	
1800.00	0.41	362.96	5	36.47 (36.47)	0.22 (0.22)	8.11 (8.11)	5	
1770.47	0.30	536.03	5	20.95 (20.95)	0.14 (0.14)	9.57 (9.57)	5	
1800.02	1.71	429.23	5	158.48 (158.48)	0.37 (0.37)	33.34 (33.34)	5	
14.28	0.19	5.30	5	2.30 (2.30)	0.13 (0.13)	1.19 (1.19)	5	
1637.73	31.64	717.96	4	142.16 (142.16)	3.41 (3.41)	55.63 (55.63)	4	
225.47	16.20	120.83	2	9.93 (330.93)	4.15 (4.15)	7.04 (102.23)	4	
177.11	177.11	177.11	1	6.12 (1800.00)	6.12 (6.12)	6.12 (903.06)	2	
!	!	!	0	! (1800.02)	! (1800.00)	! (1800.01)	2	
