55.00	19.00	39.20	5	55.00 (55.00)	19.00 (19.00)	39.20 (39.20)	5	
53.00	19.00	37.60	5	53.00 (53.00)	19.00 (19.00)	36.00 (36.00)	5	
226.00	28.00	80.20	5	89.00 (89.00)	28.00 (28.00)	50.40 (50.40)	5	
117.00	28.00	74.60	5	85.00 (85.00)	24.00 (24.00)	48.40 (48.40)	5	
76.00	28.00	42.80	5	47.00 (47.00)	28.00 (28.00)	36.60 (36.60)	5	
414.00	44.00	245.20	5	361.00 (361.00)	44.00 (44.00)	226.40 (226.40)	5	
2836.00	171.00	995.00	5	1648.00 (1648.00)	105.00 (105.00)	588.80 (588.80)	5	
2177.00	250.00	778.60	5	578.00 (578.00)	158.00 (158.00)	300.40 (300.40)	5	
4429.00	2175.00	3332.50	4	2348.00 (2348.00)	638.00 (638.00)	1104.50 (1210.40)	5	
1978.00	896.00	1381.00	4	641.00 (2896.00)	338.00 (338.00)	455.75 (943.80)	5	
5151.00	105.00	1741.20	5	2961.00 (2961.00)	105.00 (105.00)	1075.80 (1075.80)	5	
270.00	270.00	270.00	1	270.00 (2141.00)	270.00 (270.00)	270.00 (1205.50)	2	
3496.00	3286.00	3391.00	2	2004.00 (2004.00)	1892.00 (1892.00)	1948.00 (1948.00)	2	
1254.00	1254.00	1254.00	1	483.00 (483.00)	483.00 (483.00)	483.00 (483.00)	1	
!	!	!	0	! (1882.00)	! (1882.00)	! (1882.00)	1	
249.00	249.00	249.00	1	205.00 (747.00)	205.00 (205.00)	205.00 (476.00)	2	
!	!	!	0	! (!)	! (!)	! (!)	0	
!	!	!	0	! (!)	! (!)	! (!)	0	
!	!	!	0	! (!)	! (!)	! (!)	0	
!	!	!	0	! (!)	! (!)	! (!)	0	
