0.00	0.00	0.00	5	0.00 (0.00)	0.00 (0.00)	0.00 (0.00)	5	
0.00	0.00	0.00	5	0.00 (0.00)	0.00 (0.00)	0.00 (0.00)	5	
0.00	0.00	0.00	5	0.00 (0.00)	0.00 (0.00)	0.00 (0.00)	5	
0.01	0.00	0.01	5	0.01 (0.01)	0.00 (0.00)	0.00 (0.00)	5	
0.01	0.00	0.00	5	0.00 (0.00)	0.00 (0.00)	0.00 (0.00)	5	
0.02	0.01	0.01	5	0.02 (0.02)	0.01 (0.01)	0.01 (0.01)	5	
0.13	0.02	0.06	5	0.07 (0.07)	0.02 (0.02)	0.04 (0.04)	5	
0.91	0.05	0.29	5	0.31 (0.31)	0.03 (0.03)	0.11 (0.11)	5	
18.97	0.03	4.73	5	2.14 (2.14)	0.03 (0.03)	0.69 (0.69)	5	
58.14	0.07	16.34	4	4.40 (117.89)	0.03 (0.03)	1.37 (24.68)	5	
2.11	0.13	0.87	5	0.56 (0.56)	0.08 (0.08)	0.28 (0.28)	5	
38.93	0.14	16.36	4	4.59 (117.32)	0.12 (0.12)	2.21 (25.23)	5	
970.03	3.55	445.05	4	37.49 (565.49)	1.41 (1.41)	19.25 (128.50)	5	
1690.48	2.45	575.11	3	7.61 (183.79)	1.28 (1.28)	3.40 (52.95)	5	
696.55	2.81	263.96	4	15.84 (15.84)	0.83 (0.83)	9.49 (9.49)	4	
64.97	1.69	19.61	5	5.15 (5.15)	0.48 (0.48)	2.11 (2.11)	5	
!	!	!	0	! (1062.73)	! (248.99)	! (655.86)	2	
1710.40	53.66	1027.22	3	68.96 (68.96)	7.91 (7.91)	45.41 (45.41)	3	
327.94	327.94	327.94	1	40.17 (40.17)	40.17 (40.17)	40.17 (40.17)	1	
!	!	!	0	! (!)	! (!)	! (!)	0	
