0.00	0.00	0.00	5	0.00 (0.00)	0.00 (0.00)	0.00 (0.00)	5	
0.00	0.00	0.00	5	0.02 (0.02)	0.00 (0.00)	0.01 (0.01)	5	
0.00	0.00	0.00	5	0.02 (0.02)	0.00 (0.00)	0.01 (0.01)	5	
0.02	0.00	0.00	5	0.02 (0.02)	0.00 (0.00)	0.00 (0.00)	5	
0.02	0.00	0.01	5	0.00 (0.00)	0.00 (0.00)	0.00 (0.00)	5	
0.03	0.00	0.02	5	0.02 (0.02)	0.02 (0.02)	0.02 (0.02)	5	
0.41	0.02	0.12	5	0.20 (0.20)	0.02 (0.02)	0.06 (0.06)	5	
0.20	0.03	0.12	5	0.06 (0.06)	0.02 (0.02)	0.04 (0.04)	5	
0.55	0.19	0.36	4	0.28 (0.28)	0.05 (0.05)	0.12 (0.15)	5	
0.58	0.13	0.25	4	0.09 (0.41)	0.06 (0.06)	0.07 (0.14)	5	
0.67	0.03	0.23	5	0.33 (0.33)	0.03 (0.03)	0.12 (0.12)	5	
0.03	0.03	0.03	1	0.03 (0.34)	0.03 (0.03)	0.03 (0.19)	2	
0.66	0.41	0.53	2	0.33 (0.33)	0.22 (0.22)	0.27 (0.27)	2	
0.30	0.30	0.30	1	0.14 (0.14)	0.14 (0.14)	0.14 (0.14)	1	
!	!	!	0	! (0.38)	! (0.38)	! (0.38)	1	
0.19	0.19	0.19	1	0.13 (0.44)	0.13 (0.13)	0.13 (0.28)	2	
!	!	!	0	! (!)	! (!)	! (!)	0	
!	!	!	0	! (!)	! (!)	! (!)	0	
!	!	!	0	! (!)	! (!)	! (!)	0	
!	!	!	0	! (!)	! (!)	! (!)	0	
