10	2496	2466	27	1	0.0	1->3->9->2->10->7->6->4->5->8
20	10970	10921	71	2	0.04185032844543457	1->3->13->9->2->6->7->10->16->14->18->8->19->12->20->4->15->5->11->17
30	27120	27069	137	2	0.09943723678588867	1->3->13->9->2->6->7->10->16->14->18->8->19->22->12->30->24->20->4->28->23->15->5->27->21->11->26->25->17->29
40	43528	43462	32867	4	17.977235794067383	1->38->13->9->2->6->7->3->36->16->14->10->8->32->18->33->22->12->19->24->31->30->20->34->4->28->5->11->21->23->39->27->26->15->37->25->17->35->40->29
10	2496	2450	33	1	0.0	1->3->9->2->10->7->6->4->5->8
20	10970	10887	73	2	0.04687690734863281	1->3->13->9->2->6->7->18->16->14->10->8->19->12->20->4->15->5->11->17
30	27120	27034	140	2	0.09375452995300293	1->3->13->9->2->6->7->10->16->14->18->8->19->22->12->30->24->20->4->28->23->15->5->27->21->11->26->25->17->29
10	3073	3055	38	2	0.0	6->7->4->3->5->10->9->8->2->1
20	10682	10609	167	4	0.031250715255737305	1->12->4->6->5->3->13->19->9->16->10->8->2->15->20->7->18->14->11->17
30	21014	20913	7402	4	1.218813419342041	6->26->27->5->12->4->29->3->13->19->21->9->16->10->8->28->2->20->7->15->14->22->18->24->1->17->30->23->11->25
40	35436	35245	26965	6	10.797441005706787	6->26->27->5->37->12->4->29->21->13->19->9->35->34->3->39->16->28->10->8->20->2->36->31->15->1->30->24->14->7->22->17->38->23->18->11->25->33->40->32
50	59662	59481	1342	8	0.5000183582305908	6->26->27->5->37->12->4->29->44->13->34->19->9->35->21->3->39->16->28->10->41->20->8->36->31->14->2->48->15->24->7->1->22->17->30->38->43->45->23->18->47->25->42->33->40->11->32->46->50->49
60	95961	95731	33306	16	23.563731908798218	6->26->27->5->37->12->4->29->44->13->34->19->9->35->21->3->39->16->28->10->41->20->8->36->31->14->2->48->15->24->7->57->1->22->30->38->23->54->45->17->43->47->25->33->53->40->42->51->18->32->11->55->46->50->58->56->59->60->49->52
70	128124	127873	7923	16	5.047138929367065	6->26->27->5->37->12->4->29->44->13->34->19->9->35->10->64->39->21->28->3->41->16->63->20->66->36->31->8->14->2->48->24->62->57->15->70->7->1->22->30->45->54->17->43->47->25->33->40->68->53->38->42->32->23->55->69->51->46->50->18->11->58->61->65->56->59->60->49->52->67
10	3073	3044	38	2	0.0	6->7->4->3->5->10->9->8->2->1
20	10682	10561	1312	4	0.18750834465026855	1->12->4->6->3->5->13->19->9->16->10->8->2->7->20->15->18->14->11->17
30	21014	20837	17684	4	4.449441194534302	6->26->27->5->12->4->29->3->13->19->21->9->16->10->8->28->2->20->15->7->14->22->18->24->1->17->30->23->11->25
40	35436	35152	107026	6	140.41177415847778	6->26->27->5->37->12->4->29->21->34->19->13->9->35->3->39->16->28->10->8->20->2->36->31->14->7->15->1->24->22->30->17->38->23->18->11->25->33->40->32
10	3392	3368	20	1	0.0	1->3->4->6->2->7->10->8->9->5
20	10972	10940	143	2	0.0468752384185791	1->3->4->6->15->11->2->7->10->12->13->8->16->9->18->5->17->19->20->14
30	20333	20107	467	4	0.250014066696167	1->23->3->29->4->6->28->18->2->7->11->13->24->12->10->21->9->26->8->5->22->19->17->16->15->27->20->14->25->30
40	37046	36760	495	4	0.4218943119049072	1->23->3->29->4->6->40->37->34->2->7->11->39->28->12->24->13->38->10->9->26->21->5->8->17->19->16->22->35->18->15->31->20->14->27->25->30->32->33->36
50	53835	53514	203192	8	429.3761520385742	1->23->3->29->4->6->40->37->46->11->2->7->28->39->13->24->12->38->47->10->9->26->21->5->8->17->19->43->16->34->35->48->45->44->31->20->41->14->50->22->25->42->18->27->49->30->15->32->33->36
60	81154	80873	49067	8	37.270302534103394	1->23->3->29->4->6->40->37->46->11->2->7->28->39->13->24->12->38->47->53->59->9->26->10->5->21->17->19->43->51->8->35->16->48->45->31->22->41->20->56->34->14->25->44->54->50->49->52->30->42->32->18->15->27->33->58->57->55->60->36
70	114187	113914	399566	8	2149.684314966202	1->23->3->29->4->6->40->37->46->11->2->7->28->39->13->24->12->38->47->53->59->9->26->10->5->21->62->19->43->17->51->35->16->48->8->31->20->34->41->67->56->45->14->25->54->69->49->70->30->52->32->44->50->63->22->61->66->42->15->18->68->27->33->65->58->57->55->60->36->64
10	1587	1585	32	2	0.01562666893005371	1->3->2->4->5->8->10->7->6->9
20	6347	6305	60	2	0.0312497615814209	1->3->2->4->5->8->10->7->12->16->14->17->19->6->11->9->13->20->15->18
30	18878	18776	493	2	0.2656362056732178	1->3->4->2->5->8->10->24->12->16->14->30->7->19->6->23->29->9->17->22->20->15->13->28->11->21->18->25->27->26
40	33110	32947	3202	1	3.1737253665924072	1->3->4->2->5->24->33->10->8->12->16->14->30->36->19->23->6->29->7->9->34->17->13->15->20->28->40->21->22->38->11->39->31->18->25->35->37->27->26->32
50	49651	49475	17219	2	13.538030624389648	1->3->2->5->43->4->8->33->10->24->12->16->14->49->30->47->19->6->23->29->34->9->36->42->13->15->20->28->45->50->7->17->38->21->39->40->22->31->11->25->44->46->35->18->37->27->48->26->32->41
60	71448	71277	2443	2	4.02550196647644	1->3->4->2->5->43->24->33->10->8->12->7->47->14->49->30->19->36->6->29->23->9->34->52->28->15->20->13->45->53->50->42->54->59->38->51->39->60->16->17->21->40->25->55->22->35->31->11->44->46->18->37->27->58->48->26->57->32->56->41
70	102713	102525	4374	4	9.406742095947266	1->3->4->2->5->43->24->33->10->8->12->7->47->14->49->30->19->36->6->29->23->68->9->34->52->13->15->20->45->42->53->50->67->54->16->38->28->39->60->59->61->51->17->21->25->40->66->35->55->62->64->22->31->11->46->44->37->18->27->58->48->26->57->32->56->41->63->70->65->69
80	133711	133503	45370	8	60.93541216850281	1->3->2->5->43->4->8->33->10->72->24->12->36->47->14->49->30->19->79->6->23->29->9->68->34->52->45->13->15->20->42->53->74->50->67->54->16->38->28->39->60->59->61->7->78->51->25->17->21->80->35->62->40->66->55->64->22->71->31->77->37->11->46->44->18->27->58->48->26->57->32->56->41->63->73->70->76->65->69->75
10	2274	2244	24	1	0.0	9->1->2->5->4->8->7->3->10->6
20	10825	10775	135	6	0.031250715255737305	9->1->2->5->4->20->13->8->15->7->14->6->19->11->18->10->3->17->12->16
30	26100	26038	667	12	0.17188429832458496	9->1->2->5->29->20->8->24->13->15->23->7->14->6->22->27->19->11->25->18->10->12->3->21->4->17->16->30->28->26
40	40368	40224	1732	24	2.1719911098480225	1->2->9->5->40->20->29->13->24->39->8->23->19->14->6->22->27->7->15->37->32->34->35->11->12->18->21->25->10->38->4->33->3->36->31->17->16->30->28->26
50	56075	55846	185461	48	403.9499144554138	9->1->2->5->46->40->20->8->24->13->39->29->7->50->14->6->22->23->45->15->37->27->32->49->43->44->35->34->41->12->21->42->48->19->11->33->25->18->36->10->31->38->16->4->30->3->47->17->28->26
10	2496	2466	27	1	0.0156252384185791	1->3->9->2->10->7->6->4->5->8
20	10970	10921	71	2	0.04687762260437012	1->3->13->9->2->6->7->10->16->14->18->8->19->12->20->4->15->5->11->17
30	27120	27069	137	2	0.09375500679016113	1->3->13->9->2->6->7->10->16->14->18->8->19->22->12->30->24->20->4->28->23->15->5->27->21->11->26->25->17->29
40	43528	43462	32867	4	18.369098901748657	1->38->13->9->2->6->7->3->36->16->14->10->8->32->18->33->22->12->19->24->31->30->20->34->4->28->5->11->21->23->39->27->26->15->37->25->17->35->40->29
10	2274	2244	24	1	0.015625	9->1->2->5->4->8->7->3->10->6
20	10825	10775	135	6	0.046877384185791016	9->1->2->5->4->20->13->8->15->7->14->6->19->11->18->10->3->17->12->16
30	26100	26038	667	12	0.34377455711364746	9->1->2->5->29->20->8->24->13->15->23->7->14->6->22->27->19->11->25->18->10->12->3->21->4->17->16->30->28->26
40	40368	40224	1732	24	3.10953426361084	1->2->9->5->40->20->29->13->24->39->8->23->19->14->6->22->27->7->15->37->32->34->35->11->12->18->21->25->10->38->4->33->3->36->31->17->16->30->28->26
10	2521	2446	27	1	0.0	1->4->6->7->3->5->10->9->8->2
20	8326	8192	197	1	0.03125286102294922	4->12->6->14->7->11->5->10->3->16->15->20->8->9->1->19->18->2->13->17
30	19368	19071	834	1	0.2812635898590088	4->12->23->14->6->7->11->3->5->10->16->20->15->8->25->9->19->24->1->22->28->29->26->27->13->21->17->18->30->2
40	42258	42068	1371	6	0.5781543254852295	4->12->23->14->6->7->11->3->37->10->15->20->25->8->16->38->5->35->9->31->22->28->21->26->27->29->13->19->39->17->33->24->1->18->30->32->2->40->36->34
50	64824	64591	4859	4	2.334223508834839	4->12->23->14->6->7->11->3->37->10->15->20->25->8->16->38->5->50->19->45->35->22->31->28->46->26->27->49->29->21->39->42->13->17->33->9->41->32->24->1->18->47->30->2->40->43->48->44->36->34
10	2963	2931	19	1	0.0	1->7->4->2->3->5->10->9->6->8
20	11671	11573	145	4	0.06250452995300293	1->7->4->19->2->18->5->16->10->9->12->3->6->14->8->17->11->15->13->20
30	23345	23154	973	4	1.1875622272491455	1->7->4->19->2->18->3->10->16->9->22->12->5->27->6->14->24->8->17->11->26->23->30->25->15->13->21->28->20->29
40	37852	37690	1397	2	0.9375498294830322	1->7->4->19->2->18->40->32->31->16->9->22->10->12->3->27->6->14->8->36->24->26->39->11->33->23->30->17->5->37->25->15->38->13->21->28->20->29->35->34
50	57120	56957	10422	2	7.034338474273682	1->7->19->4->2->18->40->32->31->42->16->10->22->45->12->9->27->49->3->8->14->36->24->26->11->39->33->23->30->17->5->37->6->15->44->25->38->43->13->21->46->48->47->28->20->50->29->35->34->41
60	81033	80842	99377	2	126.80552625656128	1->7->19->4->2->18->40->32->31->42->16->45->60->22->10->12->9->27->49->14->57->8->36->17->11->26->39->33->23->30->24->5->37->59->44->3->15->51->6->43->25->21->56->13->48->47->38->28->58->20->46->50->53->29->35->54->55->34->52->41
10	3312	3264	26	1	0.0	1->5->2->10->3->9->7->4->6->8
20	10811	10723	115	1	0.015625476837158203	1->5->2->10->3->19->12->9->18->20->4->15->16->17->13->7->6->11->8->14
30	21045	20955	1140	2	1.312570333480835	21->5->1->10->3->30->19->12->9->20->4->18->22->15->16->29->13->24->7->25->28->11->27->8->17->26->2->6->23->14
40	32824	32719	4175	12	1.0469295978546143	1->5->21->32->10->33->30->37->38->19->9->12->18->4->20->22->40->15->16->29->13->36->25->24->28->11->3->8->7->27->17->34->26->31->6->23->2->35->14->39
10	3228	3193	25	1	0.0	1->7->9->6->5->4->3->10->2->8
20	12245	12166	74	2	0.015627622604370117	1->7->18->6->5->14->11->4->10->12->16->9->3->13->17->2->8->19->15->20
30	27362	27220	129	4	0.0625004768371582	1->7->9->18->6->5->11->14->10->27->16->4->12->21->22->26->25->3->17->8->19->23->15->24->13->30->2->28->20->29
40	44445	44232	482	16	0.18750905990600586	1->7->37->18->6->5->32->34->11->14->10->27->16->33->4->12->38->21->26->22->25->39->8->19->40->15->24->9->3->36->17->23->30->13->35->28->2->20->29->31
10	3300	3246	19	1	0.0	2->3->1->10->4->6->5->9->7->8
20	12553	12485	70	2	0.03125286102294922	1->2->3->10->4->12->20->6->9->11->13->15->5->14->18->17->7->8->16->19
30	24629	24536	182	2	0.125	1->2->3->10->22->4->12->30->20->9->11->25->13->15->14->18->6->23->26->5->8->28->29->21->24->17->16->7->19->27
40	38199	38075	2314	4	1.0904121398925781	1->3->40->2->10->22->37->4->38->12->9->11->39->36->25->30->33->20->13->18->6->23->26->15->8->28->24->21->32->29->16->34->14->19->5->17->7->27->31->35
50	58976	58834	13716	8	12.09133791923523	1->3->40->2->10->22->37->4->48->30->46->9->36->49->39->25->42->43->11->33->38->6->18->20->23->12->47->13->8->28->29->21->32->26->34->24->19->16->15->5->14->17->41->27->7->44->31->35->45->50
60	79094	78965	46784	32	72.0172975063324	1->3->40->2->10->22->37->4->48->38->46->9->53->49->39->36->42->43->25->11->33->30->52->12->18->59->23->47->20->8->28->54->58->21->56->32->51->16->57->29->19->6->55->13->26->24->41->27->60->34->44->15->5->31->35->14->17->7->45->50
70	111382	111309	4075	256	4.204330921173096	1->3->40->2->10->22->37->4->48->30->46->9->53->49->39->36->42->43->25->11->33->38->52->12->18->59->23->66->54->47->8->28->68->58->21->32->56->62->20->16->57->19->51->55->29->65->61->6->41->13->60->27->44->64->70->26->31->35->24->34->15->5->14->17->7->63->45->69->50->67
10	1587	1585	32	2	0.01562952995300293	1->3->2->4->5->8->10->7->6->9
20	6347	6305	60	2	0.04688715934753418	1->3->2->4->5->8->10->7->12->16->14->17->19->6->11->9->13->20->15->18
30	18878	18776	493	2	0.4083595275878906	1->3->4->2->5->8->10->24->12->16->14->30->7->19->6->23->29->9->17->22->20->15->13->28->11->21->18->25->27->26
10	1587	1585	32	2	0.01562356948852539	1->3->2->4->5->8->10->7->6->9
20	6347	6305	60	2	0.03125262260437012	1->3->2->4->5->8->10->7->12->16->14->17->19->6->11->9->13->20->15->18
30	18878	18776	493	2	0.2656416893005371	1->3->4->2->5->8->10->24->12->16->14->30->7->19->6->23->29->9->17->22->20->15->13->28->11->21->18->25->27->26
40	33110	32947	3202	1	3.3204240798950195	1->3->4->2->5->24->33->10->8->12->16->14->30->36->19->23->6->29->7->9->34->17->13->15->20->28->40->21->22->38->11->39->31->18->25->35->37->27->26->32
50	49651	49475	17219	2	13.5566885471344	1->3->2->5->43->4->8->33->10->24->12->16->14->49->30->47->19->6->23->29->34->9->36->42->13->15->20->28->45->50->7->17->38->21->39->40->22->31->11->25->44->46->35->18->37->27->48->26->32->41
60	71448	71277	2443	2	4.047471046447754	1->3->4->2->5->43->24->33->10->8->12->7->47->14->49->30->19->36->6->29->23->9->34->52->28->15->20->13->45->53->50->42->54->59->38->51->39->60->16->17->21->40->25->55->22->35->31->11->44->46->18->37->27->58->48->26->57->32->56->41
70	102713	102525	4374	4	9.068347692489624	1->3->4->2->5->43->24->33->10->8->12->7->47->14->49->30->19->36->6->29->23->68->9->34->52->13->15->20->45->42->53->50->67->54->16->38->28->39->60->59->61->51->17->21->25->40->66->35->55->62->64->22->31->11->46->44->37->18->27->58->48->26->57->32->56->41->63->70->65->69
80	133711	133503	45370	8	61.98445725440979	1->3->2->5->43->4->8->33->10->72->24->12->36->47->14->49->30->19->79->6->23->29->9->68->34->52->45->13->15->20->42->53->74->50->67->54->16->38->28->39->60->59->61->7->78->51->25->17->21->80->35->62->40->66->55->64->22->71->31->77->37->11->46->44->18->27->58->48->26->57->32->56->41->63->73->70->76->65->69->75
10	1587	1585	32	2	0.015626192092895508	1->3->2->4->5->8->10->7->6->9
20	6347	6305	60	2	0.0468754768371582	1->3->2->4->5->8->10->7->12->16->14->17->19->6->11->9->13->20->15->18
30	18878	18776	508	2	0.43752098083496094	1->3->2->4->5->8->10->24->12->16->14->30->7->19->6->23->29->9->17->22->20->15->13->28->11->21->18->25->27->26
40	33110	32947	3083	1	10.031771659851074	1->3->4->2->5->24->33->10->8->12->16->14->30->36->19->23->6->29->7->9->34->17->13->15->20->28->40->21->22->38->11->39->31->18->25->35->37->27->26->32
50	49651	49475	17498	2	89.38454794883728	1->3->2->5->43->4->8->33->10->24->12->16->14->49->30->47->19->6->23->29->34->9->36->42->13->15->20->28->45->50->7->17->38->21->39->40->22->31->11->25->46->44->35->18->37->27->48->26->32->41
60	71448	71277	2489	2	6.500346899032593	1->3->4->2->5->43->24->33->10->8->12->7->47->14->49->30->19->36->6->29->23->9->34->52->28->15->20->13->45->53->50->42->54->59->38->51->39->60->16->17->21->40->25->55->22->35->31->11->44->46->18->37->27->58->48->26->57->32->56->41
70	102713	102525	4511	4	16.424617767333984	1->3->4->2->5->43->24->33->10->8->12->7->47->14->49->30->19->36->6->29->23->68->9->34->52->13->15->20->45->42->53->50->67->54->16->38->28->39->60->59->61->51->17->21->25->40->66->35->55->62->64->22->31->11->46->44->37->18->27->58->48->26->57->32->56->41->63->70->65->69
80	133711	133503	47038	8	320.5797710418701	1->3->2->5->43->4->8->33->10->72->24->12->36->47->14->49->30->19->79->6->23->29->9->68->34->52->45->13->15->20->42->53->74->50->67->54->16->38->28->39->60->59->61->7->78->51->25->17->21->80->35->62->40->66->55->64->22->71->31->77->37->11->46->44->18->27->58->48->26->57->32->56->41->63->73->70->76->65->69->75
10	1587	1585	32	2	0.006006956100463867	1->3->2->4->5->8->10->7->6->9
20	6347	6305	60	2	0.046027183532714844	1->3->2->4->5->8->10->7->12->16->14->17->19->6->11->9->13->20->15->18
30	18878	18776	508	2	0.48032045364379883	1->3->2->4->5->8->10->24->12->16->14->30->7->19->6->23->29->9->17->22->20->15->13->28->11->21->18->25->27->26
40	33110	32947	3083	1	7.422956228256226	1->3->4->2->5->24->33->10->8->12->16->14->30->36->19->23->6->29->7->9->34->17->13->15->20->28->40->21->22->38->11->39->31->18->25->35->37->27->26->32
50	49651	49475	17498	2	78.75416660308838	1->3->2->5->43->4->8->33->10->24->12->16->14->49->30->47->19->6->23->29->34->9->36->42->13->15->20->28->45->50->7->17->38->21->39->40->22->31->11->25->46->44->35->18->37->27->48->26->32->41
60	71448	71277	2489	2	6.453462600708008	1->3->4->2->5->43->24->33->10->8->12->7->47->14->49->30->19->36->6->29->23->9->34->52->28->15->20->13->45->53->50->42->54->59->38->51->39->60->16->17->21->40->25->55->22->35->31->11->44->46->18->37->27->58->48->26->57->32->56->41
70	102713	102525	4511	4	15.938324451446533	1->3->4->2->5->43->24->33->10->8->12->7->47->14->49->30->19->36->6->29->23->68->9->34->52->13->15->20->45->42->53->50->67->54->16->38->28->39->60->59->61->51->17->21->25->40->66->35->55->62->64->22->31->11->46->44->37->18->27->58->48->26->57->32->56->41->63->70->65->69
10	1587	1585	37	2	0.0	1->3->4->2->5->8->10->7->6->9
20	6347	6305	63	2	0.04687356948852539	1->3->2->4->5->8->10->7->12->16->14->17->19->6->11->9->13->20->15->18
30	18878	18776	510	2	0.40626001358032227	1->3->4->2->5->8->10->24->12->16->14->30->7->19->6->23->29->9->17->22->20->15->13->28->11->21->18->25->27->26
40	33110	32947	3165	1	6.265944242477417	1->3->4->2->5->24->33->10->8->12->16->14->30->36->19->23->6->29->7->9->34->17->13->15->20->28->40->21->22->38->11->39->31->18->25->35->37->27->26->32
50	49651	49475	18320	2	68.08168649673462	1->3->2->5->43->4->8->33->10->24->12->16->14->49->30->47->19->6->23->29->34->9->36->42->13->15->20->28->45->50->7->17->38->21->39->40->22->31->11->25->44->46->35->18->37->27->48->26->32->41
60	71448	71277	2495	2	6.531584024429321	1->3->4->2->5->43->24->33->10->8->12->7->47->14->49->30->19->36->6->29->23->9->34->52->28->15->20->13->45->53->50->42->54->59->38->51->39->60->16->17->21->40->25->55->22->35->31->11->46->44->18->37->27->58->48->26->57->32->56->41
70	102713	102525	4547	4	15.953954696655273	1->3->4->2->5->43->24->33->10->8->12->7->47->14->49->30->19->36->6->29->23->68->9->34->52->13->15->20->45->42->53->50->67->54->16->38->28->39->60->59->61->51->17->21->25->66->40->35->55->62->64->22->31->11->44->46->37->18->27->58->48->26->57->32->56->41->63->70->65->69
80	133711	133503	47084	8	255.5620219707489	1->3->2->5->43->4->8->33->10->72->24->12->36->47->14->49->30->19->79->6->23->29->9->68->34->52->45->13->15->20->42->53->74->50->67->54->16->38->28->39->60->59->61->7->78->51->25->17->21->80->35->62->40->66->55->64->22->71->31->77->37->11->44->46->18->27->58->48->26->57->32->56->41->63->73->70->76->65->69->75
5	392	389	9	1	0.0010006427764892578	1->2->3->5->4
15	2958	2938	41	1	0.007004976272583008	1->2->3->5->6->7->8->9->10->11->13->12->15->14->4
5	392	389	9	1	0.0	1->2->3->5->4
6	528	518	13	1	0.001001119613647461	1->2->3->5->6->4
7	692	682	17	1	0.0010001659393310547	1->2->3->5->6->7->4
8	891	881	20	1	0.0010008811950683594	1->2->3->5->6->7->8->4
9	1146	1135	22	1	0.0020012855529785156	1->2->3->5->6->7->8->9->4
10	1370	1358	27	1	0.004001140594482422	1->2->3->5->6->7->8->9->10->4
11	1654	1641	30	1	0.004002809524536133	1->2->3->5->6->7->8->9->10->11->4
12	1975	1961	34	1	0.00400233268737793	1->2->3->5->6->7->8->9->10->11->12->4
13	2250	2235	35	1	0.006003618240356445	1->2->3->5->6->7->8->9->10->11->13->12->4
14	2628	2612	37	1	0.007004499435424805	1->2->3->5->6->7->8->9->10->11->13->12->14->4
15	2958	2938	41	1	0.008005142211914062	1->2->3->5->6->7->8->9->10->11->13->12->15->14->4
16	3404	3377	45	2	0.008004903793334961	1->2->3->5->6->7->8->9->10->11->13->12->15->14->4->16
17	3839	3811	47	2	0.010006904602050781	1->2->3->5->6->7->8->9->10->11->13->12->15->14->17->16->4
18	4303	4274	49	2	0.013008594512939453	1->2->3->5->6->7->8->9->10->11->13->12->15->14->17->18->4->16
19	4727	4688	68	2	0.02001333236694336	1->2->3->5->6->7->8->9->10->11->13->12->15->14->17->18->19->16->4
5	392	389	9	1	0.0010008811950683594	1->2->3->5->4
5	392	389	5	0	0.0	5	392	389	5	0	0.0	5	392	389	5	0	0.0	5	392	389	5	0	0.0010004043579101562	5	392	1471.5	5	0	0.0	5	392	1782.5	5	0	0.0	5	392	1782.5	5	0	0.0	5	813	1782.5	11	1	0.0010004043579101562	1->2->5->3->4
5	813	1782.5	11	1	0.0	1->2->5->3->4
5	813	1782.5	11	1	0.0010006427764892578	1->2->5->3->4
5	813	1782.5	11	1	0.0	1->2->5->3->4
5	813	1782.5	11	1	0.0010018348693847656	1->2->5->3->4
5	813	1782.5	11	1	0.0010004043579101562	1->2->5->3->4
5	2194	2032.5	5	0	0.0	5	2194	2032.5	5	0	0.0	5	2194	2032.5	5	0	0.0	5	2194	2032.5	5	0	0.0	5	2194	2032.5	5	0	0.0	5	2194	2032.5	5	0	0.0	5	2194	2899.434210526316	5	0	0.0	5	2194	2032.5	5	0	0.0	5	2194	2044.5	5	0	0.0	5	2194	2044.5	5	0	0.0	5	2194	2044.5	5	0	0.0	5	2194	2044.5	5	0	0.0	5	2194	2044.5	5	0	0.0	5	2194	2044.5	5	0	0.0	5	2194	2044.5	5	0	0.0	5	2194	2044.5	5	0	0.0	5	2194	2044.5	5	0	0.0009999275207519531	5	2194	2044.5
6	0	0.0	6	4122	3647.3571428571427	13	1	0.0010008811950683594	1->3->5->6->2->4
7	5644	5475.785714285714	19	1	0.004002809524536133	1->2->3->5->6->7->4
8	6519	6346.5	22	1	0.007005214691162109	1->2->3->5->6->7->8->4
9	9136	8649.357142857143	25	1	0.010006904602050781	1->2->3->5->6->7->9->8->4
10	10900	10360.166666666666	32	1	0.012007713317871094	1->2->3->5->6->7->9->10->8->4
11	15078	14371.95238095238	46	1	0.019012451171875	1->2->3->5->6->7->9->10->11->8->4
12	19018	18664.45238095238	57	1	0.025016307830810547	1->2->3->5->6->7->8->9->10->11->12->4
13	19614	19257.309523809523	62	1	0.029019832611083984	1->2->3->5->6->7->8->9->10->11->12->13->4
14	22364	21978.309523809523	59	1	0.03402256965637207	1->2->3->5->6->7->8->9->10->11->12->14->13->4
15	25476	24976.02380952381	69	1	0.04402971267700195	1->2->3->5->6->7->8->9->10->11->12->15->14->13->4
16	31914	31380.52380952381	78	1	0.06103992462158203	1->2->3->5->6->7->8->9->10->11->12->15->16->14->13->4
17	33673	33109.380952380954	90	1	0.09406232833862305	1->2->3->5->6->7->8->9->10->11->12->15->16->14->17->13->4
18	34612	34044.23809523809	94	1	0.1000666618347168	1->2->3->5->6->7->8->9->10->11->12->15->16->14->17->13->18->4
19	42268	41192.0	113	1	0.12508296966552734	1->2->3->5->6->7->8->9->10->11->12->16->15->17->13->19->14->18->4
20	45467	44408.35714285714	144	1	0.14209532737731934	1->2->3->5->6->7->8->9->10->11->12->16->15->13->17->19->20->14->18->4
21	45952	44885.78571428571	158	2	0.17241454124450684	1->2->3->5->6->7->8->9->10->11->12->16->15->13->17->19->20->14->21->18->4
22	49391	48198.21428571428	162	2	0.19212841987609863	1->2->3->5->6->7->8->9->10->11->12->16->15->13->17->19->20->14->22->21->18->4
23	51611	50388.35714285714	188	2	0.30315256118774414	1->2->3->5->6->7->8->9->10->11->12->16->15->13->17->19->20->14->22->23->21->18->4
24	60735	58843.34821428571	207	1	0.35384654998779297	1->2->3->5->6->7->8->9->10->11->12->16->15->13->17->19->20->18->24->14->22->23->21->4
25	63813	61747.5863095238	256	1	0.46025609970092773	1->2->3->5->6->7->8->9->10->11->12->16->15->13->17->19->20->18->24->25->14->22->23->21->4
26	64489	62404.44345238095	448	1	0.8545706272125244	1->2->3->5->6->7->8->9->10->11->12->16->15->13->17->19->20->18->24->25->14->22->23->21->26->4
27	69879	67732.15773809524	501	1	0.9912347793579102	1->2->3->5->6->7->8->9->10->11->12->16->15->13->17->19->20->18->24->25->27->14->22->23->21->26->4
28	71173	68971.30059523809	699	1	1.50836181640625	1->2->3->5->6->7->8->9->10->11->12->16->15->13->17->19->20->18->24->25->27->14->22->23->28->21->26->4
29	74345	71922.5074917898	1010	1	2.4866600036621094	1->2->3->5->6->7->8->9->10->11->12->16->15->13->17->19->20->18->24->25->27->14->22->29->23->28->21->26->4
30	74345	71922.5074917898	1019	1	2.6892948150634766	1->2->3->5->6->7->8->9->10->11->12->16->15->13->17->19->20->18->24->25->27->14->22->29->23->28->21->26->4->30
31	75059	72586.93606321838	1074	1	3.123642683029175	1->3->2->5->6->7->8->9->10->11->12->16->15->13->17->19->20->18->24->25->27->14->22->29->23->28->31->21->26->4->30
32	83922	81149.59493021344	2212	1	6.649031162261963	1->2->3->5->6->7->8->9->10->11->12->16->15->13->17->19->20->18->24->25->27->22->32->14->29->23->28->31->21->26->4->30
6	4122	3647.3571428571427	13	1	0.002000570297241211	1->3->5->6->2->4
7	5644	5475.785714285714	19	1	0.0020017623901367188	1->2->3->5->6->7->4
8	6519	6346.5	22	1	0.00900578498840332	1->2->3->5->6->7->8->4
9	9136	8649.357142857143	25	1	0.011007547378540039	1->2->3->5->6->7->9->8->4
10	10900	10360.166666666666	32	1	0.012008190155029297	1->2->3->5->6->7->9->10->8->4
11	15078	14371.95238095238	46	1	0.019013166427612305	1->2->3->5->6->7->9->10->11->8->4
12	19018	18664.45238095238	57	1	0.05904030799865723	1->2->3->5->6->7->8->9->10->11->12->4
13	19614	19257.309523809523	62	1	0.03001999855041504	1->2->3->5->6->7->8->9->10->11->12->13->4
14	22364	21978.309523809523	59	1	0.04302859306335449	1->2->3->5->6->7->8->9->10->11->12->14->13->4
15	25476	24976.02380952381	69	1	0.04903292655944824	1->2->3->5->6->7->8->9->10->11->12->15->14->13->4
16	31914	31380.52380952381	78	1	0.07505035400390625	1->2->3->5->6->7->8->9->10->11->12->15->16->14->13->4
17	33673	33109.380952380954	90	1	0.09906578063964844	1->2->3->5->6->7->8->9->10->11->12->15->16->14->17->13->4
18	34612	34044.23809523809	94	1	0.11607718467712402	1->2->3->5->6->7->8->9->10->11->12->15->16->14->17->13->18->4
19	42268	41192.0	113	1	0.12908601760864258	1->2->3->5->6->7->8->9->10->11->12->16->15->17->13->19->14->18->4
20	45467	44408.35714285714	144	1	0.14319896697998047	1->2->3->5->6->7->8->9->10->11->12->16->15->13->17->19->20->14->18->4
21	45959	44885.78571428571	156	1	0.15910696983337402	1->2->3->5->6->7->8->9->10->11->12->16->15->13->17->19->20->14->18->21->4
22	49398	48198.21428571428	160	1	0.18512272834777832	1->2->3->5->6->7->8->9->10->11->12->16->15->13->17->19->20->14->22->18->21->4
23	51618	50388.35714285714	186	1	0.30620455741882324	1->2->3->5->6->7->8->9->10->11->12->16->15->13->17->19->20->14->22->23->18->21->4
24	60735	58843.34821428571	207	1	0.35623812675476074	1->2->3->5->6->7->8->9->10->11->12->16->15->13->17->19->20->18->24->14->22->23->21->4
25	63813	61747.5863095238	256	1	0.45630335807800293	1->2->3->5->6->7->8->9->10->11->12->16->15->13->17->19->20->18->24->25->14->22->23->21->4
26	64489	62404.44345238095	448	1	0.8135433197021484	1->2->3->5->6->7->8->9->10->11->12->16->15->13->17->19->20->18->24->25->14->22->23->21->26->4
27	69879	67732.15773809524	501	1	0.9736497402191162	1->2->3->5->6->7->8->9->10->11->12->16->15->13->17->19->20->18->24->25->27->14->22->23->21->26->4
28	71173	68971.30059523809	699	1	1.4659788608551025	1->2->3->5->6->7->8->9->10->11->12->16->15->13->17->19->20->18->24->25->27->14->22->23->28->21->26->4
29	74345	71922.5074917898	1010	1	2.4346249103546143	1->2->3->5->6->7->8->9->10->11->12->16->15->13->17->19->20->18->24->25->27->14->22->29->23->28->21->26->4
30	74345	71922.5074917898	1019	1	2.6659510135650635	1->2->3->5->6->7->8->9->10->11->12->16->15->13->17->19->20->18->24->25->27->14->22->29->23->28->21->26->4->30
6	4122	3647.3571428571427	13	1	0.0030052661895751953	1->3->5->6->2->4
7	5644	5475.785714285714	19	1	0.005003452301025391	1->2->3->5->6->7->4
8	6519	6346.5	22	1	0.00800466537475586	1->2->3->5->6->7->8->4
9	9136	8649.357142857143	25	1	0.01000666618347168	1->2->3->5->6->7->9->8->4
10	10900	10360.166666666666	32	1	0.012006521224975586	1->2->3->5->6->7->9->10->8->4
11	15078	14371.95238095238	46	1	0.019011974334716797	1->2->3->5->6->7->9->10->11->8->4
12	19018	18664.45238095238	57	1	0.025016307830810547	1->2->3->5->6->7->8->9->10->11->12->4
13	19614	19257.309523809523	62	1	0.02901911735534668	1->2->3->5->6->7->8->9->10->11->12->13->4
14	22364	21978.309523809523	59	1	0.03402233123779297	1->2->3->5->6->7->8->9->10->11->12->14->13->4
15	25476	24976.02380952381	69	1	0.04903364181518555	1->2->3->5->6->7->8->9->10->11->12->15->14->13->4
16	31914	31380.52380952381	78	1	0.06004047393798828	1->2->3->5->6->7->8->9->10->11->12->15->16->14->13->4
17	33673	33109.380952380954	90	1	0.09106087684631348	1->2->3->5->6->7->8->9->10->11->12->15->16->14->17->13->4
18	34612	34044.23809523809	94	1	0.10506987571716309	1->2->3->5->6->7->8->9->10->11->12->15->16->14->17->13->18->4
19	42268	41192.0	113	1	0.12812423706054688	1->2->3->5->6->7->8->9->10->11->12->16->15->17->13->19->14->18->4
20	45467	44408.35714285714	144	1	0.1450963020324707	1->2->3->5->6->7->8->9->10->11->12->16->15->13->17->19->20->14->18->4
21	45959	44885.78571428571	156	1	0.1641092300415039	1->2->3->5->6->7->8->9->10->11->12->16->15->13->17->19->20->14->18->21->4
22	49398	48198.21428571428	160	1	0.18412184715270996	1->2->3->5->6->7->8->9->10->11->12->16->15->13->17->19->20->14->22->18->21->4
23	51618	50388.35714285714	186	1	0.3042030334472656	1->2->3->5->6->7->8->9->10->11->12->16->15->13->17->19->20->14->22->23->18->21->4
24	60735	58843.34821428571	207	1	0.3502328395843506	1->2->3->5->6->7->8->9->10->11->12->16->15->13->17->19->20->18->24->14->22->23->21->4
25	63813	61747.5863095238	256	1	0.46030735969543457	1->2->3->5->6->7->8->9->10->11->12->16->15->13->17->19->20->18->24->25->14->22->23->21->4
26	64489	62404.44345238095	448	1	0.81754469871521	1->2->3->5->6->7->8->9->10->11->12->16->15->13->17->19->20->18->24->25->14->22->23->21->26->4
27	69879	67732.15773809524	501	1	0.954636812210083	1->2->3->5->6->7->8->9->10->11->12->16->15->13->17->19->20->18->24->25->27->14->22->23->21->26->4
28	71173	68971.30059523809	699	1	1.4779846668243408	1->2->3->5->6->7->8->9->10->11->12->16->15->13->17->19->20->18->24->25->27->14->22->23->28->21->26->4
5	2194	2044.5	5	0	0.0	5	2194	2044.5	5	0	0.0	5	2194	2044.5	5	0	0.0010006427764892578	5	2194	2044.5	5	0	0.0	5	2194	2044.5	5	0	0.0	5	2194	2044.5	5	0	0.0010006427764892578	5	2194	2044.5	5	0	0.0	5	2194	2044.5	5	0	0.0	5	2194	2044.5	5	0	0.0	5	2194	2044.5	5	0	0.0	5	2194	2044.5	5	0	0.0	5	2936	3151.4132653061224	5	0	0.0	5	2194	2044.5	5	0	0.0	5	2936	3151.4132653061224	5	0	0.0	5	2194	2044.5	5	0	0.0	5	2661	2940.8010204081634	5	0	0.0	5	2194	2044.5	5	0	0.0	5	2194	2044.5	5	0	0.0	5	2194	2044.5	5	0	0.0	5	2194	2044.5	5	0	0.0	5	2194	2044.5	9	1	0.0010008811950683594	1->2->3->5->4
6	3812	3647.3571428571427	15	1	0.002001523971557617	1->2->3->5->6->4
7	5644	5475.785714285714	20	1	0.004002809524536133	1->2->3->5->6->7->4
8	6519	6346.5	25	1	0.00600433349609375	1->2->3->5->6->7->8->4
9	8894	8649.357142857143	46	1	0.014009237289428711	1->2->3->5->6->7->8->9->4
10	10644	10360.166666666666	59	1	0.02001357078552246	1->2->3->5->6->7->8->9->10->4
11	14693	14371.95238095238	71	1	0.03001999855041504	1->2->3->5->6->7->8->9->10->11->4
12	19018	18664.45238095238	79	1	0.04002714157104492	1->2->3->5->6->7->8->9->10->11->12->4
13	19614	19257.309523809523	85	1	0.05603766441345215	1->2->3->5->6->7->8->9->10->11->12->13->4
14	22344	21978.309523809523	92	1	0.06504321098327637	1->2->3->5->6->7->8->9->10->11->12->13->14->4
15	25456	24976.02380952381	127	1	0.10206794738769531	1->2->3->5->6->7->8->9->10->11->12->15->13->14->4
16	31894	31380.52380952381	133	1	0.11207461357116699	1->2->3->5->6->7->8->9->10->11->12->15->16->13->14->4
17	33627	33109.380952380954	142	1	0.1450965404510498	1->2->3->5->6->7->8->9->10->11->12->15->16->13->14->17->4
18	34566	34044.23809523809	148	1	0.19212794303894043	1->2->3->5->6->7->8->9->10->11->12->15->16->13->14->17->18->4
19	41777	41192.0	226	1	0.22515010833740234	1->2->3->5->6->7->8->9->10->11->12->15->16->14->19->13->17->18->4
20	44996	44408.35714285714	243	1	0.2831895351409912	1->2->3->5->6->7->8->9->10->11->12->15->16->14->19->20->13->17->18->4
21	45476	44885.78571428571	261	1	0.3332226276397705	1->2->3->5->6->7->8->9->10->11->12->15->16->14->19->20->13->17->21->18->4
22	48805	48198.21428571428	304	1	0.4072713851928711	1->2->3->5->6->7->8->9->10->11->12->15->16->14->19->20->13->22->17->21->18->4
23	51005	50388.35714285714	321	1	0.5423622131347656	1->2->3->5->6->7->8->9->10->11->12->15->16->14->19->20->13->22->17->23->21->18->4
24	59599	58843.34821428571	646	1	0.7755169868469238	1->2->3->5->6->7->8->9->10->11->12->15->16->14->19->20->13->22->24->17->23->21->18->4
25	62521	61747.5863095238	857	1	0.9246165752410889	1->2->3->5->6->7->8->9->10->11->12->15->16->14->19->20->13->22->24->25->17->23->21->18->4
26	63184	62404.44345238095	893	1	1.1277530193328857	1->2->3->5->6->7->8->9->10->11->12->15->16->14->19->20->13->22->24->25->17->23->21->18->26->4
27	68523	67732.15773809524	1104	1	1.3178784847259521	1->2->3->5->6->7->8->9->10->11->12->15->16->14->19->20->13->22->24->25->27->17->23->21->18->26->4
28	69767	68971.30059523809	1160	1	1.6130764484405518	1->2->3->5->6->7->8->9->10->11->12->15->16->14->19->20->13->22->24->25->27->17->28->23->21->18->26->4
5	2194	2044.5	9	1	0.0	1->2->3->5->4
6	3812	3647.3571428571427	15	1	0.0010020732879638672	1->2->3->5->6->4
7	5644	5475.785714285714	20	1	0.002000570297241211	1->2->3->5->6->7->4
8	6519	6346.5	25	1	0.0030024051666259766	1->2->3->5->6->7->8->4
9	8894	8649.357142857143	46	1	0.006002902984619141	1->2->3->5->6->7->8->9->4
10	10644	10360.166666666666	59	1	0.00899958610534668	1->2->3->5->6->7->8->9->10->4
11	14693	14371.95238095238	71	1	0.010006427764892578	1->2->3->5->6->7->8->9->10->11->4
12	19018	18664.45238095238	79	1	0.014008045196533203	1->2->3->5->6->7->8->9->10->11->12->4
13	19614	19257.309523809523	85	1	0.017012357711791992	1->2->3->5->6->7->8->9->10->11->12->13->4
14	22344	21978.309523809523	92	1	0.02101302146911621	1->2->3->5->6->7->8->9->10->11->12->13->14->4
15	25456	24976.02380952381	127	1	0.026017189025878906	1->2->3->5->6->7->8->9->10->11->12->15->13->14->4
16	31894	31380.52380952381	133	1	0.031020641326904297	1->2->3->5->6->7->8->9->10->11->12->15->16->13->14->4
17	33627	33109.380952380954	142	1	0.03502368927001953	1->2->3->5->6->7->8->9->10->11->12->15->16->13->14->17->4
18	34566	34044.23809523809	148	1	0.04102659225463867	1->2->3->5->6->7->8->9->10->11->12->15->16->13->14->17->18->4
19	41777	41192.0	226	1	0.05503654479980469	1->2->3->5->6->7->8->9->10->11->12->15->16->14->19->13->17->18->4
20	44996	44408.35714285714	243	1	0.06504321098327637	1->2->3->5->6->7->8->9->10->11->12->15->16->14->19->20->13->17->18->4
21	45476	44885.78571428571	261	1	0.08005332946777344	1->2->3->5->6->7->8->9->10->11->12->15->16->14->19->20->13->17->21->18->4
22	48805	48198.21428571428	304	1	0.08605694770812988	1->2->3->5->6->7->8->9->10->11->12->15->16->14->19->20->13->22->17->21->18->4
23	51005	50388.35714285714	321	1	0.1000666618347168	1->2->3->5->6->7->8->9->10->11->12->15->16->14->19->20->13->22->17->23->21->18->4
24	59599	58843.34821428571	646	1	0.20913910865783691	1->2->3->5->6->7->8->9->10->11->12->15->16->14->19->20->13->22->24->17->23->21->18->4
25	62521	61747.5863095238	857	1	0.2311551570892334	1->2->3->5->6->7->8->9->10->11->12->15->16->14->19->20->13->22->24->25->17->23->21->18->4
26	63184	62404.44345238095	893	1	0.2551705837249756	1->2->3->5->6->7->8->9->10->11->12->15->16->14->19->20->13->22->24->25->17->23->21->18->26->4
5	2194	2044.5	9	1	0.0010004043579101562	1->2->3->5->4
6	3812	3647.3571428571427	15	1	0.0010001659393310547	1->2->3->5->6->4
7	5644	5475.785714285714	20	1	0.0010004043579101562	1->2->3->5->6->7->4
8	6519	6346.5	25	1	0.0020003318786621094	1->2->3->5->6->7->8->4
9	8894	8649.357142857143	46	1	0.0030019283294677734	1->2->3->5->6->7->8->9->4
10	10644	10360.166666666666	59	1	0.004002571105957031	1->2->3->5->6->7->8->9->10->4
11	14693	14371.95238095238	71	1	0.005003690719604492	1->2->3->5->6->7->8->9->10->11->4
12	19018	18664.45238095238	79	1	0.007004737854003906	1->2->3->5->6->7->8->9->10->11->12->4
13	19614	19257.309523809523	85	1	0.008006095886230469	1->2->3->5->6->7->8->9->10->11->12->13->4
14	22344	21978.309523809523	92	1	0.01000666618347168	1->2->3->5->6->7->8->9->10->11->12->13->14->4
15	25456	24976.02380952381	127	1	0.013009071350097656	1->2->3->5->6->7->8->9->10->11->12->15->13->14->4
16	31894	31380.52380952381	133	1	0.014009237289428711	1->2->3->5->6->7->8->9->10->11->12->15->16->13->14->4
17	33627	33109.380952380954	142	1	0.017010927200317383	1->2->3->5->6->7->8->9->10->11->12->15->16->13->14->17->4
18	34566	34044.23809523809	148	1	0.0190122127532959	1->2->3->5->6->7->8->9->10->11->12->15->16->13->14->17->18->4
19	41777	41192.0	226	1	0.02701735496520996	1->2->3->5->6->7->8->9->10->11->12->15->16->14->19->13->17->18->4
20	44996	44408.35714285714	243	1	0.03001999855041504	1->2->3->5->6->7->8->9->10->11->12->15->16->14->19->20->13->17->18->4
21	45476	44885.78571428571	261	1	0.03402280807495117	1->2->3->5->6->7->8->9->10->11->12->15->16->14->19->20->13->17->21->18->4
22	48805	48198.21428571428	304	1	0.03902459144592285	1->2->3->5->6->7->8->9->10->11->12->15->16->14->19->20->13->22->17->21->18->4
23	51005	50388.35714285714	321	1	0.04402947425842285	1->2->3->5->6->7->8->9->10->11->12->15->16->14->19->20->13->22->17->23->21->18->4
24	59599	58843.34821428571	646	1	0.07905173301696777	1->2->3->5->6->7->8->9->10->11->12->15->16->14->19->20->13->22->24->17->23->21->18->4
25	62521	61747.5863095238	857	1	0.10306882858276367	1->2->3->5->6->7->8->9->10->11->12->15->16->14->19->20->13->22->24->25->17->23->21->18->4
26	63184	62404.44345238095	893	1	0.11908078193664551	1->2->3->5->6->7->8->9->10->11->12->15->16->14->19->20->13->22->24->25->17->23->21->18->26->4
27	68523	67732.15773809524	1104	1	0.14209580421447754	1->2->3->5->6->7->8->9->10->11->12->15->16->14->19->20->13->22->24->25->27->17->23->21->18->26->4
28	69767	68971.30059523809	1160	1	0.15910601615905762	1->2->3->5->6->7->8->9->10->11->12->15->16->14->19->20->13->22->24->25->27->17->28->23->21->18->26->4
29	72775	71922.5074917898	1425	1	0.19813251495361328	1->2->3->5->6->7->8->9->10->11->12->15->16->14->19->20->13->22->24->25->27->17->29->28->23->21->18->26->4
30	72775	71922.5074917898	1497	1	0.22014594078063965	1->2->3->5->6->7->8->9->10->11->12->15->16->14->19->20->13->22->24->25->27->17->29->28->23->21->18->26->4->30
31	73442	72586.93606321838	1563	2	0.24416518211364746	1->2->3->5->6->7->8->9->10->11->12->15->16->14->19->20->13->22->24->25->27->17->29->28->23->21->31->18->26->4->30
32	82066	81149.59493021344	2412	1	0.3592398166656494	1->2->3->5->6->7->8->9->10->11->12->15->16->14->19->20->13->22->24->25->27->21->29->32->17->28->23->31->18->26->4->30
33	86542	85614.95453612479	2725	1	0.4142763614654541	1->2->3->5->6->7->8->9->10->11->12->15->16->14->19->20->13->22->24->25->27->21->29->32->33->17->28->23->31->18->26->4->30
34	92026	91032.39295977008	4249	1	0.7034692764282227	1->2->3->5->6->7->8->9->10->11->12->15->16->14->19->20->13->22->24->25->27->21->29->32->33->17->34->28->23->31->18->26->4->30
5	2194	2044.5	9	1	0.0010006427764892578	1->2->3->5->4
6	3812	3647.3571428571427	15	1	0.0010006427764892578	1->2->3->5->6->4
7	5644	5475.785714285714	20	1	0.0010020732879638672	1->2->3->5->6->7->4
8	6519	6346.5	25	1	0.0010008811950683594	1->2->3->5->6->7->8->4
9	8894	8649.357142857143	46	1	0.0030024051666259766	1->2->3->5->6->7->8->9->4
10	10644	10360.166666666666	59	1	0.004002571105957031	1->2->3->5->6->7->8->9->10->4
11	14693	14371.95238095238	71	1	0.004004478454589844	1->2->3->5->6->7->8->9->10->11->4
12	19018	18664.45238095238	79	1	0.006003856658935547	1->2->3->5->6->7->8->9->10->11->12->4
13	19614	19257.309523809523	85	1	0.007004261016845703	1->2->3->5->6->7->8->9->10->11->12->13->4
14	22344	21978.309523809523	92	1	0.008004426956176758	1->2->3->5->6->7->8->9->10->11->12->13->14->4
15	25456	24976.02380952381	127	1	0.010004997253417969	1->2->3->5->6->7->8->9->10->11->12->15->13->14->4
16	31894	31380.52380952381	133	1	0.013008832931518555	1->2->3->5->6->7->8->9->10->11->12->15->16->13->14->4
17	33627	33109.380952380954	142	1	0.014009475708007812	1->2->3->5->6->7->8->9->10->11->12->15->16->13->14->17->4
18	34566	34044.23809523809	148	1	0.017011404037475586	1->2->3->5->6->7->8->9->10->11->12->15->16->13->14->17->18->4
19	41777	41192.0	226	1	0.023015499114990234	1->2->3->5->6->7->8->9->10->11->12->15->16->14->19->13->17->18->4
20	44996	44408.35714285714	243	1	0.02801656723022461	1->2->3->5->6->7->8->9->10->11->12->15->16->14->19->20->13->17->18->4
21	45476	44885.78571428571	261	1	0.030019283294677734	1->2->3->5->6->7->8->9->10->11->12->15->16->14->19->20->13->17->21->18->4
22	48805	48198.21428571428	304	1	0.036023855209350586	1->2->3->5->6->7->8->9->10->11->12->15->16->14->19->20->13->22->17->21->18->4
23	51005	50388.35714285714	321	1	0.04102659225463867	1->2->3->5->6->7->8->9->10->11->12->15->16->14->19->20->13->22->17->23->21->18->4
24	59599	58843.34821428571	646	1	0.06904792785644531	1->2->3->5->6->7->8->9->10->11->12->15->16->14->19->20->13->22->24->17->23->21->18->4
25	62521	61747.5863095238	857	1	0.09906506538391113	1->2->3->5->6->7->8->9->10->11->12->15->16->14->19->20->13->22->24->25->17->23->21->18->4
26	63184	62404.44345238095	893	1	0.09906673431396484	1->2->3->5->6->7->8->9->10->11->12->15->16->14->19->20->13->22->24->25->17->23->21->18->26->4
27	68523	67732.15773809524	1104	1	0.12708592414855957	1->2->3->5->6->7->8->9->10->11->12->15->16->14->19->20->13->22->24->25->27->17->23->21->18->26->4
28	69767	68971.30059523809	1160	1	0.13508868217468262	1->2->3->5->6->7->8->9->10->11->12->15->16->14->19->20->13->22->24->25->27->17->28->23->21->18->26->4
29	72775	71922.5074917898	1425	1	0.17311573028564453	1->2->3->5->6->7->8->9->10->11->12->15->16->14->19->20->13->22->24->25->27->17->29->28->23->21->18->26->4
30	72775	71922.5074917898	1497	1	0.19913387298583984	1->2->3->5->6->7->8->9->10->11->12->15->16->14->19->20->13->22->24->25->27->17->29->28->23->21->18->26->4->30
31	73442	72586.93606321838	1563	2	0.22214937210083008	1->2->3->5->6->7->8->9->10->11->12->15->16->14->19->20->13->22->24->25->27->17->29->28->23->21->31->18->26->4->30
32	82066	81149.59493021344	2412	1	0.32521653175354004	1->2->3->5->6->7->8->9->10->11->12->15->16->14->19->20->13->22->24->25->27->21->29->32->17->28->23->31->18->26->4->30
33	86542	85614.95453612479	2725	1	0.37825489044189453	1->2->3->5->6->7->8->9->10->11->12->15->16->14->19->20->13->22->24->25->27->21->29->32->33->17->28->23->31->18->26->4->30
5	2194	2044.5	9	1	0.0010004043579101562	1->2->3->5->4
6	3812	3647.3571428571427	15	1	0.0009999275207519531	1->2->3->5->6->4
7	5644	5475.785714285714	20	1	0.0010001659393310547	1->2->3->5->6->7->4
8	6519	6346.5	25	1	0.0010004043579101562	1->2->3->5->6->7->8->4
9	8894	8649.357142857143	46	1	0.0030012130737304688	1->2->3->5->6->7->8->9->4
10	10644	10360.166666666666	59	1	0.0035026073455810547	1->2->3->5->6->7->8->9->10->4
11	14693	14371.95238095238	71	1	0.0050029754638671875	1->2->3->5->6->7->8->9->10->11->4
12	19018	18664.45238095238	79	1	0.006003856658935547	1->2->3->5->6->7->8->9->10->11->12->4
13	19614	19257.309523809523	85	1	0.007004261016845703	1->2->3->5->6->7->8->9->10->11->12->13->4
14	22344	21978.309523809523	92	1	0.00900721549987793	1->2->3->5->6->7->8->9->10->11->12->13->14->4
15	25456	24976.02380952381	127	1	0.012007951736450195	1->2->3->5->6->7->8->9->10->11->12->15->13->14->4
16	31894	31380.52380952381	133	1	0.013512134552001953	1->2->3->5->6->7->8->9->10->11->12->15->16->13->14->4
17	33627	33109.380952380954	142	1	0.014008522033691406	1->2->3->5->6->7->8->9->10->11->12->15->16->13->14->17->4
18	34566	34044.23809523809	148	1	0.016010522842407227	1->2->3->5->6->7->8->9->10->11->12->15->16->13->14->17->18->4
19	41777	41192.0	226	1	0.02301621437072754	1->2->3->5->6->7->8->9->10->11->12->15->16->14->19->13->17->18->4
20	44996	44408.35714285714	243	1	0.028018712997436523	1->2->3->5->6->7->8->9->10->11->12->15->16->14->19->20->13->17->18->4
21	45476	44885.78571428571	261	1	0.030019044876098633	1->2->3->5->6->7->8->9->10->11->12->15->16->14->19->20->13->17->21->18->4
22	48805	48198.21428571428	304	1	0.03502678871154785	1->2->3->5->6->7->8->9->10->11->12->15->16->14->19->20->13->22->17->21->18->4
23	51005	50388.35714285714	321	1	0.04102826118469238	1->2->3->5->6->7->8->9->10->11->12->15->16->14->19->20->13->22->17->23->21->18->4
24	59599	58843.34821428571	646	1	0.06904983520507812	1->2->3->5->6->7->8->9->10->11->12->15->16->14->19->20->13->22->24->17->23->21->18->4
25	62521	61747.5863095238	857	1	0.09907364845275879	1->2->3->5->6->7->8->9->10->11->12->15->16->14->19->20->13->22->24->25->17->23->21->18->4
26	63184	62404.44345238095	893	1	0.09907221794128418	1->2->3->5->6->7->8->9->10->11->12->15->16->14->19->20->13->22->24->25->17->23->21->18->26->4
27	68523	67732.15773809524	1104	1	0.12609314918518066	1->2->3->5->6->7->8->9->10->11->12->15->16->14->19->20->13->22->24->25->27->17->23->21->18->26->4
28	69767	68971.30059523809	1160	1	0.13810348510742188	1->2->3->5->6->7->8->9->10->11->12->15->16->14->19->20->13->22->24->25->27->17->28->23->21->18->26->4
29	72775	71922.5074917898	1425	1	0.1773059368133545	1->2->3->5->6->7->8->9->10->11->12->15->16->14->19->20->13->22->24->25->27->17->29->28->23->21->18->26->4
30	72775	71922.5074917898	1497	1	0.19114065170288086	1->2->3->5->6->7->8->9->10->11->12->15->16->14->19->20->13->22->24->25->27->17->29->28->23->21->18->26->4->30
31	73442	72586.93606321838	1563	2	0.21715426445007324	1->2->3->5->6->7->8->9->10->11->12->15->16->14->19->20->13->22->24->25->27->17->29->28->23->21->31->18->26->4->30
32	82066	81149.59493021344	2412	1	0.32123374938964844	1->2->3->5->6->7->8->9->10->11->12->15->16->14->19->20->13->22->24->25->27->21->29->32->17->28->23->31->18->26->4->30
33	86542	85614.95453612479	2725	1	0.3972632884979248	1->2->3->5->6->7->8->9->10->11->12->15->16->14->19->20->13->22->24->25->27->21->29->32->33->17->28->23->31->18->26->4->30
34	92026	91032.39295977008	4249	1	0.6284196376800537	1->2->3->5->6->7->8->9->10->11->12->15->16->14->19->20->13->22->24->25->27->21->29->32->33->17->34->28->23->31->18->26->4->30
35	95647	94618.51611247945	5048	1	0.8055369853973389	1->2->3->5->6->7->8->9->10->11->12->15->16->14->19->20->13->22->24->25->27->21->29->32->33->17->34->35->28->23->31->18->26->4->30
36	97219	96183.65896962231	5326	2	0.8675782680511475	1->2->3->5->6->7->8->9->10->11->12->15->16->14->19->20->13->22->24->25->27->21->29->32->33->17->34->35->28->36->23->31->18->26->4->30
37	102346	101155.40818592324	19682	2	5.339565277099609	1->2->3->5->6->7->8->9->10->11->12->15->16->14->19->20->13->22->24->25->27->21->29->32->33->17->35->37->34->36->28->23->31->18->26->4->30
38	106654	105400.33429429763	27997	2	9.948646306991577	1->2->3->5->6->7->8->9->10->11->12->15->16->14->19->20->13->22->24->25->27->21->29->32->33->17->35->37->38->34->36->28->23->31->18->26->4->30
39	106654	105400.33429429763	29008	4	10.968323707580566	1->2->3->5->6->7->8->9->10->11->12->15->16->14->19->20->13->22->24->25->27->21->29->32->33->17->35->37->38->34->36->28->23->31->18->26->4->30->39
40	115895	114465.1799958708	100537	4	123.9516487121582	1->2->3->5->6->7->8->9->10->11->12->15->16->14->19->20->13->22->24->25->27->21->29->32->33->17->35->37->38->36->40->34->28->23->31->18->26->4->39->30
41	118302	116817.05398284044	139464	4	246.1721272468567	1->2->3->5->6->7->8->9->10->11->12->15->16->14->19->20->13->22->24->25->27->21->29->32->33->17->35->37->38->36->40->34->41->28->23->31->18->26->4->30->39
42	129446	127864.41308398925	240713	4	752.9507653713226	1->2->3->5->6->7->8->9->10->11->12->15->16->14->19->20->13->22->24->25->27->21->29->32->33->17->34->37->38->31->40->42->41->35->36->28->23->18->26->4->39->30
5	2194	2044.5	9	1	0.0	1->2->3->5->4
6	3812	3647.3571428571427	15	1	0.0	1->2->3->5->6->4
7	5644	5475.785714285714	20	1	0.0	1->2->3->5->6->7->4
8	6519	6346.5	25	1	0.015625715255737305	1->2->3->5->6->7->8->4
9	8894	8649.357142857143	46	1	0.0030028820037841797	1->2->3->5->6->7->8->9->4
10	10644	10360.166666666666	59	1	0.0	1->2->3->5->6->7->8->9->10->4
11	14693	14371.95238095238	70	1	0.0	1->2->3->5->6->7->8->9->10->11->4
12	19018	18664.45238095238	79	1	0.0	1->2->3->5->6->7->8->9->10->11->12->4
13	19614	19257.309523809523	85	1	0.0	1->2->3->5->6->7->8->9->10->11->12->13->4
14	22344	21978.309523809523	91	1	0.015625476837158203	1->2->3->5->6->7->8->9->10->11->12->13->14->4
15	25456	24976.02380952381	126	1	0.015624284744262695	1->2->3->5->6->7->8->9->10->11->12->15->13->14->4
16	31894	31380.52380952381	133	1	0.015625	1->2->3->5->6->7->8->9->10->11->12->15->16->13->14->4
17	33627	33109.380952380954	141	1	0.015624284744262695	1->2->3->5->6->7->8->9->10->11->12->15->16->13->14->17->4
18	34566	34044.23809523809	147	1	0.015625715255737305	1->2->3->5->6->7->8->9->10->11->12->15->16->13->14->17->18->4
19	41777	41192.0	218	1	0.031247377395629883	1->2->3->5->6->7->8->9->10->11->12->15->16->14->19->13->17->18->4
20	44996	44408.35714285714	242	1	0.01963639259338379	1->2->3->5->6->7->8->9->10->11->12->15->16->14->19->20->13->17->18->4
21	45476	44885.78571428571	261	1	0.04687833786010742	1->2->3->5->6->7->8->9->10->11->12->15->16->14->19->20->13->17->21->18->4
22	48805	48198.21428571428	303	1	0.031252145767211914	1->2->3->5->6->7->8->9->10->11->12->15->16->14->19->20->13->22->17->21->18->4
23	51005	50388.35714285714	318	1	0.06250309944152832	1->2->3->5->6->7->8->9->10->11->12->15->16->14->19->20->13->22->17->23->21->18->4
24	59599	58843.34821428571	581	1	0.07812762260437012	1->2->3->5->6->7->8->9->10->11->12->15->16->14->19->20->13->22->24->17->23->21->18->4
25	62521	61747.5863095238	757	1	0.07812857627868652	1->2->3->5->6->7->8->9->10->11->12->15->16->14->19->20->13->22->24->25->17->23->21->18->4
26	63184	62404.44345238095	802	1	0.09916090965270996	1->2->3->5->6->7->8->9->10->11->12->15->16->14->19->20->13->22->24->25->17->23->21->18->26->4
27	68523	67732.15773809524	963	1	0.12500667572021484	1->2->3->5->6->7->8->9->10->11->12->15->16->14->19->20->13->22->24->25->27->17->23->21->18->26->4
28	69767	68971.30059523809	1012	1	0.14063239097595215	1->2->3->5->6->7->8->9->10->11->12->15->16->14->19->20->13->22->24->25->27->17->28->23->21->18->26->4
29	72775	71922.5074917898	1276	1	0.16232037544250488	1->2->3->5->6->7->8->9->10->11->12->15->16->14->19->20->13->22->24->25->27->17->29->28->23->21->18->26->4
30	72775	71922.5074917898	1332	1	0.18750834465026855	1->2->3->5->6->7->8->9->10->11->12->15->16->14->19->20->13->22->24->25->27->17->29->28->23->21->18->26->4->30
31	73442	72586.93606321838	1404	2	0.20033550262451172	1->2->3->5->6->7->8->9->10->11->12->15->16->14->19->20->13->22->24->25->27->17->29->28->23->21->31->18->26->4->30
32	82066	81149.59493021344	2130	1	0.2968900203704834	1->2->3->5->6->7->8->9->10->11->12->15->16->14->19->20->13->22->24->25->27->21->29->32->17->28->23->31->18->26->4->30
33	86542	85614.95453612479	3008	2	0.4550759792327881	1->2->3->5->6->7->8->9->10->11->12->15->16->14->19->20->13->22->24->25->27->21->29->32->33->17->28->23->31->18->26->4->30
34	92026	91032.39295977008	3707	1	0.562880277633667	1->2->3->5->6->7->8->9->10->11->12->15->16->14->19->20->13->22->24->25->27->21->29->32->33->17->34->28->23->31->18->26->4->30
35	95647	94618.51611247945	4324	1	0.7130694389343262	1->2->3->5->6->7->8->9->10->11->12->15->16->14->19->20->13->22->24->25->27->21->29->32->33->17->34->35->28->23->31->18->26->4->30
36	97219	96183.65896962231	4470	2	0.7943646907806396	1->2->3->5->6->7->8->9->10->11->12->15->16->14->19->20->13->22->24->25->27->21->29->32->33->17->34->35->28->36->23->31->18->26->4->30
37	102346	101155.40818592324	17313	2	4.539592981338501	1->2->3->5->6->7->8->9->10->11->12->15->16->14->19->20->13->22->24->25->27->21->29->32->33->17->35->37->34->36->28->23->31->18->26->4->30
38	106654	105400.33429429763	25321	2	8.631861448287964	1->2->3->5->6->7->8->9->10->11->12->15->16->14->19->20->13->22->24->25->27->21->29->32->33->17->35->37->38->34->36->28->23->31->18->26->4->30
39	106654	105400.33429429763	26241	4	9.373525857925415	1->2->3->5->6->7->8->9->10->11->12->15->16->14->19->20->13->22->24->25->27->21->29->32->33->17->35->37->38->34->36->28->23->31->18->26->4->30->39
40	115895	114465.1799958708	88072	4	96.10195565223694	1->2->3->5->6->7->8->9->10->11->12->15->16->14->19->20->13->22->24->25->27->21->29->32->33->17->35->37->38->28->40->34->36->23->31->18->26->4->39->30
5	2194	2044.5	9	1	0.0	1->2->3->5->4
6	3812	3647.3571428571427	15	1	0.0	1->2->3->5->6->4
7	5644	5475.785714285714	20	1	0.015626192092895508	1->2->3->5->6->7->4
8	6519	6346.5	25	1	0.0	1->2->3->5->6->7->8->4
9	8894	8649.357142857143	46	1	0.0	1->2->3->5->6->7->8->9->4
10	10644	10360.166666666666	59	1	0.015623807907104492	1->2->3->5->6->7->8->9->10->4
11	14693	14371.95238095238	70	1	0.0	1->2->3->5->6->7->8->9->10->11->4
12	19018	18664.45238095238	79	1	0.0	1->2->3->5->6->7->8->9->10->11->12->4
13	19614	19257.309523809523	85	1	0.0	1->2->3->5->6->7->8->9->10->11->12->13->4
14	22344	21978.309523809523	91	1	0.0	1->2->3->5->6->7->8->9->10->11->12->13->14->4
15	25456	24976.02380952381	126	1	0.015624284744262695	1->2->3->5->6->7->8->9->10->11->12->15->13->14->4
16	31894	31380.52380952381	133	1	0.0156252384185791	1->2->3->5->6->7->8->9->10->11->12->15->16->13->14->4
17	33627	33109.380952380954	141	1	0.015625	1->2->3->5->6->7->8->9->10->11->12->15->16->13->14->17->4
18	34566	34044.23809523809	147	1	0.015625715255737305	1->2->3->5->6->7->8->9->10->11->12->15->16->13->14->17->18->4
19	41777	41192.0	218	1	0.03191971778869629	1->2->3->5->6->7->8->9->10->11->12->15->16->14->19->13->17->18->4
20	44996	44408.35714285714	242	1	0.03125119209289551	1->2->3->5->6->7->8->9->10->11->12->15->16->14->19->20->13->17->18->4
21	45476	44885.78571428571	261	1	0.031250715255737305	1->2->3->5->6->7->8->9->10->11->12->15->16->14->19->20->13->17->21->18->4
22	48805	48198.21428571428	303	1	0.04687619209289551	1->2->3->5->6->7->8->9->10->11->12->15->16->14->19->20->13->22->17->21->18->4
23	51005	50388.35714285714	318	1	0.031250953674316406	1->2->3->5->6->7->8->9->10->11->12->15->16->14->19->20->13->22->17->23->21->18->4
24	59599	58843.34821428571	581	1	0.07812905311584473	1->2->3->5->6->7->8->9->10->11->12->15->16->14->19->20->13->22->24->17->23->21->18->4
25	62521	61747.5863095238	757	1	0.09375524520874023	1->2->3->5->6->7->8->9->10->11->12->15->16->14->19->20->13->22->24->25->17->23->21->18->4
26	63184	62404.44345238095	802	1	0.10780835151672363	1->2->3->5->6->7->8->9->10->11->12->15->16->14->19->20->13->22->24->25->17->23->21->18->26->4
27	68523	67732.15773809524	963	1	0.12500452995300293	1->2->3->5->6->7->8->9->10->11->12->15->16->14->19->20->13->22->24->25->27->17->23->21->18->26->4
28	69767	68971.30059523809	1012	1	0.14062976837158203	1->2->3->5->6->7->8->9->10->11->12->15->16->14->19->20->13->22->24->25->27->17->28->23->21->18->26->4
29	72775	71922.5074917898	1276	1	0.17369461059570312	1->2->3->5->6->7->8->9->10->11->12->15->16->14->19->20->13->22->24->25->27->17->29->28->23->21->18->26->4
30	72775	71922.5074917898	1332	1	0.19672274589538574	1->2->3->5->6->7->8->9->10->11->12->15->16->14->19->20->13->22->24->25->27->17->29->28->23->21->18->26->4->30
31	73442	72586.93606321838	1404	2	0.21463370323181152	1->2->3->5->6->7->8->9->10->11->12->15->16->14->19->20->13->22->24->25->27->17->29->28->23->21->31->18->26->4->30
32	82066	81149.59493021344	2130	1	0.312516450881958	1->2->3->5->6->7->8->9->10->11->12->15->16->14->19->20->13->22->24->25->27->21->29->32->17->28->23->31->18->26->4->30
33	86542	85614.95453612479	3008	2	0.44771766662597656	1->2->3->5->6->7->8->9->10->11->12->15->16->14->19->20->13->22->24->25->27->21->29->32->33->17->28->23->31->18->26->4->30
34	92026	91032.39295977008	3707	1	0.593707799911499	1->2->3->5->6->7->8->9->10->11->12->15->16->14->19->20->13->22->24->25->27->21->29->32->33->17->34->28->23->31->18->26->4->30
35	95647	94618.51611247945	4324	1	0.7622895240783691	1->2->3->5->6->7->8->9->10->11->12->15->16->14->19->20->13->22->24->25->27->21->29->32->33->17->34->35->28->23->31->18->26->4->30
36	97219	96183.65896962231	4470	2	0.8199641704559326	1->2->3->5->6->7->8->9->10->11->12->15->16->14->19->20->13->22->24->25->27->21->29->32->33->17->34->35->28->36->23->31->18->26->4->30
37	102346	101155.40818592324	17313	2	4.75606632232666	1->2->3->5->6->7->8->9->10->11->12->15->16->14->19->20->13->22->24->25->27->21->29->32->33->17->35->37->34->36->28->23->31->18->26->4->30
5	2194	2044.5	9	1	0.0	1->2->3->5->4
6	3812	3647.3571428571427	15	1	0.0	1->2->3->5->6->4
7	5644	5475.785714285714	20	1	0.0	1->2->3->5->6->7->4
8	6519	6346.5	25	1	0.0	1->2->3->5->6->7->8->4
9	8894	8649.357142857143	46	1	0.0	1->2->3->5->6->7->8->9->4
10	10644	10360.166666666666	59	1	0.0	1->2->3->5->6->7->8->9->10->4
11	14693	14371.95238095238	71	1	0.0	1->2->3->5->6->7->8->9->10->11->4
12	19018	18664.45238095238	79	1	0.015626907348632812	1->2->3->5->6->7->8->9->10->11->12->4
13	19614	19257.309523809523	85	1	0.015623331069946289	1->2->3->5->6->7->8->9->10->11->12->13->4
14	22344	21978.309523809523	92	1	0.02025151252746582	1->2->3->5->6->7->8->9->10->11->12->13->14->4
15	25456	24976.02380952381	127	1	0.0	1->2->3->5->6->7->8->9->10->11->12->15->13->14->4
16	31894	31380.52380952381	133	1	0.01562643051147461	1->2->3->5->6->7->8->9->10->11->12->15->16->13->14->4
17	33627	33109.380952380954	142	1	0.015625715255737305	1->2->3->5->6->7->8->9->10->11->12->15->16->13->14->17->4
18	34566	34044.23809523809	148	1	0.015626192092895508	1->2->3->5->6->7->8->9->10->11->12->15->16->13->14->17->18->4
19	41777	41192.0	226	1	0.03125166893005371	1->2->3->5->6->7->8->9->10->11->12->15->16->14->19->13->17->18->4
20	44996	44408.35714285714	243	1	0.03125262260437012	1->2->3->5->6->7->8->9->10->11->12->15->16->14->19->20->13->17->18->4
21	45476	44885.78571428571	261	1	0.03125	1->2->3->5->6->7->8->9->10->11->12->15->16->14->19->20->13->17->21->18->4
22	48805	48198.21428571428	304	1	0.03125119209289551	1->2->3->5->6->7->8->9->10->11->12->15->16->14->19->20->13->22->17->21->18->4
23	51005	50388.35714285714	321	1	0.031249523162841797	1->2->3->5->6->7->8->9->10->11->12->15->16->14->19->20->13->22->17->23->21->18->4
24	59599	58843.34821428571	646	1	0.07812952995300293	1->2->3->5->6->7->8->9->10->11->12->15->16->14->19->20->13->22->24->17->23->21->18->4
25	62521	61747.5863095238	857	1	0.10267043113708496	1->2->3->5->6->7->8->9->10->11->12->15->16->14->19->20->13->22->24->25->17->23->21->18->4
26	63184	62404.44345238095	893	1	0.09375452995300293	1->2->3->5->6->7->8->9->10->11->12->15->16->14->19->20->13->22->24->25->17->23->21->18->26->4
27	68523	67732.15773809524	1104	1	0.12500548362731934	1->2->3->5->6->7->8->9->10->11->12->15->16->14->19->20->13->22->24->25->27->17->23->21->18->26->4
28	69767	68971.30059523809	1160	1	0.14947223663330078	1->2->3->5->6->7->8->9->10->11->12->15->16->14->19->20->13->22->24->25->27->17->28->23->21->18->26->4
29	72775	71922.5074917898	1425	1	0.17188310623168945	1->2->3->5->6->7->8->9->10->11->12->15->16->14->19->20->13->22->24->25->27->17->29->28->23->21->18->26->4
30	72775	71922.5074917898	1497	1	0.18750786781311035	1->2->3->5->6->7->8->9->10->11->12->15->16->14->19->20->13->22->24->25->27->17->29->28->23->21->18->26->4->30
31	73442	72586.93606321838	1563	2	0.20607781410217285	1->2->3->5->6->7->8->9->10->11->12->15->16->14->19->20->13->22->24->25->27->17->29->28->23->21->31->18->26->4->30
32	82066	81149.59493021344	2412	1	0.3385350704193115	1->2->3->5->6->7->8->9->10->11->12->15->16->14->19->20->13->22->24->25->27->21->29->32->17->28->23->31->18->26->4->30
33	86542	85614.95453612479	2725	1	0.42189693450927734	1->2->3->5->6->7->8->9->10->11->12->15->16->14->19->20->13->22->24->25->27->21->29->32->33->17->28->23->31->18->26->4->30
34	92026	91032.39295977008	4249	1	0.6877143383026123	1->2->3->5->6->7->8->9->10->11->12->15->16->14->19->20->13->22->24->25->27->21->29->32->33->17->34->28->23->31->18->26->4->30
5	2194	2044.5	9	1	0.0	1->2->3->5->4
6	3812	3647.3571428571427	15	1	0.015624761581420898	1->2->3->5->6->4
7	5644	5475.785714285714	20	1	0.0	1->2->3->5->6->7->4
8	6519	6346.5	25	1	0.0010001659393310547	1->2->3->5->6->7->8->4
9	8894	8649.357142857143	46	1	0.0	1->2->3->5->6->7->8->9->4
10	10644	10360.166666666666	59	1	0.0	1->2->3->5->6->7->8->9->10->4
11	14693	14371.95238095238	70	1	0.0	1->2->3->5->6->7->8->9->10->11->4
12	19018	18664.45238095238	79	1	0.015624046325683594	1->2->3->5->6->7->8->9->10->11->12->4
13	19614	19257.309523809523	85	1	0.0156252384185791	1->2->3->5->6->7->8->9->10->11->12->13->4
14	22344	21978.309523809523	91	1	0.030542373657226562	1->2->3->5->6->7->8->9->10->11->12->13->14->4
15	25456	24976.02380952381	126	1	0.010923624038696289	1->2->3->5->6->7->8->9->10->11->12->15->13->14->4
16	31894	31380.52380952381	133	1	0.015623807907104492	1->2->3->5->6->7->8->9->10->11->12->15->16->13->14->4
17	33627	33109.380952380954	141	1	0.015624284744262695	1->2->3->5->6->7->8->9->10->11->12->15->16->13->14->17->4
18	34566	34044.23809523809	147	1	0.015627384185791016	1->2->3->5->6->7->8->9->10->11->12->15->16->13->14->17->18->4
19	41777	41192.0	218	1	0.03125	1->2->3->5->6->7->8->9->10->11->12->15->16->14->19->13->17->18->4
20	44996	44408.35714285714	242	1	0.03125143051147461	1->2->3->5->6->7->8->9->10->11->12->15->16->14->19->20->13->17->18->4
21	45476	44885.78571428571	261	1	0.04687952995300293	1->2->3->5->6->7->8->9->10->11->12->15->16->14->19->20->13->17->21->18->4
22	48805	48198.21428571428	303	1	0.04687690734863281	1->2->3->5->6->7->8->9->10->11->12->15->16->14->19->20->13->22->17->21->18->4
23	51005	50388.35714285714	318	1	0.05232977867126465	1->2->3->5->6->7->8->9->10->11->12->15->16->14->19->20->13->22->17->23->21->18->4
24	59599	58843.34821428571	581	1	0.07812881469726562	1->2->3->5->6->7->8->9->10->11->12->15->16->14->19->20->13->22->24->17->23->21->18->4
35	95647	94618.51611247945	5048	1	0.8482787609100342	1->2->3->5->6->7->8->9->10->11->12->15->16->14->19->20->13->22->24->25->27->21->29->32->33->17->34->35->28->23->31->18->26->4->30
25	62521	61747.5863095238	757	1	0.10938048362731934	1->2->3->5->6->7->8->9->10->11->12->15->16->14->19->20->13->22->24->25->17->23->21->18->4
26	63184	62404.44345238095	802	1	0.12500619888305664	1->2->3->5->6->7->8->9->10->11->12->15->16->14->19->20->13->22->24->25->17->23->21->18->26->4
27	68523	67732.15773809524	963	1	0.14821648597717285	1->2->3->5->6->7->8->9->10->11->12->15->16->14->19->20->13->22->24->25->27->17->23->21->18->26->4
28	69767	68971.30059523809	1012	1	0.1644594669342041	1->2->3->5->6->7->8->9->10->11->12->15->16->14->19->20->13->22->24->25->27->17->28->23->21->18->26->4
29	72775	71922.5074917898	1276	1	0.20741653442382812	1->2->3->5->6->7->8->9->10->11->12->15->16->14->19->20->13->22->24->25->27->17->29->28->23->21->18->26->4
36	97219	96183.65896962231	5326	2	0.9174835681915283	1->2->3->5->6->7->8->9->10->11->12->15->16->14->19->20->13->22->24->25->27->21->29->32->33->17->34->35->28->36->23->31->18->26->4->30
30	72775	71922.5074917898	1332	1	0.21876215934753418	1->2->3->5->6->7->8->9->10->11->12->15->16->14->19->20->13->22->24->25->27->17->29->28->23->21->18->26->4->30
31	73442	72586.93606321838	1404	2	0.23438668251037598	1->2->3->5->6->7->8->9->10->11->12->15->16->14->19->20->13->22->24->25->27->17->29->28->23->21->31->18->26->4->30
32	82066	81149.59493021344	2130	1	0.34217190742492676	1->2->3->5->6->7->8->9->10->11->12->15->16->14->19->20->13->22->24->25->27->21->29->32->17->28->23->31->18->26->4->30
33	86542	85614.95453612479	3008	2	0.48669981956481934	1->2->3->5->6->7->8->9->10->11->12->15->16->14->19->20->13->22->24->25->27->21->29->32->33->17->28->23->31->18->26->4->30
34	92026	91032.39295977008	3707	1	0.6393001079559326	1->2->3->5->6->7->8->9->10->11->12->15->16->14->19->20->13->22->24->25->27->21->29->32->33->17->34->28->23->31->18->26->4->30
35	95647	94618.51611247945	4324	1	0.8096349239349365	1->2->3->5->6->7->8->9->10->11->12->15->16->14->19->20->13->22->24->25->27->21->29->32->33->17->34->35->28->23->31->18->26->4->30
36	97219	96183.65896962231	4470	2	0.8666455745697021	1->2->3->5->6->7->8->9->10->11->12->15->16->14->19->20->13->22->24->25->27->21->29->32->33->17->34->35->28->36->23->31->18->26->4->30
37	102346	101155.40818592324	19682	2	5.609062671661377	1->2->3->5->6->7->8->9->10->11->12->15->16->14->19->20->13->22->24->25->27->21->29->32->33->17->35->37->34->36->28->23->31->18->26->4->30
37	102346	101155.40818592324	17313	2	5.0742597579956055	1->2->3->5->6->7->8->9->10->11->12->15->16->14->19->20->13->22->24->25->27->21->29->32->33->17->35->37->34->36->28->23->31->18->26->4->30
5	2194	2044.5	9	1	0.0	1->2->3->5->4
6	3812	3647.3571428571427	15	1	0.0	1->2->3->5->6->4
7	5644	5475.785714285714	20	1	0.0	1->2->3->5->6->7->4
8	6519	6346.5	25	1	0.0	1->2->3->5->6->7->8->4
9	8894	8649.357142857143	46	1	0.015623807907104492	1->2->3->5->6->7->8->9->4
10	10644	10360.166666666666	59	1	0.0	1->2->3->5->6->7->8->9->10->4
11	14693	14371.95238095238	71	1	0.0	1->2->3->5->6->7->8->9->10->11->4
12	19018	18664.45238095238	79	1	0.015625476837158203	1->2->3->5->6->7->8->9->10->11->12->4
13	19614	19257.309523809523	85	1	0.015625953674316406	1->2->3->5->6->7->8->9->10->11->12->13->4
14	22344	21978.309523809523	92	1	0.015624761581420898	1->2->3->5->6->7->8->9->10->11->12->13->14->4
15	25456	24976.02380952381	127	1	0.015624523162841797	1->2->3->5->6->7->8->9->10->11->12->15->13->14->4
16	31894	31380.52380952381	133	1	0.015627384185791016	1->2->3->5->6->7->8->9->10->11->12->15->16->13->14->4
17	33627	33109.380952380954	142	1	0.015625476837158203	1->2->3->5->6->7->8->9->10->11->12->15->16->13->14->17->4
18	34566	34044.23809523809	148	1	0.01562666893005371	1->2->3->5->6->7->8->9->10->11->12->15->16->13->14->17->18->4
19	41777	41192.0	226	1	0.015625715255737305	1->2->3->5->6->7->8->9->10->11->12->15->16->14->19->13->17->18->4
20	44996	44408.35714285714	243	1	0.01562666893005371	1->2->3->5->6->7->8->9->10->11->12->15->16->14->19->20->13->17->18->4
21	45476	44885.78571428571	261	1	0.03125190734863281	1->2->3->5->6->7->8->9->10->11->12->15->16->14->19->20->13->17->21->18->4
22	48805	48198.21428571428	304	1	0.046877145767211914	1->2->3->5->6->7->8->9->10->11->12->15->16->14->19->20->13->22->17->21->18->4
23	51005	50388.35714285714	321	1	0.04687762260437012	1->2->3->5->6->7->8->9->10->11->12->15->16->14->19->20->13->22->17->23->21->18->4
24	59599	58843.34821428571	646	1	0.07813000679016113	1->2->3->5->6->7->8->9->10->11->12->15->16->14->19->20->13->22->24->17->23->21->18->4
25	62521	61747.5863095238	857	1	0.10938167572021484	1->2->3->5->6->7->8->9->10->11->12->15->16->14->19->20->13->22->24->25->17->23->21->18->4
26	63184	62404.44345238095	893	1	0.1084280014038086	1->2->3->5->6->7->8->9->10->11->12->15->16->14->19->20->13->22->24->25->17->23->21->18->26->4
27	68523	67732.15773809524	1104	1	0.15625905990600586	1->2->3->5->6->7->8->9->10->11->12->15->16->14->19->20->13->22->24->25->27->17->23->21->18->26->4
28	69767	68971.30059523809	1160	1	0.14063096046447754	1->2->3->5->6->7->8->9->10->11->12->15->16->14->19->20->13->22->24->25->27->17->28->23->21->18->26->4
29	72775	71922.5074917898	1425	1	0.21876144409179688	1->2->3->5->6->7->8->9->10->11->12->15->16->14->19->20->13->22->24->25->27->17->29->28->23->21->18->26->4
30	72775	71922.5074917898	1497	1	0.20313525199890137	1->2->3->5->6->7->8->9->10->11->12->15->16->14->19->20->13->22->24->25->27->17->29->28->23->21->18->26->4->30
31	73442	72586.93606321838	1563	2	0.2153184413909912	1->2->3->5->6->7->8->9->10->11->12->15->16->14->19->20->13->22->24->25->27->17->29->28->23->21->31->18->26->4->30
32	82066	81149.59493021344	2412	1	0.32091403007507324	1->2->3->5->6->7->8->9->10->11->12->15->16->14->19->20->13->22->24->25->27->21->29->32->17->28->23->31->18->26->4->30
5	2194	2044.5	9	1	0.0	1->2->3->5->4
6	3812	3647.3571428571427	15	1	0.0	1->2->3->5->6->4
7	5644	5475.785714285714	20	1	0.0	1->2->3->5->6->7->4
8	6519	6346.5	25	1	0.0	1->2->3->5->6->7->8->4
9	8894	8649.357142857143	46	1	0.015625953674316406	1->2->3->5->6->7->8->9->4
10	10644	10360.166666666666	59	1	0.015625715255737305	1->2->3->5->6->7->8->9->10->4
11	14693	14371.95238095238	70	1	0.015625715255737305	1->2->3->5->6->7->8->9->10->11->4
12	19018	18664.45238095238	79	1	0.0	1->2->3->5->6->7->8->9->10->11->12->4
13	19614	19257.309523809523	85	1	0.0	1->2->3->5->6->7->8->9->10->11->12->13->4
14	22344	21978.309523809523	91	1	0.0	1->2->3->5->6->7->8->9->10->11->12->13->14->4
15	25456	24976.02380952381	126	1	0.015625715255737305	1->2->3->5->6->7->8->9->10->11->12->15->13->14->4
16	31894	31380.52380952381	133	1	0.0156252384185791	1->2->3->5->6->7->8->9->10->11->12->15->16->13->14->4
17	33627	33109.380952380954	141	1	0.015624523162841797	1->2->3->5->6->7->8->9->10->11->12->15->16->13->14->17->4
33	86542	85614.95453612479	2725	1	0.39064502716064453	1->2->3->5->6->7->8->9->10->11->12->15->16->14->19->20->13->22->24->25->27->21->29->32->33->17->28->23->31->18->26->4->30
18	34566	34044.23809523809	147	1	0.015626192092895508	1->2->3->5->6->7->8->9->10->11->12->15->16->13->14->17->18->4
19	41777	41192.0	218	1	0.02875518798828125	1->2->3->5->6->7->8->9->10->11->12->15->16->14->19->13->17->18->4
20	44996	44408.35714285714	242	1	0.033838748931884766	1->2->3->5->6->7->8->9->10->11->12->15->16->14->19->20->13->17->18->4
21	45476	44885.78571428571	261	1	0.03125190734863281	1->2->3->5->6->7->8->9->10->11->12->15->16->14->19->20->13->17->21->18->4
22	48805	48198.21428571428	303	1	0.04687666893005371	1->2->3->5->6->7->8->9->10->11->12->15->16->14->19->20->13->22->17->21->18->4
23	51005	50388.35714285714	318	1	0.046877384185791016	1->2->3->5->6->7->8->9->10->11->12->15->16->14->19->20->13->22->17->23->21->18->4
24	59599	58843.34821428571	581	1	0.06250286102294922	1->2->3->5->6->7->8->9->10->11->12->15->16->14->19->20->13->22->24->17->23->21->18->4
25	62521	61747.5863095238	757	1	0.09343290328979492	1->2->3->5->6->7->8->9->10->11->12->15->16->14->19->20->13->22->24->25->17->23->21->18->4
26	63184	62404.44345238095	802	1	0.09375262260437012	1->2->3->5->6->7->8->9->10->11->12->15->16->14->19->20->13->22->24->25->17->23->21->18->26->4
34	92026	91032.39295977008	4249	1	0.6572451591491699	1->2->3->5->6->7->8->9->10->11->12->15->16->14->19->20->13->22->24->25->27->21->29->32->33->17->34->28->23->31->18->26->4->30
27	68523	67732.15773809524	963	1	0.12500572204589844	1->2->3->5->6->7->8->9->10->11->12->15->16->14->19->20->13->22->24->25->27->17->23->21->18->26->4
28	69767	68971.30059523809	1012	1	0.14063167572021484	1->2->3->5->6->7->8->9->10->11->12->15->16->14->19->20->13->22->24->25->27->17->28->23->21->18->26->4
29	72775	71922.5074917898	1276	1	0.1749863624572754	1->2->3->5->6->7->8->9->10->11->12->15->16->14->19->20->13->22->24->25->27->17->29->28->23->21->18->26->4
30	72775	71922.5074917898	1332	1	0.18750953674316406	1->2->3->5->6->7->8->9->10->11->12->15->16->14->19->20->13->22->24->25->27->17->29->28->23->21->18->26->4->30
35	95647	94618.51611247945	5048	1	0.827064037322998	1->2->3->5->6->7->8->9->10->11->12->15->16->14->19->20->13->22->24->25->27->21->29->32->33->17->34->35->28->23->31->18->26->4->30
31	73442	72586.93606321838	1404	2	0.19893121719360352	1->2->3->5->6->7->8->9->10->11->12->15->16->14->19->20->13->22->24->25->27->17->29->28->23->21->31->18->26->4->30
32	82066	81149.59493021344	2130	1	0.2968900203704834	1->2->3->5->6->7->8->9->10->11->12->15->16->14->19->20->13->22->24->25->27->21->29->32->17->28->23->31->18->26->4->30
33	86542	85614.95453612479	3008	2	0.41716957092285156	1->2->3->5->6->7->8->9->10->11->12->15->16->14->19->20->13->22->24->25->27->21->29->32->33->17->28->23->31->18->26->4->30
36	97219	96183.65896962231	5326	2	0.9015727043151855	1->2->3->5->6->7->8->9->10->11->12->15->16->14->19->20->13->22->24->25->27->21->29->32->33->17->34->35->28->36->23->31->18->26->4->30
34	92026	91032.39295977008	3707	1	0.5830717086791992	1->2->3->5->6->7->8->9->10->11->12->15->16->14->19->20->13->22->24->25->27->21->29->32->33->17->34->28->23->31->18->26->4->30
35	95647	94618.51611247945	4324	1	0.7052657604217529	1->2->3->5->6->7->8->9->10->11->12->15->16->14->19->20->13->22->24->25->27->21->29->32->33->17->34->35->28->23->31->18->26->4->30
36	97219	96183.65896962231	4470	2	0.7746407985687256	1->2->3->5->6->7->8->9->10->11->12->15->16->14->19->20->13->22->24->25->27->21->29->32->33->17->34->35->28->36->23->31->18->26->4->30
37	102346	101155.40818592324	19682	2	5.459709644317627	1->2->3->5->6->7->8->9->10->11->12->15->16->14->19->20->13->22->24->25->27->21->29->32->33->17->35->37->34->36->28->23->31->18->26->4->30
37	102346	101155.40818592324	17313	2	4.4880101680755615	1->2->3->5->6->7->8->9->10->11->12->15->16->14->19->20->13->22->24->25->27->21->29->32->33->17->35->37->34->36->28->23->31->18->26->4->30
38	106654	105400.33429429763	25321	2	8.547216653823853	1->2->3->5->6->7->8->9->10->11->12->15->16->14->19->20->13->22->24->25->27->21->29->32->33->17->35->37->38->34->36->28->23->31->18->26->4->30
38	106654	105400.33429429763	27997	2	10.133026838302612	1->2->3->5->6->7->8->9->10->11->12->15->16->14->19->20->13->22->24->25->27->21->29->32->33->17->35->37->38->34->36->28->23->31->18->26->4->30
39	106654	105400.33429429763	26241	4	9.312702417373657	1->2->3->5->6->7->8->9->10->11->12->15->16->14->19->20->13->22->24->25->27->21->29->32->33->17->35->37->38->34->36->28->23->31->18->26->4->30->39
39	106654	105400.33429429763	29008	4	11.062819004058838	1->2->3->5->6->7->8->9->10->11->12->15->16->14->19->20->13->22->24->25->27->21->29->32->33->17->35->37->38->34->36->28->23->31->18->26->4->30->39
5	2194	2044.5	9	1	0.0	1->2->3->5->4
6	3812	3647.3571428571427	15	1	0.0	1->2->3->5->6->4
7	5644	5475.785714285714	20	1	0.0	1->2->3->5->6->7->4
8	6519	6346.5	25	1	0.0010008811950683594	1->2->3->5->6->7->8->4
9	8894	8649.357142857143	46	1	0.0	1->2->3->5->6->7->8->9->4
10	10644	10360.166666666666	59	1	0.0	1->2->3->5->6->7->8->9->10->4
11	14693	14371.95238095238	70	1	0.01562643051147461	1->2->3->5->6->7->8->9->10->11->4
12	19018	18664.45238095238	79	1	0.015625476837158203	1->2->3->5->6->7->8->9->10->11->12->4
13	19614	19257.309523809523	85	1	0.015625	1->2->3->5->6->7->8->9->10->11->12->13->4
14	22344	21978.309523809523	91	1	0.015624761581420898	1->2->3->5->6->7->8->9->10->11->12->13->14->4
15	25456	24976.02380952381	126	1	0.015625715255737305	1->2->3->5->6->7->8->9->10->11->12->15->13->14->4
16	31894	31380.52380952381	133	1	0.027065515518188477	1->2->3->5->6->7->8->9->10->11->12->15->16->13->14->4
17	33627	33109.380952380954	141	1	0.015625953674316406	1->2->3->5->6->7->8->9->10->11->12->15->16->13->14->17->4
18	34566	34044.23809523809	147	1	0.015624523162841797	1->2->3->5->6->7->8->9->10->11->12->15->16->13->14->17->18->4
19	41777	41192.0	218	1	0.031250953674316406	1->2->3->5->6->7->8->9->10->11->12->15->16->14->19->13->17->18->4
20	44996	44408.35714285714	242	1	0.03966951370239258	1->2->3->5->6->7->8->9->10->11->12->15->16->14->19->20->13->17->18->4
21	45476	44885.78571428571	261	1	0.031252384185791016	1->2->3->5->6->7->8->9->10->11->12->15->16->14->19->20->13->17->21->18->4
22	48805	48198.21428571428	303	1	0.0312504768371582	1->2->3->5->6->7->8->9->10->11->12->15->16->14->19->20->13->22->17->21->18->4
23	51005	50388.35714285714	318	1	0.046877145767211914	1->2->3->5->6->7->8->9->10->11->12->15->16->14->19->20->13->22->17->23->21->18->4
24	59599	58843.34821428571	581	1	0.07812857627868652	1->2->3->5->6->7->8->9->10->11->12->15->16->14->19->20->13->22->24->17->23->21->18->4
25	62521	61747.5863095238	757	1	0.09375476837158203	1->2->3->5->6->7->8->9->10->11->12->15->16->14->19->20->13->22->24->25->17->23->21->18->4
26	63184	62404.44345238095	802	1	0.09375596046447754	1->2->3->5->6->7->8->9->10->11->12->15->16->14->19->20->13->22->24->25->17->23->21->18->26->4
27	68523	67732.15773809524	963	1	0.120758056640625	1->2->3->5->6->7->8->9->10->11->12->15->16->14->19->20->13->22->24->25->27->17->23->21->18->26->4
28	69767	68971.30059523809	1012	1	0.15294623374938965	1->2->3->5->6->7->8->9->10->11->12->15->16->14->19->20->13->22->24->25->27->17->28->23->21->18->26->4
29	72775	71922.5074917898	1276	1	0.1816236972808838	1->2->3->5->6->7->8->9->10->11->12->15->16->14->19->20->13->22->24->25->27->17->29->28->23->21->18->26->4
30	72775	71922.5074917898	1332	1	0.18750715255737305	1->2->3->5->6->7->8->9->10->11->12->15->16->14->19->20->13->22->24->25->27->17->29->28->23->21->18->26->4->30
31	73442	72586.93606321838	1404	2	0.18750858306884766	1->2->3->5->6->7->8->9->10->11->12->15->16->14->19->20->13->22->24->25->27->17->29->28->23->21->31->18->26->4->30
32	82066	81149.59493021344	2130	1	0.3146998882293701	1->2->3->5->6->7->8->9->10->11->12->15->16->14->19->20->13->22->24->25->27->21->29->32->17->28->23->31->18->26->4->30
33	86542	85614.95453612479	3008	2	0.44794225692749023	1->2->3->5->6->7->8->9->10->11->12->15->16->14->19->20->13->22->24->25->27->21->29->32->33->17->28->23->31->18->26->4->30
34	92026	91032.39295977008	3707	1	0.558396577835083	1->2->3->5->6->7->8->9->10->11->12->15->16->14->19->20->13->22->24->25->27->21->29->32->33->17->34->28->23->31->18->26->4->30
35	95647	94618.51611247945	4324	1	0.6959075927734375	1->2->3->5->6->7->8->9->10->11->12->15->16->14->19->20->13->22->24->25->27->21->29->32->33->17->34->35->28->23->31->18->26->4->30
36	97219	96183.65896962231	4470	2	0.7456889152526855	1->2->3->5->6->7->8->9->10->11->12->15->16->14->19->20->13->22->24->25->27->21->29->32->33->17->34->35->28->36->23->31->18->26->4->30
37	102346	101155.40818592324	17313	2	4.56614351272583	1->2->3->5->6->7->8->9->10->11->12->15->16->14->19->20->13->22->24->25->27->21->29->32->33->17->35->37->34->36->28->23->31->18->26->4->30
38	106654	105400.33429429763	25321	2	8.628910064697266	1->2->3->5->6->7->8->9->10->11->12->15->16->14->19->20->13->22->24->25->27->21->29->32->33->17->35->37->38->34->36->28->23->31->18->26->4->30
39	106654	105400.33429429763	26241	4	9.530131816864014	1->2->3->5->6->7->8->9->10->11->12->15->16->14->19->20->13->22->24->25->27->21->29->32->33->17->35->37->38->34->36->28->23->31->18->26->4->30->39
40	115895	114465.1799958708	88072	4	102.69091558456421	1->2->3->5->6->7->8->9->10->11->12->15->16->14->19->20->13->22->24->25->27->21->29->32->33->17->35->37->38->28->40->34->36->23->31->18->26->4->39->30
41	118302	116817.05398284044	118173	4	177.85700869560242	1->2->3->5->6->7->8->9->10->11->12->15->16->14->19->20->13->22->24->25->27->21->29->32->33->17->35->37->38->28->40->34->41->36->23->31->18->26->4->39->30
10	67363	63933.55279503106	24	1	0.015623807907104492	1->2->6->3->8->10->9->4->7->5
20	276374	270416.03750855656	4161	2	0.724043607711792	1->12->2->16->6->13->19->3->8->9->10->11->4->20->7->15->14->18->5->17
