10	3392	3302	28	1	0.015625953674316406	1->3->4->6->2->7->10->8->9->5
20	10972	10868	334	2	0.07812738418579102	1->3->4->6->15->11->2->7->10->12->13->8->16->9->18->5->17->19->20->14
30	20333	20020	900	4	0.46877479553222656	1->23->3->29->4->6->28->15->2->7->11->13->24->12->10->21->9->26->8->5->22->19->17->16->18->27->20->14->25->30
40	37046	36637	1205	4	0.8594193458557129	1->23->3->29->4->6->40->37->34->2->7->11->39->28->12->24->13->38->10->9->26->21->5->16->17->19->8->22->35->18->15->31->20->14->27->25->30->32->33->36
10	1587	1578	35	2	0.0	1->3->4->2->5->8->10->7->6->9
20	6347	6265	126	2	0.04687690734863281	1->3->4->2->5->8->10->7->12->16->14->17->19->6->11->9->13->20->15->18
30	18878	18714	1755	2	0.8906707763671875	1->3->4->2->5->8->10->24->12->16->14->30->7->19->6->23->29->9->17->22->20->15->13->28->11->21->18->25->27->26
40	33110	32824	33743	1	32.78241324424744	1->3->4->2->5->24->33->10->8->12->16->14->30->36->19->23->6->29->7->9->34->17->13->15->20->28->40->21->22->38->11->39->31->18->25->35->37->27->26->32
50	49651	49403	100408	2	137.32694458961487	1->3->2->5->43->4->8->33->10->24->12->16->14->49->30->47->19->6->23->29->34->9->36->42->13->15->20->28->45->50->7->17->38->21->39->40->22->31->11->25->46->44->35->18->37->27->48->26->32->41
60	71448	71213	10051	2	15.263245820999146	1->3->4->2->5->43->24->33->10->8->12->7->47->14->49->30->19->36->6->29->23->9->34->52->28->15->20->13->45->53->50->42->54->59->38->51->39->60->16->17->21->40->25->55->22->35->31->11->44->46->18->37->27->58->48->26->57->32->56->41
70	102713	102460	19837	4	34.92756509780884	1->3->4->2->5->43->24->33->10->8->12->7->47->14->49->30->19->36->6->29->23->68->9->34->52->13->15->20->45->42->53->50->67->54->16->38->28->39->60->59->61->51->17->21->25->40->66->35->55->62->64->22->31->11->46->44->37->18->27->58->48->26->57->32->56->41->63->70->65->69
10	2274	2213	25	1	0.0	9->1->2->5->4->8->7->3->10->6
20	10825	10718	146	6	0.04687643051147461	9->1->2->5->4->20->13->8->15->7->14->6->19->11->18->10->3->17->12->16
30	26100	25996	1280	12	0.3437681198120117	9->1->2->5->29->20->8->24->13->15->23->7->14->6->22->27->19->11->18->25->10->12->3->21->4->17->16->30->28->26
10	2496	2450	33	1	0.0	1->3->9->2->10->7->6->4->5->8
20	10970	10887	73	2	0.0312497615814209	1->3->13->9->2->6->7->18->16->14->10->8->19->12->20->4->15->5->11->17
30	27120	27034	140	2	0.10938024520874023	1->3->13->9->2->6->7->10->16->14->18->8->19->22->12->30->24->20->4->28->23->15->5->27->21->11->26->25->17->29
10	2274	2213	25	1	0.0	9->1->2->5->4->8->7->3->10->6
20	10825	10718	146	6	0.04687070846557617	9->1->2->5->4->20->13->8->15->7->14->6->19->11->18->10->3->17->12->16
30	26100	25996	1280	12	0.4637024402618408	9->1->2->5->29->20->8->24->13->15->23->7->14->6->22->27->19->11->18->25->10->12->3->21->4->17->16->30->28->26
10	2521	2371	33	1	0.0	1->4->6->7->3->5->10->9->8->2
20	8326	8120	288	1	0.04687809944152832	4->12->6->14->7->11->5->10->3->16->15->20->8->9->1->19->18->2->13->17
30	19368	19030	944	1	0.3125183582305908	4->12->23->14->6->7->11->3->5->10->16->20->15->8->25->9->19->24->1->22->28->29->26->27->13->21->17->18->30->2
40	42258	41994	2951	6	1.2500638961791992	4->12->23->14->6->7->11->3->37->10->15->20->25->8->16->38->5->35->9->31->22->28->19->26->27->29->13->21->39->17->33->24->1->18->30->32->2->40->36->34
50	64824	64502	108077	4	138.38855624198914	4->12->23->14->6->7->11->3->37->10->15->20->25->8->16->38->5->50->19->45->35->22->31->28->46->26->27->49->29->13->39->42->21->17->33->41->9->32->24->1->18->47->30->2->40->43->48->44->36->34
10	2963	2906	19	1	0.0	1->7->4->2->3->5->10->9->6->8
20	11671	11534	162	4	0.07812786102294922	1->7->19->4->2->18->5->16->10->9->12->3->6->14->8->17->11->15->13->20
30	23345	23035	3981	4	4.501866340637207	1->7->4->19->2->18->3->10->16->9->22->12->5->27->6->14->24->8->17->11->26->23->30->25->15->13->21->28->20->29
40	37852	37559	7839	2	4.814049243927002	1->7->4->19->2->18->40->32->31->16->9->22->10->12->3->27->6->14->8->36->24->26->39->11->33->23->30->17->5->37->25->15->38->13->21->28->20->29->35->34
50	57120	56793	72533	2	84.91722536087036	1->7->19->4->2->18->40->32->31->42->16->10->22->45->12->9->27->49->3->8->14->36->24->26->11->39->33->23->30->17->5->37->6->15->44->25->38->43->13->21->46->48->47->28->20->50->29->35->34->41
10	3312	3200	33	1	0.0	1->5->2->10->3->9->7->4->6->8
20	10811	10678	263	1	0.03125143051147461	1->5->2->10->3->19->12->9->18->20->4->15->16->17->13->7->6->11->8->14
30	21045	20911	1538	3	1.8510136604309082	21->5->1->10->3->30->19->12->9->20->4->18->22->15->16->29->13->24->7->25->28->11->27->8->17->26->2->6->23->14
40	32824	32628	36496	12	18.938488006591797	21->5->1->32->10->33->30->37->38->19->9->12->18->4->20->15->40->16->29->22->13->36->25->24->28->11->3->8->7->27->17->34->26->31->35->23->2->6->14->39
10	3228	3189	25	1	0.0	1->7->9->6->5->4->3->10->2->8
20	12245	12144	74	2	0.015625953674316406	1->7->18->6->5->14->11->4->10->12->16->9->3->13->17->2->8->19->15->20
30	27362	27196	129	4	0.06931042671203613	1->7->9->18->6->5->11->14->10->27->16->4->12->21->22->26->25->3->17->8->19->23->15->24->13->30->2->28->20->29
40	44445	44218	3408	16	1.1325881481170654	1->7->37->18->6->5->32->34->11->14->10->27->16->33->4->12->38->21->26->22->25->39->8->19->40->15->24->9->3->36->17->23->13->30->35->28->2->20->29->31
10	3300	3237	19	1	0.0	2->3->1->10->4->6->5->9->7->8
20	12553	12413	145	2	0.07812738418579102	1->2->3->10->4->12->20->6->9->11->13->15->14->5->18->17->7->8->16->19
30	24629	24462	2524	2	0.9219226837158203	1->2->3->10->22->4->12->30->20->9->11->25->13->15->5->18->6->23->26->14->8->28->29->21->24->17->16->7->19->27
40	38199	37960	75128	4	65.83073472976685	1->3->40->2->10->22->37->4->38->12->9->11->39->36->25->30->33->20->13->18->6->23->26->15->8->28->24->21->32->29->16->34->14->19->5->17->7->27->31->35
50	58976	58717	70848	8	92.28247833251953	1->3->40->2->10->22->37->4->48->30->46->9->36->49->39->25->42->43->11->33->38->6->18->20->23->12->47->13->8->28->29->21->32->26->24->34->19->16->15->14->5->17->41->27->7->44->31->35->45->50
10	1587	1578	35	2	0.015624523162841797	1->3->4->2->5->8->10->7->6->9
20	6347	6265	126	2	0.04687690734863281	1->3->4->2->5->8->10->7->12->16->14->17->19->6->11->9->13->20->15->18
30	18878	18714	1755	2	0.9210255146026611	1->3->4->2->5->8->10->24->12->16->14->30->7->19->6->23->29->9->17->22->20->15->13->28->11->21->18->25->27->26
40	33110	32824	33743	1	33.07090139389038	1->3->4->2->5->24->33->10->8->12->16->14->30->36->19->23->6->29->7->9->34->17->13->15->20->28->40->21->22->38->11->39->31->18->25->35->37->27->26->32
50	49651	49403	100408	2	142.79756927490234	1->3->2->5->43->4->8->33->10->24->12->16->14->49->30->47->19->6->23->29->34->9->36->42->13->15->20->28->45->50->7->17->38->21->39->40->22->31->11->25->46->44->35->18->37->27->48->26->32->41
60	71448	71213	10051	2	16.235355854034424	1->3->4->2->5->43->24->33->10->8->12->7->47->14->49->30->19->36->6->29->23->9->34->52->28->15->20->13->45->53->50->42->54->59->38->51->39->60->16->17->21->40->25->55->22->35->31->11->44->46->18->37->27->58->48->26->57->32->56->41
70	102713	102460	19837	4	37.6953067779541	1->3->4->2->5->43->24->33->10->8->12->7->47->14->49->30->19->36->6->29->23->68->9->34->52->13->15->20->45->42->53->50->67->54->16->38->28->39->60->59->61->51->17->21->25->40->66->35->55->62->64->22->31->11->46->44->37->18->27->58->48->26->57->32->56->41->63->70->65->69
10	3073	3055	34	2	0.0	6->7->4->3->5->10->9->8->2->1
20	10682	10609	147	4	0.046877145767211914	1->12->4->6->3->5->13->19->9->16->10->8->2->15->20->7->18->14->11->17
30	21014	20913	6510	4	1.8881242275238037	6->26->27->5->12->4->29->3->13->19->21->9->16->10->8->28->2->20->15->7->14->22->18->24->1->17->30->23->11->25
40	35436	35245	24900	6	15.227485179901123	6->26->27->5->37->12->4->29->21->34->19->13->9->35->3->39->16->28->10->8->20->2->36->31->14->15->7->1->24->22->30->17->38->23->18->11->25->33->40->32
50	59662	59481	1240	8	0.789891242980957	6->26->27->5->37->12->4->29->44->13->34->19->9->35->21->3->39->16->28->10->41->20->8->36->31->14->2->48->7->24->15->1->22->30->17->38->43->45->23->18->47->25->42->33->40->11->32->46->50->49
60	95961	95731	30453	16	30.841375589370728	6->26->27->5->37->12->4->29->44->13->34->19->9->35->21->3->39->16->28->10->41->20->8->36->31->14->2->48->15->24->7->57->1->22->30->38->23->54->45->17->43->47->25->33->53->40->42->51->18->32->11->55->46->50->58->56->59->60->49->52
70	128124	127873	7339	16	7.9702911376953125	6->26->27->5->37->12->4->29->44->13->34->19->9->35->10->64->39->21->28->3->41->16->63->20->66->36->31->8->14->2->48->24->62->57->7->70->15->1->22->17->45->54->30->38->47->25->33->40->68->53->43->42->32->23->55->69->51->46->50->18->11->58->61->65->56->59->60->49->52->67
10	1587	1578	35	2	0.015626907348632812	1->3->4->2->5->8->10->7->6->9
20	6347	6265	126	2	0.051918983459472656	1->3->4->2->5->8->10->7->12->16->14->17->19->6->11->9->13->20->15->18
30	18878	18714	1755	2	0.9375486373901367	1->3->4->2->5->8->10->24->12->16->14->30->7->19->6->23->29->9->17->22->20->15->13->28->11->21->18->25->27->26
40	33110	32824	33743	1	33.8162579536438	1->3->4->2->5->24->33->10->8->12->16->14->30->36->19->23->6->29->7->9->34->17->13->15->20->28->40->21->22->38->11->39->31->18->25->35->37->27->26->32
50	49651	49403	100408	2	138.1790988445282	1->3->2->5->43->4->8->33->10->24->12->16->14->49->30->47->19->6->23->29->34->9->36->42->13->15->20->28->45->50->7->17->38->21->39->40->22->31->11->25->46->44->35->18->37->27->48->26->32->41
60	71448	71213	10051	2	16.063339710235596	1->3->4->2->5->43->24->33->10->8->12->7->47->14->49->30->19->36->6->29->23->9->34->52->28->15->20->13->45->53->50->42->54->59->38->51->39->60->16->17->21->40->25->55->22->35->31->11->44->46->18->37->27->58->48->26->57->32->56->41
70	102713	102460	19837	4	36.658164739608765	1->3->4->2->5->43->24->33->10->8->12->7->47->14->49->30->19->36->6->29->23->68->9->34->52->13->15->20->45->42->53->50->67->54->16->38->28->39->60->59->61->51->17->21->25->40->66->35->55->62->64->22->31->11->46->44->37->18->27->58->48->26->57->32->56->41->63->70->65->69
80	133711	133377	1533970	8	146198.36880850792	1->3->2->5->43->4->8->33->10->72->24->12->36->47->14->49->30->19->79->6->23->29->9->68->34->52->45->13->15->20->42->53->74->50->67->54->16->38->28->39->60->59->61->7->78->51->25->17->21->80->35->62->66->40->55->64->22->71->31->77->37->11->44->46->18->27->58->48->26->57->32->56->41->63->73->70->76->65->69->75
5	2194	2044.5	9	1	0.0	1->2->3->5->4
6	3812	3647.3571428571427	15	1	0.0	1->2->3->5->6->4
7	5644	5475.785714285714	20	1	0.0	1->2->3->5->6->7->4
8	6519	6346.5	25	1	0.0	1->2->3->5->6->7->8->4
9	8894	8649.357142857143	46	1	0.0	1->2->3->5->6->7->8->9->4
10	10644	10360.166666666666	59	1	0.0	1->2->3->5->6->7->8->9->10->4
11	14693	14371.95238095238	71	1	0.015624046325683594	1->2->3->5->6->7->8->9->10->11->4
12	19018	18664.45238095238	79	1	0.0	1->2->3->5->6->7->8->9->10->11->12->4
13	19614	19257.309523809523	85	1	0.0	1->2->3->5->6->7->8->9->10->11->12->13->4
14	22344	21978.309523809523	92	1	0.0	1->2->3->5->6->7->8->9->10->11->12->13->14->4
15	25456	24976.02380952381	127	1	0.015625953674316406	1->2->3->5->6->7->8->9->10->11->12->15->13->14->4
16	31894	31380.52380952381	133	1	0.015625715255737305	1->2->3->5->6->7->8->9->10->11->12->15->16->13->14->4
17	33627	33109.380952380954	142	1	0.015626192092895508	1->2->3->5->6->7->8->9->10->11->12->15->16->13->14->17->4
18	34566	34044.23809523809	148	1	0.015625715255737305	1->2->3->5->6->7->8->9->10->11->12->15->16->13->14->17->18->4
19	41777	41192.0	226	1	0.015625715255737305	1->2->3->5->6->7->8->9->10->11->12->15->16->14->19->13->17->18->4
20	44996	44408.35714285714	243	1	0.03125119209289551	1->2->3->5->6->7->8->9->10->11->12->15->16->14->19->20->13->17->18->4
21	45476	44885.78571428571	261	1	0.03125166893005371	1->2->3->5->6->7->8->9->10->11->12->15->16->14->19->20->13->17->21->18->4
22	48805	48198.21428571428	304	1	0.03125143051147461	1->2->3->5->6->7->8->9->10->11->12->15->16->14->19->20->13->22->17->21->18->4
23	51005	50388.35714285714	321	1	0.04687809944152832	1->2->3->5->6->7->8->9->10->11->12->15->16->14->19->20->13->22->17->23->21->18->4
24	59599	58843.34821428571	646	1	0.06250357627868652	1->2->3->5->6->7->8->9->10->11->12->15->16->14->19->20->13->22->24->17->23->21->18->4
25	62521	61747.5863095238	857	1	0.09375786781311035	1->2->3->5->6->7->8->9->10->11->12->15->16->14->19->20->13->22->24->25->17->23->21->18->4
26	63184	62404.44345238095	893	1	0.090576171875	1->2->3->5->6->7->8->9->10->11->12->15->16->14->19->20->13->22->24->25->17->23->21->18->26->4
27	68523	67732.15773809524	1104	1	0.12500691413879395	1->2->3->5->6->7->8->9->10->11->12->15->16->14->19->20->13->22->24->25->27->17->23->21->18->26->4
28	69767	68971.30059523809	1160	1	0.14063143730163574	1->2->3->5->6->7->8->9->10->11->12->15->16->14->19->20->13->22->24->25->27->17->28->23->21->18->26->4
29	72775	71922.5074917898	1425	1	0.16942405700683594	1->2->3->5->6->7->8->9->10->11->12->15->16->14->19->20->13->22->24->25->27->17->29->28->23->21->18->26->4
30	72775	71922.5074917898	1497	1	0.18750929832458496	1->2->3->5->6->7->8->9->10->11->12->15->16->14->19->20->13->22->24->25->27->17->29->28->23->21->18->26->4->30
31	73442	72586.93606321838	1563	2	0.20721721649169922	1->2->3->5->6->7->8->9->10->11->12->15->16->14->19->20->13->22->24->25->27->17->29->28->23->21->31->18->26->4->30
32	82066	81149.59493021344	2412	1	0.3268871307373047	1->2->3->5->6->7->8->9->10->11->12->15->16->14->19->20->13->22->24->25->27->21->29->32->17->28->23->31->18->26->4->30
33	86542	85614.95453612479	2725	1	0.3863708972930908	1->2->3->5->6->7->8->9->10->11->12->15->16->14->19->20->13->22->24->25->27->21->29->32->33->17->28->23->31->18->26->4->30
34	92026	91032.39295977008	4249	1	0.6270930767059326	1->2->3->5->6->7->8->9->10->11->12->15->16->14->19->20->13->22->24->25->27->21->29->32->33->17->34->28->23->31->18->26->4->30
35	95647	94618.51611247945	5048	1	0.8140380382537842	1->2->3->5->6->7->8->9->10->11->12->15->16->14->19->20->13->22->24->25->27->21->29->32->33->17->34->35->28->23->31->18->26->4->30
36	97219	96183.65896962231	5326	2	0.8914079666137695	1->2->3->5->6->7->8->9->10->11->12->15->16->14->19->20->13->22->24->25->27->21->29->32->33->17->34->35->28->36->23->31->18->26->4->30
37	102346	101155.40818592324	19682	2	5.658810138702393	1->2->3->5->6->7->8->9->10->11->12->15->16->14->19->20->13->22->24->25->27->21->29->32->33->17->35->37->34->36->28->23->31->18->26->4->30
38	106654	105400.33429429763	27997	2	11.907695055007935	1->2->3->5->6->7->8->9->10->11->12->15->16->14->19->20->13->22->24->25->27->21->29->32->33->17->35->37->38->34->36->28->23->31->18->26->4->30
39	106654	105400.33429429763	29008	4	13.27855110168457	1->2->3->5->6->7->8->9->10->11->12->15->16->14->19->20->13->22->24->25->27->21->29->32->33->17->35->37->38->34->36->28->23->31->18->26->4->30->39
40	115895	114465.1799958708	100537	4	128.73757600784302	1->2->3->5->6->7->8->9->10->11->12->15->16->14->19->20->13->22->24->25->27->21->29->32->33->17->35->37->38->36->40->34->28->23->31->18->26->4->39->30
10	67363	63806.85714285714	52	1	0.015627622604370117	1->2->6->3->8->10->9->4->7->5
20	276374	270039.2311844459	4226	2	0.7046868801116943	1->12->2->16->6->13->19->3->8->9->10->11->4->20->15->7->14->18->5->17
