10	59365	59786.75393324643	205	1	0.01562643051147461	8->10->3->5->2->4->7->9->1->6
10	56101	56741.99855351977	123	4	0.0	3->4->2->5->8->10->7->1->6->9
20	189526	189060.8886593221	1460	7	0.2656388282775879	3->4->2->5->1->8->10->11->12->14->17->19->6->7->9->16->13->20->15->18
30	555520	549456.4299115294	74114	28	66.80036759376526	3->4->2->5->1->8->10->11->22->14->17->6->19->29->12->9->7->24->13->20->15->28->18->21->23->16->25->27->26->30
40	936479	928916.8336832905	181640	88	429.97733330726624	3->4->2->5->8->33->10->11->22->14->17->6->19->29->12->9->34->40->13->20->15->28->18->21->7->38->24->23->39->1->30->31->36->16->25->35->37->27->26->32
10	56101	56741.99855351977	123	4	0.015623092651367188	3->4->2->5->8->10->7->1->6->9
20	189526	189060.8886593221	1460	7	0.25934457778930664	3->4->2->5->1->8->10->11->12->14->17->19->6->7->9->16->13->20->15->18
10	67363	63933.55279503106	24	1	0.0	1->2->6->3->8->10->9->4->7->5
20	276374	270416.03750855656	4161	2	0.7344110012054443	1->12->2->16->6->13->19->3->8->9->10->11->4->20->7->15->14->18->5->17
30	555520	549456.4299115294	74114	28	67.20818734169006	3->4->2->5->1->8->10->11->22->14->17->6->19->29->12->9->7->24->13->20->15->28->18->21->23->16->25->27->26->30
40	936479	928916.8336832905	181640	88	422.0848195552826	3->4->2->5->8->33->10->11->22->14->17->6->19->29->12->9->34->40->13->20->15->28->18->21->7->38->24->23->39->1->30->31->36->16->25->35->37->27->26->32
10	56101	56741.99855351977	123	4	0.014009237289428711	3->4->2->5->8->10->7->1->6->9
20	189526	189060.8886593221	1460	7	0.2901935577392578	3->4->2->5->1->8->10->11->12->14->17->19->6->7->9->16->13->20->15->18
10	56101	56741.99855351977	123	4	0.019012451171875	3->4->2->5->8->10->7->1->6->9
20	189526	189060.8886593221	1460	7	0.3752567768096924	3->4->2->5->1->8->10->11->12->14->17->19->6->7->9->16->13->20->15->18
10	56101	56741.99855351977	123	4	0.021013975143432617	3->4->2->5->8->10->7->1->6->9
20	189526	189060.8886593221	1460	7	0.43429088592529297	3->4->2->5->1->8->10->11->12->14->17->19->6->7->9->16->13->20->15->18
10	56101	56741.99855351977	123	4	0.02001333236694336	3->4->2->5->8->10->7->1->6->9
10	56101	56741.99855351977	123	4	0.07813167572021484	3->4->2->5->8->10->7->1->6->9
5	6242	7286.441176470588	14	1	0.0	3->4->2->5->1
6	24044	25088.441176470587	18	2	0.015625476837158203	3->4->2->5->1->6
7	25502	26546.441176470587	22	2	0.0	3->4->2->5->7->6->1
8	30308	31250.637897782064	37	3	0.015627622604370117	3->4->2->5->8->7->6->1
9	49628	50570.637897782064	43	4	0.03125262260437012	3->4->2->5->8->7->6->1->9
10	56101	56741.99855351977	123	4	0.049826860427856445	3->4->2->5->8->10->7->1->6->9
5	6380	7288.441176470588	14	1	0.0	3->4->2->1->5
6	24182	25090.441176470587	16	1	0.0	3->4->2->1->5->6
7	25658	26548.441176470587	20	1	0.0	3->4->2->1->5->7->6
8	30446	31252.637897782064	40	1	0.015626192092895508	3->4->2->1->5->8->7->6
9	49766	50572.637897782064	42	1	0.03125309944152832	3->4->2->1->5->8->7->6->9
10	56239	56743.99855351977	113	1	0.10938119888305664	3->4->2->1->5->8->10->7->6->9
5	6380	7288.441176470588	15	1	0.0010006427764892578	3->4->2->1->5
6	24182	25090.441176470587	20	1	0.0009989738464355469	3->4->2->1->5->6
7	25658	26548.441176470587	27	1	0.0051500797271728516	3->4->2->1->5->7->6
8	30446	31252.637897782064	52	1	0.004003763198852539	3->4->2->1->5->8->7->6
9	49766	50572.637897782064	60	1	0.007106304168701172	3->4->2->1->5->8->7->6->9
10	56239	56743.99855351977	140	1	0.023014545440673828	3->4->2->1->5->8->10->7->6->9
5	6380	7288.441176470588	15	1	0.001001119613647461	3->4->2->1->5
6	24182	25090.441176470587	21	1	0.0010013580322265625	3->4->2->1->5->6
7	25658	26548.441176470587	28	1	0.0030426979064941406	3->4->2->1->5->7->6
8	30446	31252.637897782064	55	1	0.005003213882446289	3->4->2->1->5->8->7->6
9	49766	50572.637897782064	69	1	0.007004737854003906	3->4->2->1->5->8->7->6->9
10	56239	56743.99855351977	183	1	0.023015260696411133	3->4->2->1->5->8->10->7->6->9
5	2194	2044.5	15	1	0.0	1->2->3->5->4
6	3812	3647.3571428571427	21	1	0.0010006427764892578	1->2->3->5->6->4
7	5644	5475.785714285714	28	1	0.0020012855529785156	1->2->3->5->6->7->4
8	6519	6346.5	36	1	0.0020012855529785156	1->2->3->5->6->7->8->4
9	8894	8649.357142857143	70	1	0.005003213882446289	1->2->3->5->6->7->8->9->4
10	10644	10360.166666666666	88	1	0.008005380630493164	1->2->3->5->6->7->8->9->10->4
5	6380	7288.441176470588	15	1	0.001001119613647461	3->4->2->1->5
6	24182	25090.441176470587	21	1	0.0010008811950683594	3->4->2->1->5->6
7	25658	26548.441176470587	28	1	0.0020012855529785156	3->4->2->1->5->7->6
8	30446	31252.637897782064	55	1	0.005004405975341797	3->4->2->1->5->8->7->6
9	49766	50572.637897782064	69	1	0.00700688362121582	3->4->2->1->5->8->7->6->9
10	56239	56743.99855351977	183	1	0.0220181941986084	3->4->2->1->5->8->10->7->6->9
3	1914	3410.0	6	1	0.0	3->1->2
4	5350	6278.441176470588	10	1	0.0	3->4->2->1
5	6380	7288.441176470588	15	1	0.0	3->4->2->1->5
6	24182	25090.441176470587	21	1	0.0	3->4->2->1->5->6
7	25658	26548.441176470587	28	1	0.002001523971557617	3->4->2->1->5->7->6
8	30446	31252.637897782064	55	1	0.007014274597167969	3->4->2->1->5->8->7->6
9	49766	50572.637897782064	69	1	0.008004426956176758	3->4->2->1->5->8->7->6->9
10	56239	56743.99855351977	183	1	0.09257769584655762	3->4->2->1->5->8->10->7->6->9
3	1914	3410.0	6	1	0.0	3->1->2
3	1914	3410.0	6	1	0.0	3->1->2
3	1914	3410.0	6	1	0.0	3->1->2
3	1914	3410.0	6	1	0.0	3->1->2
3	1914	3410.0	6	1	0.0	3->1->2
3	1914	3410.0	6	1	0.0	3->1->2
3	1914	3410.0	6	1	0.0	3->1->2
3	1914	3410.0	6	1	0.0	3->1->2
3	1914	3410.0	6	1	0.0	3->1->2
3	1914	3410.0	6	1	0.0	3->1->2
3	1914	3410.0	6	1	0.0	3->1->2
3	1914	3410.0	6	1	0.0	3->1->2
3	1914	3410.0	6	1	0.0	3->1->2
3	1914	3410.0	6	1	0.0	3->1->2
3	1914	3410.0	6	1	0.0	3->1->2
3	1914	3410.0	6	1	0.0	3->1->2
3	1914	3410.0	6	1	0.0	3->1->2
3	1914	3410.0	6	1	0.0	3->1->2
3	1914	3410.0	6	1	0.0	3->1->2
3	1914	3410.0	6	1	0.0	3->1->2
3	1914	3410.0	6	1	0.0	3->1->2
3	3410	3410.0	5	1	0.0	1->3->2
3	3410	3410.0	5	1	0.0	1->3->2
3	3410	3410.0	5	1	0.0	1->3->2
10	57687	56743.99855351977	118	1	0.015622854232788086	1->3->4->2->5->8->10->7->6->9
20	191112	188529.36234353264	1324	1	0.26165342330932617	1->3->4->2->5->8->10->11->12->14->17->19->6->7->9->16->13->20->15->18
10	57687	56743.99855351977	118	1	0.015625476837158203	1->3->4->2->5->8->10->7->6->9
20	191112	189062.8886593221	970	1	0.20313501358032227	1->3->4->2->5->8->10->11->12->14->17->19->6->7->9->16->13->20->15->18
30	557106	549458.4299115294	52043	4	35.49274301528931	1->3->4->2->5->8->10->11->22->14->17->6->19->29->12->9->7->24->13->20->15->28->18->21->23->16->25->27->26->30
30	557106	548856.3321671684	83269	4	87.60351300239563	1->3->4->2->5->8->10->11->22->14->17->6->19->29->12->9->7->24->13->20->15->28->18->21->23->16->25->27->26->30
40	938065	928918.8336832905	138160	8	248.78507733345032	1->3->4->2->5->8->33->10->11->22->14->17->6->19->29->12->9->34->40->13->20->15->28->18->21->7->38->24->23->39->31->36->16->25->35->37->27->30->26->32
40	938065	927553.775362401	233762	8	721.6076219081879	1->3->4->2->5->8->33->10->11->22->14->17->6->19->29->12->9->34->40->13->20->15->28->18->21->7->38->24->23->39->31->36->16->25->35->37->27->30->26->32
10	57687	56743.99855351977	118	1	0.009063720703125	1->3->4->2->5->8->10->7->6->9
20	191112	189062.8886593221	970	1	0.2111208438873291	1->3->4->2->5->8->10->11->12->14->17->19->6->7->9->16->13->20->15->18
30	557106	549458.4299115294	52043	4	35.85204267501831	1->3->4->2->5->8->10->11->22->14->17->6->19->29->12->9->7->24->13->20->15->28->18->21->23->16->25->27->26->30
10	69159	66193.12944657197	40	1	0.0156252384185791	1->3->6->2->4->7->5->9->8->10
20	270098	264866.2796391625	168	1	0.031252145767211914	1->3->13->6->2->18->14->16->7->4->15->8->12->5->9->20->19->11->10->17
30	830550	821750.0828237704	13862	1	5.210940837860107	1->3->13->6->2->18->14->16->7->4->15->8->22->30->12->24->5->23->9->20->19->28->27->10->21->11->26->25->17->29
10	64444	59786.75393324643	61	1	0.0	1->3->10->8->5->2->4->9->7->6
20	372018	359327.9350676786	217465	1	538.2750391960144	8->10->3->12->11->13->5->2->4->15->9->7->17->18->19->1->20->6->14->16
10	21606	21442.09362583949	25	1	0.0	1->5->6->4->2->7->3->10->8->9
20	55981	54977.72452125986	1292	1	0.2656362056732178	1->5->6->4->13->16->7->15->10->2->8->18->11->3->19->9->14->12->20->17
30	100936	99710.84125651928	18615	1	8.221044301986694	1->5->23->6->4->13->16->7->15->10->27->2->18->8->29->9->19->26->22->24->11->3->14->12->20->30->25->21->17->28
40	204759	203449.32985059015	72657	1	79.52247762680054	1->5->23->6->4->13->34->16->7->10->27->15->29->18->35->8->38->2->19->22->24->26->39->36->11->33->20->9->14->32->3->25->21->30->17->28->12->40->31->37
10	14553	14291.373937597262	113	1	0.0	2->4->9->6->3->1->8->5->10->7
20	48411	47727.70765389725	16627	1	4.703370571136475	11->4->9->6->3->2->1->18->8->15->12->19->5->13->7->10->20->17->16->14
