10	59365	55220.16948348566	248	1	0.03125166893005371	8->10->3->5->2->4->7->9->1->6
10	56101	56741.99855351977	123	4	0.015625	3->4->2->5->8->10->7->1->6->9
20	189526	188527.36234353264	1815	7	0.3125135898590088	3->4->2->5->8->10->11->12->14->17->19->1->6->7->9->16->13->20->15->18
30	555520	548854.3321671684	111036	28	149.55469346046448	3->4->2->5->8->10->11->22->14->17->6->19->29->12->9->7->24->13->20->15->28->18->21->23->16->25->27->26->1->30
10	69159	65368.002864293485	40	1	0.00400233268737793	1->3->6->2->4->7->5->9->8->10
20	270098	262553.9970304668	371	1	0.10528302192687988	1->3->13->6->2->18->14->16->7->4->15->8->12->5->9->20->19->11->10->17
30	830550	819437.8002150748	14289	1	5.676480054855347	1->3->13->6->2->18->14->16->7->4->15->8->22->30->12->24->5->23->9->20->19->28->27->10->21->11->26->25->17->29
10	64444	55220.16948348566	179	1	0.015625	1->3->10->8->5->2->4->9->7->6
20	372018	354239.8153238002	241438	2	667.6417331695557	8->10->3->12->11->13->5->2->4->15->9->7->17->18->19->1->20->6->14->16
10	21606	21360.565848061713	25	1	0.0	1->5->6->4->2->7->3->10->8->9
20	55981	54769.78960062494	2412	1	0.46877217292785645	1->5->6->4->13->16->7->15->10->2->8->18->11->3->19->9->14->12->20->17
30	100936	99552.9634787415	23592	1	11.877251148223877	1->5->23->6->4->13->16->7->15->10->27->2->18->8->29->9->19->26->22->24->11->3->14->12->20->30->25->21->17->28
10	14553	14216.2704893214	113	1	0.015625	2->4->9->6->3->1->8->5->10->7
20	48411	47578.80173648559	19725	2	6.281578302383423	11->4->9->6->3->2->1->18->8->15->12->19->5->13->7->10->20->17->16->14
