5	392	389	15	1	0.0	1->2->3->5->4
6	528	518	21	1	0.0	1->2->3->5->6->4
7	692	682	28	1	0.017633438110351562	1->2->3->5->6->7->4
8	891	881	36	1	0.0	1->2->3->5->6->7->8->4
9	1146	1135	45	1	0.0	1->2->3->5->6->7->8->9->4
10	1370	1358	76	1	0.0	1->2->3->5->6->7->8->9->10->4
11	1654	1641	90	1	0.00649714469909668	1->2->3->5->6->7->8->9->10->11->4
12	1975	1961	105	1	0.015627384185791016	1->2->3->5->6->7->8->9->10->11->12->4
13	2250	2235	121	1	0.03124856948852539	1->2->3->5->6->7->8->9->10->11->13->12->4
14	2628	2612	138	1	0.03825640678405762	1->2->3->5->6->7->8->9->10->11->13->12->14->4
15	2958	2938	156	1	0.03125119209289551	1->2->3->5->6->7->8->9->10->11->13->12->15->14->4
16	3404	3377	176	2	0.03475594520568848	1->2->3->5->6->7->8->9->10->11->13->12->15->14->4->16
17	3839	3811	196	2	0.0533907413482666	1->2->3->5->6->7->8->9->10->11->13->12->15->14->17->16->4
18	4303	4274	217	2	0.07301592826843262	1->2->3->5->6->7->8->9->10->11->13->12->15->14->17->18->4->16
19	4727	4688	338	2	0.09906744956970215	1->2->3->5->6->7->8->9->10->11->13->12->15->14->17->18->19->16->4
20	5145	5095	420	2	0.11307501792907715	1->2->3->5->6->7->8->9->10->11->13->12->15->14->17->18->20->19->16->4
21	5593	5538	493	2	0.13408994674682617	1->2->3->5->6->7->8->9->10->11->13->12->15->14->17->18->20->19->21->4->16
22	6115	6059	511	2	0.13119959831237793	1->2->3->5->6->7->8->9->10->11->13->12->15->14->17->18->20->19->21->22->16->4
23	6696	6639	556	2	0.1692814826965332	1->2->3->5->6->7->8->9->10->11->13->12->15->14->17->18->20->19->21->22->23->4->16
24	7310	7252	602	2	0.18490099906921387	1->2->3->5->6->7->8->9->10->11->13->12->15->14->17->18->20->19->21->22->24->23->4->16
25	7819	7742	2228	2	0.7167589664459229	1->2->3->5->6->7->8->9->10->11->13->12->15->14->17->18->20->19->21->22->24->25->23->16->4
26	8463	8385	2507	2	0.8550136089324951	1->2->3->5->6->7->8->9->10->11->13->12->15->14->17->18->20->19->21->22->24->25->26->23->4->16
27	8972	8877	7905	2	3.4921555519104004	1->2->3->5->6->7->8->9->10->11->13->12->15->14->17->18->20->19->21->22->24->27->25->26->23->16->4
28	9574	9478	8717	2	3.7406678199768066	1->2->3->5->6->7->8->9->10->11->13->12->15->14->17->18->20->19->21->22->24->27->25->28->26->23->4->16
29	10236	10139	9538	2	4.3614819049835205	1->2->3->5->6->7->8->9->10->11->13->12->15->14->17->18->20->19->21->22->24->27->25->28->29->26->23->16->4
30	10822	10719	14011	2	7.276578187942505	1->2->3->5->6->7->8->9->10->11->13->12->15->14->17->18->20->19->21->22->24->27->25->30->28->29->26->23->4->16
31	11413	11310	14903	2	8.111387491226196	1->2->3->5->6->7->8->9->10->11->13->12->15->14->17->18->20->19->21->22->24->27->25->30->31->28->29->26->23->16->4
32	12114	12009	16867	2	9.87688946723938	1->2->3->5->6->7->8->9->10->11->13->12->15->14->17->18->20->19->21->22->24->27->25->30->31->28->32->29->26->23->16->4
33	12699	12584	30767	2	27.511881113052368	1->2->3->5->6->7->8->9->10->11->13->12->15->14->17->18->20->19->21->22->24->27->25->30->31->32->33->28->29->26->23->16->4
34	13511	13393	37101	2	39.397289752960205	1->2->3->5->6->7->8->9->10->11->13->12->15->14->17->18->20->19->21->22->24->27->25->30->31->32->33->28->29->26->23->34->4->16
35	14300	14180	42746	2	48.02891421318054	1->2->3->5->6->7->8->9->10->11->13->12->15->14->17->18->20->19->21->22->24->27->25->30->31->32->33->28->29->35->26->23->34->4->16
36	15043	14922	46944	2	56.66758847236633	1->2->3->5->6->7->8->9->10->11->13->12->15->14->17->18->20->19->21->22->24->27->25->30->31->32->33->28->29->36->35->26->23->34->4->16
37	15702	15581	49173	2	60.67360305786133	1->2->3->5->6->7->8->9->10->11->13->12->15->14->17->18->20->19->21->22->24->27->25->30->31->32->33->28->29->37->36->35->26->23->34->4->16
38	16486	16364	54476	2	71.72168302536011	1->2->3->5->6->7->8->9->10->11->13->12->15->14->17->18->20->19->21->22->24->27->25->30->31->32->33->28->29->37->36->38->35->26->23->34->16->4
39	17361	17237	61554	2	88.93262457847595	1->2->3->5->6->7->8->9->10->11->13->12->15->14->17->18->20->19->21->22->24->27->25->30->31->32->33->28->29->37->36->38->35->39->26->23->34->4->16
40	18170	18041	85000	2	158.19688534736633	1->2->3->5->6->7->8->9->10->11->13->12->15->14->17->18->20->19->21->22->24->27->25->30->31->32->33->28->29->37->36->38->35->40->39->26->23->34->4->16
41	18989	18859	91267	2	178.6479208469391	1->2->3->5->6->7->8->9->10->11->13->12->15->14->17->18->20->19->21->22->24->27->25->30->31->32->33->28->29->37->36->38->35->41->40->39->26->23->34->4->16
42	19875	19743	102716	2	216.67555332183838	1->2->3->5->6->7->8->9->10->11->13->12->15->14->17->18->20->19->21->22->24->27->25->30->31->32->33->28->29->37->36->38->35->41->40->42->39->26->23->34->4->16
43	20593	20455	149053	2	447.07780861854553	1->2->3->5->6->7->8->9->10->11->13->12->15->14->17->18->20->19->21->22->24->27->25->30->31->32->33->28->29->37->36->38->35->41->43->40->42->39->26->23->34->16->4
44	21533	21393	165266	2	544.8231432437897	1->2->3->5->6->7->8->9->10->11->13->12->15->14->17->18->20->19->21->22->24->27->25->30->31->32->33->28->29->37->36->38->35->41->43->40->42->44->39->26->23->34->4->16

