5	392	389	15	1	0.0	1->2->3->5->4
6	528	518	21	1	0.0	1->2->3->5->6->4
7	692	682	28	1	0.015627145767211914	1->2->3->5->6->7->4
8	891	881	36	1	0.0	1->2->3->5->6->7->8->4
9	1146	1135	45	1	0.015625476837158203	1->2->3->5->6->7->8->9->4
10	1370	1358	63	1	0.0	1->2->3->5->6->7->8->9->10->4
11	1654	1641	75	1	0.015624284744262695	1->2->3->5->6->7->8->9->10->11->4
12	1975	1961	88	1	0.006505489349365234	1->2->3->5->6->7->8->9->10->11->12->4
13	2250	2235	110	1	0.03125	1->2->3->5->6->7->8->9->10->11->13->12->4
14	2628	2612	117	1	0.015624523162841797	1->2->3->5->6->7->8->9->10->11->13->12->14->4
15	2958	2938	133	1	0.03125286102294922	1->2->3->5->6->7->8->9->10->11->13->12->15->14->4
16	3404	3377	151	1	0.03775930404663086	1->2->3->5->6->7->8->9->10->11->13->12->15->14->4->16
17	3839	3811	169	1	0.04687809944152832	1->2->3->5->6->7->8->9->10->11->13->12->15->14->17->4->16
18	4303	4274	188	1	0.047141313552856445	1->2->3->5->6->7->8->9->10->11->13->12->15->14->17->18->4->16
19	4727	4688	208	1	0.053386688232421875	1->2->3->5->6->7->8->9->10->11->13->12->15->14->17->18->19->4->16
20	5145	5095	269	1	0.06901144981384277	1->2->3->5->6->7->8->9->10->11->13->12->15->14->17->18->20->19->4->16
21	5593	5538	294	1	0.06901669502258301	1->2->3->5->6->7->8->9->10->11->13->12->15->14->17->18->20->19->21->4->16
22	6115	6059	311	1	0.0791318416595459	1->2->3->5->6->7->8->9->10->11->13->12->15->14->17->18->20->19->21->22->4->16
23	6696	6639	337	1	0.1002645492553711	1->2->3->5->6->7->8->9->10->11->13->12->15->14->17->18->20->19->21->22->23->4->16
24	7310	7252	365	1	0.11548781394958496	1->2->3->5->6->7->8->9->10->11->13->12->15->14->17->18->20->19->21->22->24->23->4->16
25	7819	7742	923	1	0.3008110523223877	1->2->3->5->6->7->8->9->10->11->13->12->15->14->17->18->20->19->21->22->24->25->23->4->16
26	8463	8385	998	1	0.36981701850891113	1->2->3->5->6->7->8->9->10->11->13->12->15->14->17->18->20->19->21->22->24->25->26->23->4->16
27	8972	8877	2239	1	0.7865102291107178	1->2->3->5->6->7->8->9->10->11->13->12->15->14->17->18->20->19->21->22->24->27->25->26->23->4->16
28	9574	9478	2392	1	0.8552713394165039	1->2->3->5->6->7->8->9->10->11->13->12->15->14->17->18->20->19->21->22->24->27->25->28->26->23->4->16
29	10236	10139	2560	1	0.9557766914367676	1->2->3->5->6->7->8->9->10->11->13->12->15->14->17->18->20->19->21->22->24->27->25->28->29->26->23->4->16
30	10822	10719	3103	1	1.1497905254364014	1->2->3->5->6->7->8->9->10->11->13->12->15->14->17->18->20->19->21->22->24->27->25->30->28->29->26->23->4->16
31	11413	11310	3304	1	1.266183853149414	1->2->3->5->6->7->8->9->10->11->13->12->15->14->17->18->20->19->21->22->24->27->25->30->31->28->29->26->23->4->16
32	12114	12009	3490	1	1.3885869979858398	1->2->3->5->6->7->8->9->10->11->13->12->15->14->17->18->20->19->21->22->24->27->25->30->31->28->32->29->26->23->4->16
33	12701	12584	6045	1	2.5912601947784424	1->2->3->5->6->7->8->9->10->11->13->12->15->14->17->18->20->19->21->22->24->27->25->30->31->28->33->32->29->26->23->4->16
34	13515	13393	7298	1	3.3807151317596436	1->2->3->5->6->7->8->9->10->11->13->12->15->14->17->18->20->19->21->22->24->27->25->30->31->28->33->32->29->26->23->34->4->16
35	14306	14180	8331	1	4.330522060394287	1->2->3->5->6->7->8->9->10->11->13->12->15->14->17->18->20->19->21->22->24->27->25->30->31->28->33->32->29->35->26->23->34->4->16
36	15051	14922	9319	1	4.774267196655273	1->2->3->5->6->7->8->9->10->11->13->12->15->14->17->18->20->19->21->22->24->27->25->30->31->28->33->32->29->36->35->26->23->34->4->16
37	15712	15581	10685	2	5.562341690063477	1->2->3->5->6->7->8->9->10->11->13->12->15->14->17->18->20->19->21->22->24->27->25->30->31->28->33->32->29->37->36->35->26->23->34->4->16
38	16496	16364	11298	1	6.027959823608398	1->2->3->5->6->7->8->9->10->11->13->12->15->14->17->18->20->19->21->22->24->27->25->30->31->28->32->33->29->37->36->38->35->26->23->34->4->16
39	17371	17237	12576	1	7.414572715759277	1->2->3->5->6->7->8->9->10->11->13->12->15->14->17->18->20->19->21->22->24->27->25->30->31->28->32->33->29->37->36->38->35->39->26->23->34->4->16
40	18180	18041	16658	1	11.080286741256714	1->2->3->5->6->7->8->9->10->11->13->12->15->14->17->18->20->19->21->22->24->27->25->30->31->28->32->33->29->37->36->38->35->40->39->26->23->34->4->16
41	18999	18859	17484	1	12.481932878494263	1->2->3->5->6->7->8->9->10->11->13->12->15->14->17->18->20->19->21->22->24->27->25->30->31->28->32->33->29->37->36->38->35->41->40->39->26->23->34->4->16
42	19885	19743	18690	1	13.638097763061523	1->2->3->5->6->7->8->9->10->11->13->12->15->14->17->18->20->19->21->22->24->27->25->30->31->28->32->33->29->37->36->38->35->41->40->42->39->26->23->34->4->16
43	20603	20455	25109	1	19.980024099349976	1->2->3->5->6->7->8->9->10->11->13->12->15->14->17->18->20->19->21->22->24->27->25->30->31->28->32->33->29->37->36->38->35->41->43->40->42->39->26->23->34->4->16
44	21543	21393	26426	1	21.630986213684082	1->2->3->5->6->7->8->9->10->11->13->12->15->14->17->18->20->19->21->22->24->27->25->30->31->28->32->33->29->37->36->38->35->41->43->40->42->44->39->26->23->34->4->16
45	22487	22335	28447	1	24.269683122634888	1->2->3->5->6->7->8->9->10->11->13->12->15->14->17->18->20->19->21->22->24->27->25->30->31->28->32->33->29->37->36->38->35->41->43->40->42->45->44->39->26->23->34->4->16
46	23569	23414	32063	1	29.816654920578003	1->2->3->5->6->7->8->9->10->11->13->12->15->14->17->18->20->19->21->22->24->27->25->30->31->28->32->33->29->37->36->38->35->41->43->40->42->45->44->39->26->23->34->46->4->16
47	24650	24493	33952	1	32.8355028629303	1->2->3->5->6->7->8->9->10->11->13->12->15->14->17->18->20->19->21->22->24->27->25->30->31->28->32->33->29->37->36->38->35->41->43->40->42->45->44->39->26->47->23->34->46->4->16
48	25639	25480	36539	1	37.5353524684906	1->2->3->5->6->7->8->9->10->11->13->12->15->14->17->18->20->19->21->22->24->27->25->30->31->28->32->33->29->37->36->38->35->41->43->40->42->45->44->39->48->26->47->23->34->46->4->16
49	26821	26659	41576	1	47.27940487861633	1->2->3->5->6->7->8->9->10->11->13->12->15->14->17->18->20->19->21->22->24->27->25->30->31->28->32->33->29->37->36->38->35->41->43->40->42->45->44->39->48->26->47->23->34->46->49->4->16
50	28015	27851	45405	1	55.79408383369446	1->2->3->5->6->7->8->9->10->11->13->12->15->14->17->18->20->19->21->22->24->27->25->30->31->28->32->33->29->37->36->38->35->41->43->40->42->45->44->39->48->26->47->50->23->34->46->49->4->16
