10	21606	21483.599814471243	24	1	0.004003047943115234	1->5->6->4->2->7->3->10->8->9
20	55981	55410.55278781369	325	1	0.07004666328430176	1->5->6->4->13->16->7->15->10->2->8->18->11->3->19->9->14->12->20->17
30	100936	100420.01753709109	483	1	0.34423041343688965	1->5->23->6->4->13->16->7->15->10->27->2->18->8->29->9->19->26->22->24->11->3->14->12->20->30->25->21->17->28
10	21606	21483.599814471243	24	1	0.0	1->5->6->4->2->7->3->10->8->9
20	55981	55410.55278781369	325	1	0.06324148178100586	1->5->6->4->13->16->7->15->10->2->8->18->11->3->19->9->14->12->20->17
30	100936	100420.01753709109	483	1	0.22957897186279297	1->5->23->6->4->13->16->7->15->10->27->2->18->8->29->9->19->26->22->24->11->3->14->12->20->30->25->21->17->28
40	204759	203835.509349409	36959	1	23.28082776069641	1->5->23->6->4->13->34->16->7->10->27->15->29->18->35->8->38->2->19->22->24->26->39->36->11->33->20->9->14->32->3->25->21->30->17->28->12->40->31->37
10	21606	21483.599814471243	24	1	0.0	1->5->6->4->2->7->3->10->8->9
20	55981	55410.55278781369	325	1	0.05296659469604492	1->5->6->4->13->16->7->15->10->2->8->18->11->3->19->9->14->12->20->17
30	100936	100420.01753709109	483	1	0.21876096725463867	1->5->23->6->4->13->16->7->15->10->27->2->18->8->29->9->19->26->22->24->11->3->14->12->20->30->25->21->17->28
40	204759	203835.509349409	36959	1	20.01258420944214	1->5->23->6->4->13->34->16->7->10->27->15->29->18->35->8->38->2->19->22->24->26->39->36->11->33->20->9->14->32->3->25->21->30->17->28->12->40->31->37
50	312517	307404.36890095065	31868	0	20.00417399406433	10	21606	21483.599814471243	24	1	0.0030014514923095703	1->5->6->4->2->7->3->10->8->9
20	55981	55410.55278781369	325	1	0.05424308776855469	1->5->6->4->13->16->7->15->10->2->8->18->11->3->19->9->14->12->20->17
30	100936	100420.01753709109	483	1	0.2258751392364502	1->5->23->6->4->13->16->7->15->10->27->2->18->8->29->9->19->26->22->24->11->3->14->12->20->30->25->21->17->28
40	204759	203835.509349409	36959	1	20.00627827644348	1->5->23->6->4->13->34->16->7->10->27->15->29->18->35->8->38->2->19->22->24->26->39->36->11->33->20->9->14->32->3->25->21->30->17->28->12->40->31->37
50	312517	307404.36890095065	32182	0	20.00135564804077	10	21606	21483.599814471243	24	1	0.0	1->5->6->4->2->7->3->10->8->9
20	55981	55410.55278781369	325	1	0.07812929153442383	1->5->6->4->13->16->7->15->10->2->8->18->11->3->19->9->14->12->20->17
30	100936	100420.01753709109	483	1	0.21876144409179688	1->5->23->6->4->13->16->7->15->10->27->2->18->8->29->9->19->26->22->24->11->3->14->12->20->30->25->21->17->28
40	204759	203835.509349409	36959	1	20.00043034553528	
50	312517	307404.36890095065	31558	0	20.00434160232544	
10	21606	21483.599814471243	24	1	0.0	1->5->6->4->2->7->3->10->8->9
20	55981	55410.55278781369	325	1	0.04998183250427246	1->5->6->4->13->16->7->15->10->2->8->18->11->3->19->9->14->12->20->17
30	100936	100420.01753709109	483	1	0.22051239013671875	1->5->23->6->4->13->16->7->15->10->27->2->18->8->29->9->19->26->22->24->11->3->14->12->20->30->25->21->17->28
40	207230	203835.509349409	31095	0	10.005274534225464	
50	312517	307404.36890095065	16109	0	10.005967378616333	
60	457056	449922.83038298413	14397	0	10.006106615066528	
70	638418	626715.0985984249	9762	0	10.003051519393921	
80	816504	801526.3387857632	7525	0	10.012410640716553	
90	942951	928899.4812265702	6428	0	10.013953924179077	
100	1139815	1122266.7752277586	5243	0	10.012479066848755	
