10	11488	10871.622728134304	140	1	0.0	1->8->2->5->3->7->10->6->4->9
20	39286	38658.927871402644	748	1	0.17188382148742676	1->8->12->17->5->3->14->2->7->10->6->15->11->18->4->20->9->19->16->13
10	11488	10871.622728134304	140	1	0.015625715255737305	1->8->2->5->3->7->10->6->4->9
20	39286	38658.927871402644	748	1	0.17188405990600586	1->8->12->17->5->3->14->2->7->10->6->15->11->18->4->20->9->19->16->13
10	11488	10871.622728134304	140	1	0.0156252384185791	1->8->2->5->3->7->10->6->4->9
20	39286	38658.927871402644	748	1	0.16611790657043457	1->8->12->17->5->3->14->2->7->10->6->15->11->18->4->20->9->19->16->13
10	11488	10871.622728134304	140	1	0.015624523162841797	1->8->2->5->3->7->10->6->4->9
20	39286	38658.927871402644	748	1	0.17315125465393066	1->8->12->17->5->3->14->2->7->10->6->15->11->18->4->20->9->19->16->13
10	13459	48647.57009655535	10	0	0.0	10	13459	48647.57009655535	10	0	0.0	10	11488	11495.149043923777	68	1	0.015625476837158203	1->8->2->5->3->7->10->6->4->9
20	39388	39167.32316999395	339	1	0.06250262260437012	1->8->12->17->5->2->14->3->7->10->6->15->11->18->4->20->9->19->16->13
30	133383	132373.40120568458	32838	1	15.956616640090942	1->29->2->12->17->5->8->14->3->7->10->11->6->15->30->18->4->20->27->21->19->22->16->24->23->25->9->13->26->28
40	221669	220638.19049781896	10101	1	9.87389612197876	1->29->2->12->17->5->8->14->3->7->10->31->38->15->36->39->35->30->22->18->33->27->21->19->6->32->11->23->25->24->4->20->13->16->40->9->26->34->37->28
50	344212	342871.237592209	64711	1	51.945735692977905	1->29->8->12->17->5->3->14->2->7->10->31->45->42->38->36->39->35->30->22->33->18->27->21->19->15->32->11->48->23->25->24->6->4->13->41->47->40->20->9->26->16->34->37->43->46->44->28->50->49
10	11555	11934.570096555355	42	1	0.0	1->8->2->5->4->7->10->3->6->9
20	39388	39443.070538415006	243	1	0.046877384185791016	1->8->12->17->5->2->14->3->7->10->6->15->11->18->4->20->9->19->16->13
30	133394	133156.10752985044	360	1	0.18968439102172852	1->29->2->12->17->5->8->14->3->7->10->6->15->11->30->18->4->20->27->21->19->22->16->24->23->25->9->13->26->28
40	222320	221622.90345328453	4061	1	5.623671531677246	1->29->2->12->17->5->8->14->3->7->10->31->38->15->36->39->35->30->22->33->18->27->21->19->6->11->32->23->25->24->16->4->13->20->40->9->26->34->37->28
50	344532	343982.4371697482	1304	1	2.0096726417541504	1->29->8->12->17->5->3->14->2->7->10->31->45->42->38->36->39->35->30->15->32->27->21->19->11->22->18->33->48->23->25->24->6->4->13->41->47->40->9->20->26->16->34->37->43->46->44->28->50->49
60	490325	489578.3238868371	2448	1	3.0163443088531494	1->29->8->12->17->5->3->14->2->7->10->31->45->42->38->36->39->35->30->33->22->27->21->19->56->60->25->23->18->53->24->15->32->6->13->11->47->40->48->4->26->20->54->16->34->41->9->37->58->43->46->59->55->52->51->44->28->57->50->49
70	598650	598084.0701846196	13660	1	16.448617696762085	1->29->2->12->17->5->70->14->8->7->10->31->45->42->68->63->39->36->35->69->38->30->27->21->19->22->56->48->33->23->66->53->25->18->60->24->13->61->15->47->40->64->32->26->3->11->6->4->34->16->37->62->20->41->43->46->9->59->58->54->55->52->51->44->28->57->50->65->67->49
80	750567	749945.4067919975	6757	1	5.357248544692993	1->29->8->12->17->5->70->14->76->2->77->7->10->45->42->38->63->36->39->72->69->18->31->80->68->27->21->22->30->78->33->66->23->35->53->19->56->79->73->13->61->15->47->40->64->25->26->60->24->32->3->34->74->37->11->6->4->48->46->62->59->43->20->16->41->44->52->51->55->9->58->54->28->57->50->71->65->67->75->49
90	911709	910709.4663872804	2417	1	2.1866390705108643	87->29->1->12->17->5->70->14->8->76->7->2->10->77->42->45->81->63->31->36->39->72->69->22->38->80->35->27->21->85->78->90->56->23->18->30->53->19->79->73->13->61->68->84->47->86->64->66->40->26->25->33->60->34->74->37->48->24->15->32->3->46->11->59->6->89->62->4->44->52->51->55->82->88->43->20->16->28->41->9->58->57->54->50->71->65->67->75->49->83
100	1035285	1034899.3709111473	8298	1	5.470163822174072	1->29->87->12->17->5->70->14->76->2->8->7->10->77->42->45->81->63->31->36->39->72->69->22->38->80->92->27->21->35->94->85->78->90->30->23->99->53->19->68->79->73->13->61->56->93->47->86->84->64->40->26->66->91->100->96->25->34->74->37->18->60->33->15->32->46->59->24->3->98->11->43->44->52->51->55->82->88->6->48->4->62->28->41->89->9->57->20->16->97->58->50->71->65->54->67->75->95->49->83
10	11488	11373.251219285194	81	1	0.015624046325683594	1->8->2->5->3->7->10->6->4->9
20	39377	39099.0821629671	409	1	0.07812833786010742	1->8->12->17->5->2->14->3->7->10->11->6->15->18->4->20->9->19->16->13
10	11488	10941.833254450094	110	1	0.015623092651367188	1->8->2->5->3->7->10->6->4->9
20	39286	38486.14422262553	1953	1	0.38857102394104004	1->8->12->17->5->3->14->2->7->10->6->15->11->18->4->20->9->19->16->13
