10	11631	11106.052336526795	36	1	0.015625715255737305	1->5->9->4->10->7->3->8->2->6
20	34273	33014.126359944086	1078	1	0.7500383853912354	1->5->9->4->10->7->20->11->8->14->18->6->17->16->12->3->2->15->19->13
30	86090	84460.17472835608	14463	1	11.156831979751587	1->5->22->9->4->10->7->20->11->14->8->18->26->12->16->28->6->25->17->3->2->13->21->24->15->19->30->27->23->29
40	184661	183331.0130589653	122445	1	212.9955108165741	1->32->9->22->37->4->5->7->20->11->14->8->18->31->12->16->33->34->28->6->35->38->10->36->26->25->17->3->24->2->13->21->15->19->30->27->40->23->29->39
10	11685	11473.594569719282	18	0	0.0	10	11631	11434.126092959043	31	1	0.0065042972564697266	1->5->9->4->10->7->3->8->2->6
20	34339	35077.52422704827	20	0	0.0005002021789550781	10	11631	11497.319918001924	36	1	0.00799703598022461	1->5->9->4->10->7->3->8->2->6
20	34339	34879.263506636606	20	0	0.0005006790161132812	10	11631	11071.390243902439	38	1	0.009006023406982422	1->5->9->4->10->7->3->8->2->6
20	34273	32459.33383253712	2030	1	1.5090076923370361	1->5->9->4->10->7->20->11->8->14->18->6->17->16->12->3->2->15->19->13
10	11631	11071.390243902439	38	1	0.007004499435424805	1->5->9->4->10->7->3->8->2->6
20	34273	32459.33383253712	2030	1	1.2858612537384033	1->5->9->4->10->7->20->11->8->14->18->6->17->16->12->3->2->15->19->13
30	86090	83890.38220094913	36767	1	29.919002294540405	1->5->22->9->4->10->7->20->11->14->8->18->26->12->16->28->6->25->17->3->2->13->21->24->15->19->30->27->23->29
10	11631	11071.390243902439	38	1	0.00900578498840332	1->5->9->4->10->7->3->8->2->6
20	34273	32459.33383253712	2030	1	1.4749886989593506	1->5->9->4->10->7->20->11->8->14->18->6->17->16->12->3->2->15->19->13
10	11631	11071.390243902439	38	1	0.009006023406982422	1->5->9->4->10->7->3->8->2->6
20	34273	32459.33383253712	2030	1	1.4009366035461426	1->5->9->4->10->7->20->11->8->14->18->6->17->16->12->3->2->15->19->13
10	11631	11071.390243902439	38	1	0.009006500244140625	1->5->9->4->10->7->3->8->2->6
20	34273	32459.33383253712	2030	1	1.4009382724761963	1->5->9->4->10->7->20->11->8->14->18->6->17->16->12->3->2->15->19->13
30	86090	83890.38220094913	36767	1	31.376267671585083	1->5->22->9->4->10->7->20->11->14->8->18->26->12->16->28->6->25->17->3->2->13->21->24->15->19->30->27->23->29
10	11631	11071.390243902439	38	1	0.010004758834838867	1->5->9->4->10->7->3->8->2->6
20	34273	32459.33383253712	2030	1	1.539027452468872	1->5->9->4->10->7->20->11->8->14->18->6->17->16->12->3->2->15->19->13
10	11631	11071.390243902439	38	1	0.010007381439208984	1->5->9->4->10->7->3->8->2->6
20	34273	32459.33383253712	2030	1	1.5470330715179443	1->5->9->4->10->7->20->11->8->14->18->6->17->16->12->3->2->15->19->13
5	2072	2026.3773584905662	10	1	0.0010006427764892578	1->4->5->3->2
6	4457	4411.377358490567	12	1	0.0010008811950683594	1->4->5->3->2->6
8	9323	9076.694431661297	30	1	0.004002571105957031	1->5->4->2->7->3->8->6
9	10514	10106.759146341463	46	1	0.0060040950775146484	1->5->9->4->2->7->3->8->6
8	9323	9076.694431661297	30	1	0.004002571105957031	1->5->4->2->7->3->8->6
8	9323	9076.694431661297	30	1	0.00400233268737793	1->5->4->2->7->3->8->6
8	9323	9076.694431661297	30	1	0.005003452301025391	1->5->4->2->7->3->8->6
9	10514	10106.759146341463	46	1	0.008003473281860352	1->5->9->4->2->7->3->8->6
10	11631	11071.390243902439	38	1	0.010009527206420898	1->5->9->4->10->7->3->8->2->6
11	14976	14263.162767546042	100	1	0.03952646255493164	1->5->9->4->10->7->11->8->3->6->2
12	19146	18383.16276754604	131	1	0.08505725860595703	1->5->9->4->10->7->11->8->3->6->12->2
13	20195	19432.16276754604	133	1	0.09506368637084961	1->5->9->4->10->7->11->8->3->6->12->2->13
8	9323	9076.694431661297	30	1	0.005003452301025391	1->5->4->2->7->3->8->6
9	10514	10106.759146341463	46	1	0.009003877639770508	1->5->9->4->2->7->3->8->6
10	11631	11071.390243902439	38	1	0.011007308959960938	1->5->9->4->10->7->3->8->2->6
11	14976	14263.162767546042	100	1	0.04102778434753418	1->5->9->4->10->7->11->8->3->6->2
12	19146	18383.16276754604	131	1	0.06304287910461426	1->5->9->4->10->7->11->8->3->6->12->2
13	20195	19432.16276754604	133	1	0.07304954528808594	1->5->9->4->10->7->11->8->3->6->12->2->13
8	9323	9076.694431661297	30	1	0.0060040950775146484	1->5->4->2->7->3->8->6
9	10514	10106.759146341463	46	1	0.008005142211914062	1->5->9->4->2->7->3->8->6
10	11631	11071.390243902439	38	1	0.011007308959960938	1->5->9->4->10->7->3->8->2->6
11	14976	14263.162767546042	100	1	0.04502987861633301	1->5->9->4->10->7->11->8->3->6->2
12	19146	18383.16276754604	131	1	0.06304216384887695	1->5->9->4->10->7->11->8->3->6->12->2
13	20195	19432.16276754604	133	1	0.06904745101928711	1->5->9->4->10->7->11->8->3->6->12->2->13
8	9323	9076.694431661297	30	1	0.006002902984619141	1->5->4->2->7->3->8->6
9	10514	10106.759146341463	46	1	0.008007287979125977	1->5->9->4->2->7->3->8->6
10	11631	11071.390243902439	38	1	0.010007381439208984	1->5->9->4->10->7->3->8->2->6
11	14976	14263.162767546042	100	1	0.0430293083190918	1->5->9->4->10->7->11->8->3->6->2
12	19146	18383.16276754604	131	1	0.06104016304016113	1->5->9->4->10->7->11->8->3->6->12->2
13	20195	19432.16276754604	133	1	0.07004594802856445	1->5->9->4->10->7->11->8->3->6->12->2->13
8	9323	9076.694431661297	30	1	0.0050029754638671875	1->5->4->2->7->3->8->6
9	10514	10106.759146341463	46	1	0.008005380630493164	1->5->9->4->2->7->3->8->6
10	11631	11071.390243902439	38	1	0.011007070541381836	1->5->9->4->10->7->3->8->2->6
11	14976	14263.162767546042	100	1	0.04903364181518555	1->5->9->4->10->7->11->8->3->6->2
12	19146	18383.16276754604	131	1	0.06604433059692383	1->5->9->4->10->7->11->8->3->6->12->2
13	20195	19432.16276754604	133	1	0.07705187797546387	1->5->9->4->10->7->11->8->3->6->12->2->13
8	9323	9076.694431661297	30	1	0.005001544952392578	1->5->4->2->7->3->8->6
9	10514	10106.759146341463	46	1	0.008007526397705078	1->5->9->4->2->7->3->8->6
10	11631	11071.390243902439	38	1	0.011007547378540039	1->5->9->4->10->7->3->8->2->6
11	14976	14263.162767546042	100	1	0.044028520584106445	1->5->9->4->10->7->11->8->3->6->2
12	19146	18383.16276754604	131	1	0.06604409217834473	1->5->9->4->10->7->11->8->3->6->12->2
13	20195	19432.16276754604	133	1	0.07505059242248535	1->5->9->4->10->7->11->8->3->6->12->2->13
8	9323	9076.694431661297	30	1	0.005004167556762695	1->5->4->2->7->3->8->6
9	10514	10106.759146341463	46	1	0.00800633430480957	1->5->9->4->2->7->3->8->6
10	11631	11071.390243902439	38	1	0.011006832122802734	1->5->9->4->10->7->3->8->2->6
11	14976	14263.162767546042	100	1	0.047031402587890625	1->5->9->4->10->7->11->8->3->6->2
12	19146	18383.16276754604	131	1	0.06704497337341309	1->5->9->4->10->7->11->8->3->6->12->2
13	20195	19432.16276754604	133	1	0.07204914093017578	1->5->9->4->10->7->11->8->3->6->12->2->13
8	9323	8957.694431661297	24	1	0.005003213882446289	1->5->4->2->7->3->8->6
9	10514	9873.966693511275	42	1	0.007004499435424805	1->5->9->4->2->7->3->8->6
10	11631	11085.59779107225	36	1	0.008005380630493164	1->5->9->4->10->7->3->8->2->6
11	14976	14362.002967777078	52	1	0.014008760452270508	1->5->9->4->10->7->11->8->3->6->2
12	19146	18458.00296777708	92	1	0.0260164737701416	1->5->9->4->10->7->11->8->3->6->12->2
13	20195	19507.00296777708	94	1	0.03001880645751953	1->5->9->4->10->7->11->8->3->6->12->2->13
8	9323	9168.694431661297	25	1	0.00400233268737793	1->5->4->2->7->3->8->6
9	10514	10106.759146341463	46	1	0.008004903793334961	1->5->9->4->2->7->3->8->6
10	11631	11071.390243902439	38	1	0.011008024215698242	1->5->9->4->10->7->3->8->2->6
11	14976	14263.162767546042	100	1	0.04503011703491211	1->5->9->4->10->7->11->8->3->6->2
12	19146	18383.16276754604	131	1	0.06904768943786621	1->5->9->4->10->7->11->8->3->6->12->2
13	20195	19432.16276754604	133	1	0.07304787635803223	1->5->9->4->10->7->11->8->3->6->12->2->13
8	9323	9312.553612517258	18	1	0.0	1->5->4->2->7->3->8->6
9	10514	10323.849919466176	30	1	0.0	1->5->9->4->2->7->3->8->6
10	11631	11430.88557153188	26	1	0.016027212142944336	1->5->9->4->10->7->3->8->2->6
11	14976	14704.74669646966	38	1	0.0156252384185791	1->5->9->4->10->7->11->8->3->6->2
12	19146	18856.746696469658	49	1	0.015626192092895508	1->5->9->4->10->7->11->8->3->6->12->2
13	20195	19905.746696469658	51	1	0.015625715255737305	1->5->9->4->10->7->11->8->3->6->12->2->13
8	9323	9312.553612517258	18	1	0.0	1->5->4->2->7->3->8->6
9	10514	10323.849919466176	30	1	0.0	1->5->9->4->2->7->3->8->6
10	11631	11430.88557153188	26	1	0.0	1->5->9->4->10->7->3->8->2->6
11	14976	14704.74669646966	38	1	0.015625	1->5->9->4->10->7->11->8->3->6->2
12	19146	18856.746696469658	49	1	0.015624523162841797	1->5->9->4->10->7->11->8->3->6->12->2
13	20195	19905.746696469658	51	1	0.015627384185791016	1->5->9->4->10->7->11->8->3->6->12->2->13
8	9323	9312.553612517258	18	1	0.0	1->5->4->2->7->3->8->6
9	10514	10323.849919466176	30	1	0.005003452301025391	1->5->9->4->2->7->3->8->6
10	11631	11430.88557153188	26	1	0.002245664596557617	1->5->9->4->10->7->3->8->2->6
11	14976	14704.74669646966	38	1	0.0	1->5->9->4->10->7->11->8->3->6->2
12	19146	18856.746696469658	49	1	0.015624523162841797	1->5->9->4->10->7->11->8->3->6->12->2
13	20195	19905.746696469658	51	1	0.0	1->5->9->4->10->7->11->8->3->6->12->2->13
10	11631	11430.88557153188	26	1	0.0	1->5->9->4->10->7->3->8->2->6
20	34273	33387.079272877796	468	1	0.3044586181640625	1->5->9->4->10->7->20->11->8->14->18->6->17->16->12->3->2->15->19->13
30	86090	84916.65139291811	9278	1	5.729100227355957	1->5->22->9->4->10->7->20->11->14->8->18->26->12->16->28->6->25->17->3->2->13->21->24->15->19->30->27->23->29
40	184661	183434.3019221357	60789	1	80.1437509059906	1->32->9->22->37->4->5->7->20->11->14->8->18->31->12->16->33->34->28->6->35->38->10->36->26->25->17->3->24->2->13->21->15->19->30->27->40->23->29->39
