10	7326	7273.933333333333	42	1	0.0	1->7->2->3->10->8->6->5->4->9
20	34598	33625.17271242436	2788	1	1.4375741481781006	1->7->2->19->3->10->14->8->6->11->5->4->17->13->12->20->9->18->15->16
30	61572	60326.56280061876	46327	1	32.23606038093567	1->7->2->19->25->3->10->14->8->23->21->5->4->24->13->12->29->20->30->11->22->17->6->28->26->27->9->18->15->16
40	131483	129882.60252243573	46359	2	48.03376269340515	1->7->2->19->25->3->10->14->8->23->21->40->5->4->24->12->29->13->34->36->20->33->31->30->28->11->22->27->17->18->6->15->16->38->26->9->37->39->32->35
10	7326	7393.933333333333	29	1	0.0	1->7->2->3->10->8->6->5->4->9
20	34598	34457.40171127362	392	1	0.14063119888305664	1->7->2->19->3->10->14->8->6->11->5->4->17->13->12->20->9->18->15->16
30	61801	61957.90656461519	1189	1	0.3593924045562744	1->7->2->19->25->3->10->14->30->8->21->5->4->24->13->12->29->20->23->11->22->17->9->28->26->27->6->18->15->16
40	131512	131073.06727030192	8972	1	5.711357593536377	1->7->2->19->25->3->10->14->8->23->21->40->5->4->24->12->29->13->34->36->20->33->31->30->28->11->22->27->26->18->15->16->38->17->6->9->37->39->32->35
50	216961	216515.89784938857	23030	1	50.716524600982666	1->7->2->19->25->3->10->50->14->8->21->40->5->49->4->13->12->29->34->44->36->33->31->45->23->28->20->24->27->46->30->15->41->11->18->16->43->38->22->37->6->39->26->17->9->32->47->35->48->42
60	348191	348183.99331533944	5056	1	32.67380356788635	1->7->2->19->25->3->10->50->14->8->21->40->5->49->4->13->12->29->34->44->31->33->36->45->53->28->51->20->54->46->27->15->24->56->23->52->30->57->11->37->41->39->58->55->43->16->22->47->18->32->38->26->17->6->9->35->48->42->59->60
70	447160	447425.3626508659	3891	1	13.792184114456177	1->7->2->19->25->3->10->50->8->62->21->40->49->67->14->5->4->12->29->13->34->44->31->68->33->45->53->28->36->54->70->46->65->15->27->56->20->30->51->52->57->23->37->24->39->41->55->11->18->69->16->47->58->38->66->32->43->26->64->17->35->48->22->6->42->63->9->61->59->60
80	592980	593564.6003916167	80	0	0.0	10	7326	7358.466666666667	29	1	0.01562356948852539	1->7->2->3->10->8->6->5->4->9
20	34598	34431.478158166865	472	1	0.15625715255737305	1->7->2->19->3->10->14->8->6->11->5->4->17->13->12->20->9->18->15->16
30	61572	61392.618363037865	9027	1	2.8461549282073975	1->7->2->19->25->3->10->14->8->23->21->5->4->24->13->12->29->20->30->11->22->17->6->28->26->27->9->18->15->16
40	131512	130710.116093332	20994	1	15.272956609725952	1->7->2->19->25->3->10->14->8->23->21->40->5->4->24->12->29->13->34->36->20->33->31->30->28->11->22->27->26->18->15->16->38->17->6->9->37->39->32->35
10	7326	7358.466666666667	29	1	0.003001689910888672	1->7->2->3->10->8->6->5->4->9
20	34598	34431.478158166865	472	1	0.1621086597442627	1->7->2->19->3->10->14->8->6->11->5->4->17->13->12->20->9->18->15->16
30	61572	61392.618363037865	9027	1	2.958977460861206	1->7->2->19->25->3->10->14->8->23->21->5->4->24->13->12->29->20->30->11->22->17->6->28->26->27->9->18->15->16
40	131512	130710.116093332	20994	1	16.417975425720215	1->7->2->19->25->3->10->14->8->23->21->40->5->4->24->12->29->13->34->36->20->33->31->30->28->11->22->27->26->18->15->16->38->17->6->9->37->39->32->35
10	7326	7358.466666666667	29	1	0.0030019283294677734	1->7->2->3->10->8->6->5->4->9
20	34598	34431.478158166865	472	1	0.15810513496398926	1->7->2->19->3->10->14->8->6->11->5->4->17->13->12->20->9->18->15->16
30	61572	61392.618363037865	9027	1	2.8398985862731934	1->7->2->19->25->3->10->14->8->23->21->5->4->24->13->12->29->20->30->11->22->17->6->28->26->27->9->18->15->16
40	131512	130710.116093332	20994	1	15.912639856338501	1->7->2->19->25->3->10->14->8->23->21->40->5->4->24->12->29->13->34->36->20->33->31->30->28->11->22->27->26->18->15->16->38->17->6->9->37->39->32->35
10	7326	7314.266666666666	29	1	0.004002809524536133	1->7->2->3->10->8->6->5->4->9
20	34626	34367.70564701734	63	1	0.019012928009033203	1->7->2->19->3->10->14->8->6->5->4->11->13->12->20->17->9->18->15->16
30	61648	61339.23152214915	1789	1	0.469313383102417	1->7->2->19->25->3->10->14->8->30->21->5->4->24->13->12->29->20->23->11->22->17->9->28->26->27->6->18->15->16
40	131483	130997.76544200462	1395	1	1.140763282775879	1->7->2->19->25->3->10->14->8->23->21->40->5->4->24->12->29->13->34->36->20->33->31->30->28->11->22->27->17->18->6->15->16->38->26->9->37->39->32->35
10	7326	7314.266666666666	29	1	0.0030019283294677734	1->7->2->3->10->8->6->5->4->9
20	34626	34367.70564701734	63	1	0.018013954162597656	1->7->2->19->3->10->14->8->6->5->4->11->13->12->20->17->9->18->15->16
30	61648	61339.23152214915	1789	1	0.43729329109191895	1->7->2->19->25->3->10->14->8->30->21->5->4->24->13->12->29->20->23->11->22->17->9->28->26->27->6->18->15->16
40	131483	130997.76544200462	1395	1	1.0687146186828613	1->7->2->19->25->3->10->14->8->23->21->40->5->4->24->12->29->13->34->36->20->33->31->30->28->11->22->27->17->18->6->15->16->38->26->9->37->39->32->35
50	217305	217099.19601769265	1968	1	2.975989580154419	1->7->2->19->25->3->10->50->14->8->21->40->5->49->4->13->12->29->34->44->20->36->41->45->33->23->28->31->30->27->46->24->15->11->16->18->43->38->17->37->22->39->26->6->9->32->47->35->48->42
10	7326	7273.933333333333	42	1	0.015625476837158203	1->7->2->3->10->8->6->5->4->9
20	34598	33778.340491480754	989	1	0.48439812660217285	1->7->2->19->3->10->14->8->6->11->5->4->17->13->12->20->9->18->15->16
30	61572	60782.1374920869	23297	1	10.108719110488892	1->7->2->19->25->3->10->14->8->23->21->5->4->24->13->12->29->20->30->11->22->17->6->28->26->27->9->18->15->16
40	131483	130420.4929361384	4627	1	3.924684524536133	1->7->2->19->25->3->10->14->8->23->21->40->5->4->24->12->29->13->34->36->20->33->31->30->28->11->22->27->17->18->6->15->16->38->26->9->37->39->32->35
50	217203	216566.50527484034	77403	1	86.5056402683258	1->7->2->19->25->3->10->50->14->8->21->40->5->49->4->13->12->29->34->44->20->36->33->31->45->28->24->30->27->46->41->18->15->23->11->16->43->38->22->37->6->39->26->17->9->32->47->35->48->42
10	7326	7312.0666666666675	29	1	0.003002166748046875	1->7->2->3->10->8->6->5->4->9
20	34598	33959.9069982182	633	1	0.2670447826385498	1->7->2->19->3->10->14->8->6->11->5->4->17->13->12->20->9->18->15->16
30	61572	60637.8604029868	8959	1	3.3231124877929688	1->7->2->19->25->3->10->14->8->23->21->5->4->24->13->12->29->20->30->11->22->17->6->28->26->27->9->18->15->16
40	131483	130270.36905920833	30093	1	23.535948038101196	1->7->2->19->25->3->10->14->8->23->21->40->5->4->24->12->29->13->34->36->20->33->31->30->28->11->22->27->17->18->6->15->16->38->26->9->37->39->32->35
