10	18506	17930.916103431737	40	1	0.015626907348632812	5->10->1->3->7->2->4->6->9->8
20	54233	52806.0853303952	378	1	0.06250214576721191	5->10->15->13->3->11->7->12->1->4->6->17->16->8->14->9->19->2->18->20
30	107038	105270.84958619578	4698	1	2.2032394409179688	5->10->15->13->3->11->26->21->12->7->30->4->6->17->16->8->14->1->9->29->19->2->25->22->24->18->20->23->28->27
40	214404	211829.88295157152	78428	2	99.16821074485779	5->10->15->13->3->11->26->21->12->7->30->4->6->32->17->16->8->14->1->19->36->29->37->34->9->33->2->25->22->24->18->20->35->39->23->38->40->28->27->31
10	18506	17768.191994069683	86	1	0.0	5->10->1->3->7->2->4->6->9->8
20	54233	52759.21276984047	540	1	0.12563061714172363	5->10->15->13->3->11->7->12->1->4->6->17->16->8->14->9->19->2->18->20
30	107038	105059.19556361306	6508	2	2.47204327583313	5->10->15->13->3->11->26->21->12->7->30->4->6->17->16->8->14->9->1->29->19->2->25->22->24->18->20->23->28->27
10	18506	17768.191994069683	86	1	0.014009237289428711	5->10->1->3->7->2->4->6->9->8
20	54233	52759.21276984047	540	1	0.10807061195373535	5->10->15->13->3->11->7->12->1->4->6->17->16->8->14->9->19->2->18->20
30	107038	105059.19556361306	6508	2	2.5196845531463623	5->10->15->13->3->11->26->21->12->7->30->4->6->17->16->8->14->9->1->29->19->2->25->22->24->18->20->23->28->27
40	214404	211265.76090054525	268281	2	843.3092398643494	5->10->15->13->3->11->26->21->12->7->30->4->6->32->17->16->8->14->1->19->36->29->37->34->9->33->2->25->22->24->18->20->35->39->23->38->40->28->27->31
10	18506	17768.191994069683	83	1	0.0156252384185791	5->10->1->3->7->2->4->6->9->8
20	54233	52759.21276984047	1112	1	0.21876287460327148	5->10->15->13->3->11->7->12->1->4->6->17->16->8->14->9->19->2->18->20
30	107038	105059.19556361306	12693	3	4.147185802459717	5->10->15->13->3->11->26->21->12->7->30->4->6->17->16->8->14->9->1->29->19->2->25->22->24->18->20->23->28->27
10	18506	17768.191994069683	75	1	0.015625715255737305	5->10->1->3->7->2->4->6->9->8
20	54233	52759.21276984047	573	1	0.10938072204589844	5->10->15->13->3->11->7->12->1->4->6->17->16->8->14->9->19->2->18->20
30	107038	105059.19556361306	9322	2	3.1625845432281494	5->10->15->13->3->11->26->21->12->7->30->4->6->17->16->8->14->9->1->29->19->2->25->22->24->18->20->23->28->27
40	214404	211265.76090054525	362368	6	416.27654099464417	5->10->15->13->3->11->26->21->12->7->30->4->6->32->17->16->8->14->9->19->36->29->37->34->1->33->2->25->22->24->18->20->35->39->23->38->40->28->27->31
10	18506	17768.191994069683	80	1	0.0156252384185791	5->10->1->3->7->2->4->6->9->8
20	54233	52759.21276984047	551	1	0.12500715255737305	5->10->15->13->3->11->7->12->1->4->6->17->16->8->14->9->19->2->18->20
30	107038	105059.19556361306	6600	2	2.7785210609436035	5->10->15->13->3->11->26->21->12->7->30->4->6->17->16->8->14->1->9->29->19->2->25->22->24->18->20->23->28->27
10	18506	17768.191994069683	80	1	0.015626192092895508	5->10->1->3->7->2->4->6->9->8
20	54233	52759.21276984047	551	1	0.12500429153442383	5->10->15->13->3->11->7->12->1->4->6->17->16->8->14->9->19->2->18->20
30	107038	105059.19556361306	6600	2	2.9777989387512207	5->10->15->13->3->11->26->21->12->7->30->4->6->17->16->8->14->1->9->29->19->2->25->22->24->18->20->23->28->27
10	18506	17768.191994069683	80	1	0.015623807907104492	5->10->1->3->7->2->4->6->9->8
20	54233	52759.21276984047	551	1	0.1093895435333252	5->10->15->13->3->11->7->12->1->4->6->17->16->8->14->9->19->2->18->20
30	107038	105059.19556361306	6600	2	2.7356231212615967	5->10->15->13->3->11->26->21->12->7->30->4->6->17->16->8->14->1->9->29->19->2->25->22->24->18->20->23->28->27
10	18506	17768.191994069683	80	1	0.015624523162841797	5->10->1->3->7->2->4->6->9->8
20	54233	52759.21276984047	551	1	0.12500524520874023	5->10->15->13->3->11->7->12->1->4->6->17->16->8->14->9->19->2->18->20
30	107038	105059.19556361306	6600	2	2.652646780014038	5->10->15->13->3->11->26->21->12->7->30->4->6->17->16->8->14->1->9->29->19->2->25->22->24->18->20->23->28->27
10	18506	17768.191994069683	80	1	0.0156252384185791	5->10->1->3->7->2->4->6->9->8
20	54233	52759.21276984047	551	1	0.1344902515411377	5->10->15->13->3->11->7->12->1->4->6->17->16->8->14->9->19->2->18->20
30	107038	105059.19556361306	6600	2	3.052354335784912	5->10->15->13->3->11->26->21->12->7->30->4->6->17->16->8->14->1->9->29->19->2->25->22->24->18->20->23->28->27
10	18506	18917.26241660489	21	1	0.0	5->10->1->3->7->2->4->6->9->8
20	54233	54127.69016050022	106	1	0.015625476837158203	5->10->15->13->3->11->7->12->1->4->6->17->16->8->14->9->19->2->18->20
30	107038	106610.25336698163	209	2	0.04687666893005371	5->10->15->13->3->11->26->21->12->7->30->4->6->17->16->8->14->9->1->29->19->2->25->22->24->18->20->23->28->27
40	214404	214007.735487265	328	1	0.12500572204589844	5->10->15->13->3->11->26->21->12->7->30->4->6->32->17->16->8->14->1->19->36->29->37->34->9->33->2->25->22->24->18->20->35->39->23->38->40->28->27->31
50	272700	272179.8190430391	9283	1	3.9689619541168213	5->10->15->13->3->11->26->21->12->7->30->45->4->50->6->32->16->8->14->42->17->47->43->36->37->29->19->34->49->1->9->33->48->25->41->2->22->24->18->20->35->39->23->38->46->40->28->44->27->31
