2450	
10887	
27034	
43357	
63801	
91581	
120809	
156867	
193631	
264436	
3044	
10561	
20837	
35152	
59341	
95562	
127755	
162351	
194414	
230733	
3302	
10868	
20020	
36637	
53335	
80654	
113729	
145438	
181838	
220002	
1578	
6265	
18714	
32824	
49403	
71213	
102460	
133377	
166236	
199706	
2213	
10718	
25996	
40139	
55697	
79358	
105790	
156532	
211549	
254661	
2371	
8120	
19030	
41994	
64502	
92042	
124979	
147771	
190972	
232506	
2906	
11534	
23035	
37559	
56793	
80648	
100972	
128891	
161704	
201156	
3200	
10678	
20911	
32628	
55276	
78219	
104166	
137479	
176951	
207909	
3189	
12144	
27196	
44218	
65810	
94931	
128219	
167595	
202962	
246709	
3237	
12413	
24462	
37960	
58717	
78801	
111157	
143693	
174455	
218418	
3237	
12413	
24462	
37960	
58717	
78801	
111157	
143693	
174455	
218418	
1016	
1016	
1016	
1016	
1016	
518	
