1	0	61	7	
2	126	54	4	
3	301	32	6	
4	104	63	3	
5	33	54	7	
6	598	3	2	
7	546	60	2	
8	658	38	5	
9	358	99	9	
10	348	3	1	
11	825	80	5	
12	29	46	5	
13	787	10	4	
14	747	4	1	
15	411	20	6	
16	700	1	1	
17	1386	56	8	
18	853	4	1	
19	215	48	3	
20	1187	37	9	
21	1889	76	3	
22	2003	60	5	
23	991	32	6	
24	1365	40	1	
25	843	38	4	
26	1481	13	3	
27	873	95	4	
28	2791	93	6	
29	1871	90	2	
30	661	52	6	
31	2138	21	9	
32	3016	97	7	
33	1877	98	5	
34	1161	78	4	
35	1787	52	9	
36	1306	37	7	
37	3257	34	2	
38	3064	100	3	
39	957	36	3	
40	1790	42	7	
