1	0	57	4	
2	0	21	7	
3	60	36	6	
4	72	12	5	
5	133	44	8	
6	157	21	4	
7	5	99	9	
8	323	59	7	
9	43	53	2	
10	316	32	1	
11	519	36	8	
12	502	41	2	
13	353	31	6	
14	42	64	3	
15	745	43	3	
16	360	5	7	
17	462	2	6	
18	342	17	8	
19	40	28	8	
20	800	13	8	
21	451	84	2	
22	96	77	9	
23	685	17	5	
24	761	60	5	
25	975	50	1	
26	1190	9	3	
27	663	82	3	
28	1180	84	7	
29	356	17	7	
30	736	77	9	
31	1367	97	5	
32	514	44	6	
33	1426	43	2	
34	678	93	7	
35	514	50	7	
36	1308	57	4	
37	468	100	1	
38	723	1	4	
39	993	10	5	
40	336	87	9	
