1	0	61	7	
2	75	35	1	
3	224	48	4	
4	223	75	8	
5	59	32	4	
6	433	36	7	
7	31	50	4	
8	515	57	6	
9	506	4	3	
10	117	47	7	
11	427	79	2	
12	1031	54	5	
13	381	32	2	
14	714	50	6	
15	1142	25	6	
16	98	5	5	
17	15	88	4	
18	686	32	7	
19	1164	4	2	
20	916	26	7	
21	56	95	8	
22	1296	17	1	
23	113	89	6	
24	45	93	3	
25	174	45	2	
26	2395	39	9	
27	1714	97	4	
28	829	71	2	
29	1583	37	7	
30	1421	99	2	
31	424	3	2	
32	1901	100	9	
33	1694	9	5	
34	1009	6	2	
35	474	24	6	
36	1520	74	6	
37	3315	11	6	
38	74	40	3	
39	1652	73	3	
40	1060	79	1	
