1	0	59	7	
2	39	60	7	
3	86	37	3	
4	52	81	1	
5	100	83	6	
6	225	4	1	
7	90	8	7	
8	218	78	5	
9	443	17	1	
10	112	57	9	
11	287	36	8	
12	565	23	8	
13	391	63	9	
14	606	95	5	
15	41	63	8	
16	221	19	7	
17	253	70	4	
18	711	86	3	
19	822	80	8	
20	89	1	4	
21	903	6	6	
22	964	22	1	
23	1067	93	9	
24	271	19	3	
25	622	31	9	
26	1240	27	1	
27	1279	95	1	
28	1005	97	8	
29	1103	96	5	
30	179	30	9	
31	195	92	2	
32	502	5	6	
33	379	2	6	
34	800	3	2	
35	344	52	6	
36	851	2	3	
37	1651	40	4	
38	930	34	4	
39	891	74	6	
40	1159	68	8	
