1	0	47	5	
2	14	98	8	
3	61	41	3	
4	49	73	6	
5	82	95	1	
6	562	15	7	
7	527	6	2	
8	443	2	1	
9	388	47	8	
10	689	88	9	
11	795	44	4	
12	183	26	2	
13	77	96	4	
14	202	60	5	
15	702	29	4	
16	634	50	2	
17	333	100	8	
18	1296	26	6	
19	1535	40	4	
20	1255	73	3	
21	1447	85	9	
22	967	25	4	
23	1629	100	1	
24	1222	47	7	
25	1009	74	2	
26	2038	83	7	
27	1629	57	8	
28	2371	43	1	
29	1441	42	6	
30	423	93	2	
31	2003	72	3	
32	1377	1	7	
33	925	33	7	
34	910	32	4	
35	3486	91	6	
36	3417	97	4	
37	1635	65	3	
38	2087	84	2	
39	3445	60	4	
40	1080	87	7	
