1	0	27	2	
2	221	68	5	
3	403	65	6	
4	288	45	3	
5	195	14	7	
6	473	45	8	
7	579	25	7	
8	113	77	3	
9	48	66	7	
10	691	14	3	
11	98	82	7	
12	144	40	5	
13	1055	77	4	
14	1907	15	3	
15	1786	57	9	
16	2130	83	7	
17	91	91	5	
18	2187	93	2	
19	2775	52	8	
20	1752	83	2	
21	837	56	6	
22	1191	18	7	
23	1074	45	6	
24	530	3	8	
25	2551	37	9	
26	59	28	4	
27	3173	61	6	
28	1317	83	3	
29	1618	26	8	
30	3967	60	5	
31	1557	28	5	
32	2597	28	4	
33	3054	92	9	
34	611	91	5	
35	2318	22	4	
36	1663	96	4	
37	1905	96	5	
38	4764	55	9	
39	2056	79	2	
40	1938	77	4	
