1	0	4	6	
2	251	4	7	
3	216	16	9	
4	83	82	9	
5	219	65	5	
6	406	26	1	
7	392	94	6	
8	247	49	1	
9	809	46	9	
10	16	34	7	
11	1179	46	9	
12	1090	25	6	
13	543	71	2	
14	2088	33	4	
15	135	46	2	
16	668	1	4	
17	1962	32	5	
18	1297	16	3	
19	1666	96	5	
20	1626	16	8	
21	2271	57	1	
22	845	33	1	
23	1364	33	9	
24	820	36	4	
25	1365	89	9	
26	2510	48	1	
27	2044	47	1	
28	1164	74	7	
29	1806	54	9	
30	2068	72	9	
31	4681	8	5	
32	365	18	1	
33	993	92	6	
34	2247	4	1	
35	4064	32	9	
36	3412	10	5	
37	222	10	4	
38	5099	5	2	
39	5340	61	6	
40	5654	70	8	
