1	0	24	9	
2	224	2	7	
3	189	45	4	
4	96	96	9	
5	423	44	1	
6	268	92	8	
7	450	67	7	
8	103	33	4	
9	284	48	5	
10	645	20	6	
11	393	9	4	
12	933	26	2	
13	311	33	1	
14	1009	48	8	
15	1512	67	8	
16	2151	99	1	
17	864	9	9	
18	2036	82	3	
19	358	67	7	
20	332	74	1	
21	2652	89	9	
22	804	65	8	
23	395	60	1	
24	735	61	3	
25	1682	93	9	
26	707	65	1	
27	3539	42	3	
28	233	81	1	
29	3299	98	6	
30	2716	80	5	
31	4460	93	4	
32	1917	92	5	
33	3733	93	6	
34	2563	1	6	
35	2137	31	4	
36	4483	86	9	
37	2108	43	4	
38	4242	78	6	
39	783	31	5	
40	2194	16	5	
