1	0	91	6	
2	50	36	6	
3	195	100	6	
4	290	94	8	
5	8	40	3	
6	129	17	1	
7	678	17	5	
8	100	98	6	
9	889	100	2	
10	147	58	8	
11	406	17	9	
12	1104	8	9	
13	810	50	6	
14	301	83	4	
15	822	13	5	
16	157	73	1	
17	349	36	8	
18	1576	89	1	
19	1441	81	6	
20	829	14	7	
21	184	89	9	
22	827	49	8	
23	1612	57	5	
24	2194	80	9	
25	206	16	6	
26	309	37	9	
27	1868	99	7	
28	1069	92	9	
29	2254	100	3	
30	281	2	9	
31	2826	61	5	
32	2120	81	6	
33	1696	21	9	
34	2877	35	8	
35	737	93	7	
36	2748	83	3	
37	322	40	9	
38	1960	81	7	
39	1008	78	4	
40	3615	37	5	
