1	0	24	4	
2	223	39	1	
3	153	43	5	
4	100	51	4	
5	196	78	4	
6	787	93	4	
7	964	16	9	
8	1167	27	2	
9	1188	3	6	
10	243	5	8	
11	1537	9	5	
12	1294	59	8	
13	290	77	3	
14	671	18	6	
15	2026	100	2	
16	1040	39	5	
17	1510	89	7	
18	1405	55	4	
19	743	88	4	
20	2410	63	8	
21	1790	97	1	
22	2608	39	5	
23	3032	74	5	
24	2685	64	3	
25	2807	57	6	
26	1036	90	8	
27	864	55	9	
28	4054	81	5	
29	2600	77	6	
30	870	25	9	
31	4463	66	2	
32	3963	59	3	
33	3518	38	3	
34	4482	29	7	
35	1045	1	8	
36	340	92	9	
37	350	61	2	
38	2857	23	1	
39	1896	43	2	
40	583	70	2	
