1	0	14	1	
2	52	35	4	
3	9	23	3	
4	147	91	8	
5	80	20	7	
6	101	7	4	
7	126	35	2	
8	194	70	3	
9	394	67	1	
10	36	47	2	
11	150	65	8	
12	322	63	3	
13	39	79	4	
14	624	27	9	
15	135	21	9	
16	716	44	9	
17	54	64	1	
18	754	39	1	
19	553	24	5	
20	93	65	2	
21	541	79	4	
22	169	37	3	
23	1048	86	6	
24	1013	31	7	
25	702	63	4	
26	129	45	8	
27	989	86	9	
28	539	39	9	
29	1463	59	3	
30	402	17	4	
31	684	91	4	
32	616	34	9	
33	361	64	4	
34	1199	9	7	
35	1738	15	8	
36	1449	67	7	
37	1424	35	5	
38	1333	76	6	
39	1036	90	3	
40	865	16	8	
