1	0	41	1	
2	23	63	6	
3	85	80	7	
4	201	98	7	
5	22	83	3	
6	290	17	5	
7	169	69	8	
8	201	25	3	
9	410	8	8	
10	125	25	4	
11	269	28	2	
12	29	10	3	
13	116	26	3	
14	243	58	2	
15	520	25	7	
16	514	24	6	
17	158	83	8	
18	226	19	9	
19	71	24	7	
20	393	98	9	
21	239	87	2	
22	831	58	9	
23	228	18	3	
24	950	40	5	
25	726	7	3	
26	1312	96	6	
27	308	8	8	
28	1061	60	2	
29	262	38	8	
30	46	48	8	
31	626	59	5	
32	314	13	1	
33	747	65	4	
34	418	46	7	
35	1321	23	2	
36	186	45	5	
37	747	83	6	
38	1413	82	3	
39	841	46	8	
40	940	70	9	
