1	0	41	2	
2	58	34	1	
3	219	1	6	
4	143	60	5	
5	418	31	3	
6	273	35	6	
7	74	47	7	
8	218	88	9	
9	74	22	1	
10	477	15	1	
11	613	37	7	
12	225	24	3	
13	505	59	6	
14	511	86	8	
15	693	81	7	
16	890	14	3	
17	1216	44	5	
18	1522	81	5	
19	1562	11	7	
20	1529	59	4	
21	1671	89	3	
22	1361	33	6	
23	1661	90	3	
24	2332	1	3	
25	1805	97	2	
26	2115	39	2	
27	2595	27	5	
28	2797	50	7	
29	969	12	3	
30	2930	81	8	
31	2635	21	5	
32	2032	13	9	
33	3052	79	3	
34	592	74	3	
35	1166	50	7	
36	2576	91	7	
37	971	45	3	
38	1951	56	2	
39	3334	12	4	
40	516	99	1	
