1	0	26	7	
2	202	90	3	
3	321	39	3	
4	173	41	5	
5	315	10	5	
6	273	5	6	
7	455	7	5	
8	379	38	6	
9	1068	29	6	
10	861	33	6	
11	1253	69	2	
12	300	4	9	
13	1257	4	3	
14	1640	20	6	
15	868	15	7	
16	1623	78	6	
17	438	76	8	
18	1303	41	5	
19	80	38	5	
20	1264	34	9	
21	1184	30	9	
22	2375	34	7	
23	317	8	4	
24	433	54	7	
25	2275	22	9	
26	1461	40	9	
27	3440	40	1	
28	543	91	7	
29	3292	53	7	
30	2368	58	3	
31	2547	4	1	
32	802	18	6	
33	2449	27	2	
34	2896	49	3	
35	1218	13	5	
36	1230	83	6	
37	181	54	8	
38	5068	80	5	
39	5788	78	6	
40	3552	56	1	
