1	0	74	7	
2	48	28	2	
3	5	41	1	
4	83	68	8	
5	8	90	1	
6	278	58	1	
7	100	56	2	
8	249	21	5	
9	371	64	1	
10	220	3	7	
11	290	100	3	
12	362	26	9	
13	153	100	9	
14	409	41	7	
15	87	37	3	
16	520	37	7	
17	519	80	3	
18	145	38	1	
19	349	60	6	
20	131	2	2	
21	294	69	1	
22	511	89	7	
23	1085	31	1	
24	1079	5	8	
25	1107	76	2	
26	328	1	7	
27	1118	38	4	
28	889	21	8	
29	772	20	3	
30	133	41	8	
31	317	92	7	
32	551	30	5	
33	1420	100	7	
34	317	79	3	
35	1746	78	3	
36	263	14	3	
37	85	30	2	
38	1628	70	8	
39	1892	88	8	
40	1735	38	5	
