1	0	26	8	
2	111	74	1	
3	149	48	8	
4	338	21	9	
5	387	61	7	
6	540	18	5	
7	353	42	5	
8	79	64	3	
9	548	66	6	
10	224	14	9	
11	437	92	2	
12	1144	24	7	
13	954	28	4	
14	685	88	2	
15	812	13	5	
16	1491	69	2	
17	1131	86	9	
18	415	40	8	
19	366	51	4	
20	1178	89	9	
21	1854	1	4	
22	1853	81	7	
23	2145	2	3	
24	1224	52	7	
25	2241	59	7	
26	1005	24	3	
27	691	22	4	
28	54	37	3	
29	1728	45	7	
30	1015	75	8	
31	18	100	7	
32	400	91	2	
33	1709	7	9	
34	677	22	5	
35	2524	36	9	
36	2049	81	2	
37	2993	87	1	
38	671	80	1	
39	1019	37	6	
40	3216	5	9	
41	3396	89	9	
42	1749	4	9	
43	118	88	5	
44	3867	61	9	
45	391	84	9	
46	4579	87	4	
47	1584	78	7	
48	559	19	4	
49	22	44	7	
50	4193	6	7	
