1	0	32	9	
2	164	97	5	
3	414	18	7	
4	588	4	4	
5	727	8	6	
6	631	18	8	
7	695	45	6	
8	1189	73	3	
9	536	19	3	
10	1495	98	4	
11	1556	71	7	
12	867	68	6	
13	1263	37	9	
14	2054	42	5	
15	883	6	4	
16	1727	14	4	
17	1941	65	6	
18	930	25	2	
19	1920	21	6	
20	1483	30	8	
21	2531	79	7	
22	687	22	5	
23	1736	77	3	
24	1501	39	2	
25	3356	68	2	
26	2291	11	2	
27	1704	6	3	
28	3818	51	9	
29	1020	9	5	
30	481	91	8	
31	2849	29	8	
32	4441	45	5	
33	200	5	4	
34	4163	61	2	
35	1408	81	7	
36	3888	14	2	
37	4741	8	9	
38	4919	88	7	
39	1874	64	4	
40	2828	51	7	
41	1858	62	5	
42	2986	59	9	
43	4842	93	5	
44	701	62	4	
45	2624	49	3	
46	2683	100	4	
47	3095	10	4	
48	2786	72	6	
49	6181	33	6	
50	6171	6	7	
