1	0	55	2	
2	3	7	1	
3	356	87	9	
4	573	88	1	
5	181	62	2	
6	220	10	4	
7	481	20	2	
8	786	78	3	
9	1312	34	3	
10	1362	2	6	
11	832	13	7	
12	79	20	1	
13	349	85	9	
14	416	61	1	
15	318	69	8	
16	727	75	9	
17	2547	94	7	
18	1576	95	5	
19	2052	96	9	
20	2545	60	3	
21	347	81	7	
22	2470	98	8	
23	1829	45	8	
24	2997	82	7	
25	266	65	9	
26	3807	15	5	
27	1849	55	6	
28	1193	25	5	
29	1035	20	9	
30	3097	93	5	
31	2492	19	6	
32	4224	46	3	
33	485	36	5	
34	364	30	5	
35	1132	58	1	
36	1891	38	1	
37	3006	98	2	
38	3298	25	1	
39	4079	10	8	
40	338	1	2	
41	3136	58	4	
42	1786	57	6	
43	3841	15	5	
44	2041	78	5	
45	2837	69	8	
46	645	55	8	
47	194	100	8	
48	1500	99	5	
49	1783	44	6	
50	3924	50	4	
