1	0	68	5	
2	0	82	6	
3	93	24	5	
4	132	4	5	
5	158	46	4	
6	140	64	9	
7	71	2	5	
8	135	8	5	
9	259	12	5	
10	213	98	9	
11	517	27	4	
12	295	12	8	
13	73	47	4	
14	440	6	3	
15	255	15	3	
16	475	46	4	
17	140	6	9	
18	550	66	6	
19	446	29	8	
20	932	60	6	
21	349	36	4	
22	301	40	9	
23	797	42	9	
24	93	88	4	
25	761	46	7	
26	1254	91	2	
27	1098	23	1	
28	824	90	4	
29	1239	80	5	
30	305	77	2	
31	1558	80	2	
32	91	28	6	
33	1630	53	2	
34	1526	57	1	
35	200	4	7	
36	1015	93	4	
37	1436	77	3	
38	870	67	1	
39	669	5	2	
40	1271	85	7	
41	734	96	9	
42	958	19	4	
43	604	92	5	
44	1645	6	5	
45	1315	65	4	
46	1212	85	4	
47	1090	48	9	
48	1848	88	4	
49	2227	3	5	
50	1107	66	3	
