1	0	100	8	
2	40	65	8	
3	2	65	1	
4	71	18	3	
5	315	85	8	
6	367	55	7	
7	2	25	6	
8	179	68	8	
9	616	95	5	
10	148	81	4	
11	928	53	5	
12	555	65	1	
13	673	81	9	
14	1410	55	9	
15	87	40	7	
16	1251	54	7	
17	871	59	8	
18	411	42	2	
19	79	72	2	
20	1858	74	6	
21	329	44	6	
22	128	55	6	
23	1509	11	6	
24	1655	45	3	
25	157	92	2	
26	950	36	1	
27	409	12	1	
28	1631	56	2	
29	294	1	7	
30	572	34	3	
31	2723	95	8	
32	1891	25	6	
33	3131	71	2	
34	398	48	7	
35	3014	4	3	
36	219	37	8	
37	781	83	5	
38	1876	22	7	
39	2573	26	3	
40	3594	7	2	
41	1567	39	6	
42	2727	71	1	
43	2525	63	5	
44	1678	68	2	
45	2741	3	2	
46	1634	34	7	
47	2307	34	7	
48	1215	46	9	
49	316	60	1	
50	500	62	6	
