1	0	24	4	
2	13	86	7	
3	48	60	4	
4	123	16	6	
5	101	93	8	
6	83	36	9	
7	61	36	4	
8	353	74	8	
9	43	21	3	
10	228	98	3	
11	337	14	6	
12	585	34	5	
13	126	23	5	
14	262	13	9	
15	61	86	9	
16	224	98	7	
17	832	33	3	
18	262	31	1	
19	212	80	6	
20	313	11	4	
21	751	14	1	
22	897	63	4	
23	331	65	7	
24	795	44	7	
25	385	82	8	
26	486	16	6	
27	518	23	6	
28	430	1	4	
29	243	59	3	
30	128	46	8	
31	1069	67	8	
32	1524	71	9	
33	268	83	2	
34	1199	37	3	
35	258	90	1	
36	1697	75	3	
37	105	40	2	
38	1448	2	6	
39	205	40	3	
40	1015	30	6	
41	1252	37	8	
42	2117	93	3	
43	611	75	4	
44	1669	14	2	
45	375	98	5	
46	1841	82	5	
47	2218	67	2	
48	1560	80	5	
49	1648	80	5	
50	475	1	7	
