1	0	33	6	
2	42	17	8	
3	20	76	8	
4	7	19	6	
5	102	1	2	
6	211	36	9	
7	12	40	8	
8	121	70	8	
9	343	3	4	
10	80	83	6	
11	168	41	4	
12	344	87	8	
13	593	65	6	
14	670	35	7	
15	500	81	2	
16	692	52	7	
17	655	54	9	
18	903	21	4	
19	701	35	2	
20	879	20	5	
21	720	2	3	
22	1091	63	6	
23	178	34	8	
24	1085	65	3	
25	801	73	3	
26	597	74	5	
27	806	33	9	
28	136	25	3	
29	96	17	6	
30	82	2	5	
31	969	83	4	
32	1237	17	8	
33	1058	22	6	
34	482	47	9	
35	1233	34	9	
36	1292	68	8	
37	279	2	4	
38	1179	98	2	
39	945	84	8	
40	1309	55	4	
41	1341	16	5	
42	643	17	7	
43	189	25	8	
44	600	97	9	
45	628	50	6	
46	439	64	1	
47	487	60	2	
48	1106	83	5	
49	1453	21	5	
50	276	42	1	
