1	0	70	3	
2	137	73	9	
3	30	10	4	
4	331	18	4	
5	67	57	8	
6	508	18	1	
7	694	94	7	
8	465	82	4	
9	231	100	3	
10	215	10	8	
11	609	24	8	
12	911	1	5	
13	863	25	7	
14	46	91	8	
15	467	65	9	
16	909	83	4	
17	14	67	2	
18	3	98	5	
19	1158	8	3	
20	1243	99	1	
21	1283	89	9	
22	982	69	7	
23	776	68	2	
24	522	55	8	
25	275	51	8	
26	2419	20	6	
27	2029	12	7	
28	539	39	7	
29	2619	11	2	
30	1527	44	8	
31	2015	69	8	
32	1567	48	3	
33	2035	45	4	
34	1970	55	5	
35	584	48	3	
36	1973	20	7	
37	553	2	1	
38	1042	33	3	
39	3308	64	8	
40	2977	94	5	
41	1142	1	5	
42	1190	3	7	
43	536	5	9	
44	3261	3	7	
45	2051	24	8	
46	2269	82	4	
47	3117	95	2	
48	2375	79	9	
49	3408	34	2	
50	2856	66	7	
