1	0	60	3	
2	44	32	5	
3	196	85	4	
4	221	45	1	
5	555	48	8	
6	507	89	8	
7	501	82	3	
8	604	58	7	
9	660	15	4	
10	389	33	9	
11	1388	80	9	
12	443	32	7	
13	1476	65	1	
14	1917	23	9	
15	1314	32	7	
16	1338	43	3	
17	746	89	8	
18	987	30	9	
19	2371	2	2	
20	472	37	2	
21	1515	52	3	
22	1866	26	9	
23	290	48	7	
24	3546	91	8	
25	1350	8	9	
26	3139	69	3	
27	1431	36	3	
28	177	52	8	
29	4246	66	8	
30	293	82	2	
31	1239	55	7	
32	248	77	3	
33	2701	95	3	
34	680	78	8	
35	3463	73	2	
36	912	36	6	
37	4842	3	4	
38	2013	72	6	
39	1162	39	5	
40	2744	94	9	
41	2251	60	3	
42	4797	96	1	
43	18	93	7	
44	717	90	5	
45	2	47	7	
46	4190	98	8	
47	4658	15	1	
48	6396	70	9	
49	4609	64	4	
50	300	80	9	
