1	0	43	9	
2	76	34	1	
3	6	34	3	
4	46	31	1	
5	197	1	8	
6	125	84	4	
7	1	78	3	
8	19	76	4	
9	357	44	5	
10	76	71	7	
11	24	56	2	
12	355	2	5	
13	357	77	2	
14	4	69	2	
15	687	89	4	
16	313	34	6	
17	797	67	5	
18	216	5	2	
19	172	58	2	
20	813	83	4	
21	114	93	9	
22	432	93	8	
23	784	91	6	
24	451	91	4	
25	708	7	8	
26	1170	87	8	
27	995	61	4	
28	1226	13	6	
29	725	37	1	
30	17	23	3	
31	341	98	1	
32	618	44	3	
33	1138	78	8	
34	176	48	2	
35	1055	81	5	
36	1482	62	9	
37	1501	93	2	
38	789	16	8	
39	1098	21	6	
40	1634	84	9	
41	501	2	5	
42	467	12	4	
43	81	8	1	
44	1251	13	3	
45	2039	34	9	
46	52	14	5	
47	2034	40	8	
48	2156	44	5	
49	297	3	9	
50	1306	83	5	
