1	0	23	1	
2	6	30	7	
3	296	16	4	
4	390	91	5	
5	474	24	7	
6	130	37	9	
7	248	88	8	
8	325	47	8	
9	701	38	8	
10	723	14	5	
11	622	5	1	
12	190	9	8	
13	958	20	3	
14	1069	77	1	
15	1303	17	4	
16	794	86	7	
17	768	71	2	
18	1674	69	3	
19	1220	12	9	
20	232	66	4	
21	627	82	6	
22	1306	32	7	
23	210	59	6	
24	1498	100	9	
25	1175	47	2	
26	1646	73	8	
27	1615	90	2	
28	419	65	7	
29	1693	98	5	
30	1287	43	7	
31	2888	16	5	
32	2983	74	7	
33	1386	13	2	
34	2395	85	5	
35	1044	45	9	
36	3193	49	2	
37	2464	51	8	
38	631	77	2	
39	1330	12	1	
40	3392	96	5	
41	2315	10	5	
42	636	100	8	
43	3242	38	6	
44	797	94	8	
45	227	97	1	
46	1476	66	7	
47	3114	86	1	
48	2903	8	3	
49	1406	71	5	
50	3133	35	9	
