1	0	70	7	
2	12	98	3	
3	408	37	1	
4	269	59	3	
5	284	55	4	
6	681	75	1	
7	188	76	1	
8	586	66	1	
9	419	10	1	
10	1411	43	9	
11	102	27	9	
12	205	65	6	
13	1471	1	1	
14	923	16	3	
15	2261	30	4	
16	2381	84	5	
17	723	12	7	
18	367	13	6	
19	846	77	4	
20	8	84	5	
21	223	19	8	
22	2308	79	9	
23	1485	89	3	
24	2550	41	8	
25	71	23	8	
26	458	19	3	
27	502	42	7	
28	4055	57	8	
29	2107	74	8	
30	468	51	4	
31	575	98	8	
32	4839	42	7	
33	4270	10	2	
34	4651	79	9	
35	5292	97	6	
36	4155	68	4	
37	1279	4	6	
38	901	47	8	
39	3182	97	1	
40	4923	85	5	
41	5599	38	2	
42	5438	10	9	
43	4010	12	1	
44	3382	29	5	
45	130	39	5	
46	5553	4	2	
47	884	6	6	
48	85	66	6	
49	483	85	7	
50	3068	36	6	
