1	0	22	5	
2	92	87	5	
3	109	6	8	
4	455	77	5	
5	645	64	6	
6	899	72	2	
7	245	47	8	
8	677	52	4	
9	314	6	6	
10	488	68	6	
11	170	30	7	
12	1136	7	7	
13	12	75	7	
14	504	10	3	
15	1226	1	1	
16	1876	6	8	
17	2324	58	8	
18	819	100	1	
19	776	99	5	
20	2193	95	9	
21	1955	6	8	
22	2786	24	3	
23	448	16	2	
24	2033	92	5	
25	3499	92	9	
26	2722	90	4	
27	1177	8	2	
28	2589	40	6	
29	3754	71	5	
30	923	5	2	
31	3284	20	6	
32	4626	66	4	
33	3285	65	1	
34	3353	50	1	
35	2549	55	2	
36	3498	61	6	
37	3170	37	3	
38	5175	89	4	
39	411	78	9	
40	3467	68	4	
41	4693	40	5	
42	3262	97	7	
43	1187	59	6	
44	4138	46	3	
45	3398	56	4	
46	3656	59	8	
47	5835	60	9	
48	2400	19	3	
49	964	89	7	
50	1862	95	1	
