1	0	15	6	
2	189	91	1	
3	180	26	1	
4	98	52	5	
5	412	47	9	
6	160	19	7	
7	428	24	1	
8	365	99	8	
9	405	74	4	
10	553	93	7	
11	124	86	8	
12	159	18	5	
13	754	34	9	
14	919	87	9	
15	780	44	1	
16	1066	69	6	
17	729	7	6	
18	101	97	9	
19	1612	53	3	
20	1844	39	6	
21	1772	12	6	
22	758	100	6	
23	971	59	7	
24	412	42	3	
25	694	63	8	
26	1856	96	3	
27	947	22	2	
28	1343	98	3	
29	316	64	9	
30	1562	81	3	
31	711	90	5	
32	10	7	6	
33	1368	100	9	
34	1874	32	2	
35	2743	51	2	
36	1303	53	1	
37	2747	48	2	
38	3746	57	1	
39	526	62	7	
40	710	2	2	
41	664	50	6	
42	2545	78	3	
43	240	6	4	
44	2723	12	5	
45	2619	67	2	
46	3629	11	4	
47	1988	50	5	
48	3873	3	5	
49	423	4	1	
50	1742	22	9	
