1	0	81	6	
2	71	4	1	
3	122	70	6	
4	14	40	4	
5	127	12	5	
6	78	18	3	
7	163	84	8	
8	388	22	1	
9	448	95	2	
10	3	35	2	
11	102	79	9	
12	136	26	7	
13	41	19	3	
14	75	21	5	
15	176	87	1	
16	173	32	6	
17	32	43	4	
18	507	91	9	
19	843	96	2	
20	642	75	1	
21	505	4	3	
22	448	71	6	
23	742	24	5	
24	1075	9	7	
25	929	72	9	
26	1166	16	8	
27	394	74	7	
28	479	23	4	
29	927	40	5	
30	237	22	9	
31	685	93	6	
32	437	7	3	
33	706	63	3	
34	1108	34	2	
35	1505	8	8	
36	1623	54	2	
37	1663	52	7	
38	1556	98	7	
39	961	60	9	
40	37	5	3	
41	22	24	4	
42	261	58	1	
43	1776	26	2	
44	1589	61	6	
45	343	50	4	
46	2319	68	9	
47	559	13	8	
48	137	42	7	
49	2070	58	3	
50	514	67	6	
