10	9914	9798.369565217392	19	1	0.0	1->4->8->10->6->3->5->2->9->7
10	9914	9798.369565217392	19	1	0.0	1->4->8->10->6->3->5->2->9->7
10	9914	9798.369565217392	19	1	0.0	1->4->8->10->6->3->5->2->9->7
10	9914	9798.369565217392	19	1	0.0	1->4->8->10->6->3->5->2->9->7
10	9914	9798.369565217392	19	1	0.0010008811950683594	1->4->8->10->6->3->5->2->9->7
10	9914	9798.369565217392	19	1	0.0010006427764892578	1->4->8->10->6->3->5->2->9->7
10	9914	9798.369565217392	19	1	0.0013070106506347656	1->4->8->10->6->3->5->2->9->7
10	9914	9798.369565217392	19	1	0.015627622604370117	1->4->8->10->6->3->5->2->9->7
10	9914	9798.369565217392	19	1	0.0	1->4->8->10->6->3->5->2->9->7
10	9914	9798.369565217392	19	1	0.0	1->4->8->10->6->3->5->2->9->7
10	9914	9798.369565217392	19	1	0.0020024776458740234	1->4->8->10->6->3->5->2->9->7
10	9914	9798.369565217392	19	1	0.0009999275207519531	1->4->8->10->6->3->5->2->9->7
10	9914	9798.369565217392	19	1	0.0	1->4->8->10->6->3->5->2->9->7
10	9914	9798.369565217392	19	1	0.0	1->4->8->10->6->3->5->2->9->7
10	9914	9798.369565217392	19	1	0.0	1->4->8->10->6->3->5->2->9->7
10	9914	9798.369565217392	19	1	0.0	1->4->8->10->6->3->5->2->9->7
10	9914	9798.369565217392	19	1	0.0	1->4->8->10->6->3->5->2->9->7
10	9914	9798.369565217392	19	1	0.0020012855529785156	1->4->8->10->6->3->5->2->9->7
10	9914	9798.369565217392	19	1	0.0	1->4->8->10->6->3->5->2->9->7
10	9914	9798.369565217392	19	1	0.0	1->4->8->10->6->3->5->2->9->7
10	9914	9798.369565217392	19	1	0.0	1->4->8->10->6->3->5->2->9->7
10	9914	9798.369565217392	19	1	0.0	1->4->8->10->6->3->5->2->9->7
10	9914	9798.369565217392	19	1	0.0	1->4->8->10->6->3->5->2->9->7
10	9914	9798.369565217392	19	1	0.0	1->4->8->10->6->3->5->2->9->7
10	9914	9798.369565217392	19	1	0.0010008811950683594	1->4->8->10->6->3->5->2->9->7
10	9914	9798.369565217392	19	1	0.0	1->4->8->10->6->3->5->2->9->7
10	9914	9798.369565217392	19	1	0.0	1->4->8->10->6->3->5->2->9->7
10	9914	9798.369565217392	19	1	0.015630483627319336	1->4->8->10->6->3->5->2->9->7
10	9914	9798.369565217392	19	1	0.015624284744262695	1->4->8->10->6->3->5->2->9->7
10	9914	9798.369565217392	19	1	0.0	1->4->8->10->6->3->5->2->9->7
10	9914	9798.369565217392	19	1	0.0	1->4->8->10->6->3->5->2->9->7
10	9914	9798.369565217392	19	1	0.0	1->4->8->10->6->3->5->2->9->7
10	9914	9798.369565217392	19	1	0.0	1->4->8->10->6->3->5->2->9->7
10	9914	9798.369565217392	19	1	0.0	1->4->8->10->6->3->5->2->9->7
10	9914	9798.369565217392	19	1	0.0	1->4->8->10->6->3->5->2->9->7
10	9914	9798.369565217392	19	1	0.0	1->4->8->10->6->3->5->2->9->7
10	9914	9798.369565217392	19	1	0.0	1->4->8->10->6->3->5->2->9->7
10	9914	9798.369565217392	19	1	0.0	1->4->8->10->6->3->5->2->9->7
10	9914	9798.369565217392	19	1	0.0	1->4->8->10->6->3->5->2->9->7
10	9914	9798.369565217392	19	1	0.0	1->4->8->10->6->3->5->2->9->7
10	9914	9798.369565217392	19	1	0.0010006427764892578	1->4->8->10->6->3->5->2->9->7
10	2024	1996.9285714285713	24	1	0.0010004043579101562	1->6->7->10->8->4->2->9->3->5
