10	9914	9782.391304347826	19	1	0.0	1->4->8->10->6->3->5->2->9->7
10	9914	9782.391304347826	19	1	0.015626192092895508	1->4->8->10->6->3->5->2->9->7
10	9914	9782.391304347826	19	1	0.0	1->4->8->10->6->3->5->2->9->7
10	9914	9782.391304347826	19	1	0.0	1->4->8->10->6->3->5->2->9->7
10	9914	9782.391304347826	19	1	0.0	1->4->8->10->6->3->5->2->9->7
10	9914	9782.391304347826	19	1	0.0	1->4->8->10->6->3->5->2->9->7
10	9914	9782.391304347826	19	1	0.0	1->4->8->10->6->3->5->2->9->7
10	9914	9782.391304347826	19	1	0.0	1->4->8->10->6->3->5->2->9->7
10	9914	9782.391304347826	19	1	0.004002571105957031	1->4->8->10->6->3->5->2->9->7
10	9914	9782.391304347826	19	1	0.002001523971557617	1->4->8->10->6->3->5->2->9->7
10	9914	9782.391304347826	19	1	0.0	1->4->8->10->6->3->5->2->9->7
10	9914	9782.391304347826	19	1	0.0009984970092773438	1->4->8->10->6->3->5->2->9->7
10	9914	9782.391304347826	19	1	0.0	1->4->8->10->6->3->5->2->9->7
10	9914	9782.391304347826	19	1	0.0	1->4->8->10->6->3->5->2->9->7
10	9914	9782.391304347826	19	1	0.0	1->4->8->10->6->3->5->2->9->7
10	9914	9782.391304347826	19	1	0.0	1->4->8->10->6->3->5->2->9->7
10	9914	9782.391304347826	19	1	0.0	1->4->8->10->6->3->5->2->9->7
10	9914	9782.391304347826	19	1	0.01562666893005371	1->4->8->10->6->3->5->2->9->7
10	9914	9782.391304347826	19	1	0.0	1->4->8->10->6->3->5->2->9->7
10	9914	9782.391304347826	19	1	0.0	1->4->8->10->6->3->5->2->9->7
10	9914	9782.391304347826	19	1	0.0	1->4->8->10->6->3->5->2->9->7
10	9914	9782.391304347826	19	1	0.015624523162841797	1->4->8->10->6->3->5->2->9->7
10	9914	9782.391304347826	19	1	0.0	1->4->8->10->6->3->5->2->9->7
10	9914	9782.391304347826	19	1	0.0	1->4->8->10->6->3->5->2->9->7
10	9914	9782.391304347826	19	1	0.0015020370483398438	1->4->8->10->6->3->5->2->9->7
10	9914	9782.391304347826	19	1	0.015625	1->4->8->10->6->3->5->2->9->7
10	9914	9782.391304347826	19	1	0.0	1->4->8->10->6->3->5->2->9->7
10	9914	9782.391304347826	19	1	0.0	1->4->8->10->6->3->5->2->9->7
10	9914	9782.391304347826	19	1	0.0	1->4->8->10->6->3->5->2->9->7
10	9914	9782.391304347826	19	1	0.0	1->4->8->10->6->3->5->2->9->7
10	9914	9782.391304347826	19	1	0.0	1->4->8->10->6->3->5->2->9->7
10	9914	9782.391304347826	19	1	0.01562666893005371	1->4->8->10->6->3->5->2->9->7
10	9914	9782.391304347826	19	1	0.0	1->4->8->10->6->3->5->2->9->7
10	9914	9782.391304347826	19	1	0.0	1->4->8->10->6->3->5->2->9->7
10	9914	9782.391304347826	19	1	0.0	1->4->8->10->6->3->5->2->9->7
10	9914	9782.391304347826	19	1	0.0	1->4->8->10->6->3->5->2->9->7
10	9914	9782.391304347826	19	1	0.0	1->4->8->10->6->3->5->2->9->7
10	9914	9782.391304347826	19	1	0.01562666893005371	1->4->8->10->6->3->5->2->9->7
10	9914	9782.391304347826	19	1	0.0	1->4->8->10->6->3->5->2->9->7
10	9914	9782.391304347826	19	1	0.0	1->4->8->10->6->3->5->2->9->7
10	9914	9782.391304347826	19	1	0.001001596450805664	1->4->8->10->6->3->5->2->9->7
10	9914	9782.391304347826	19	1	0.0	1->4->8->10->6->3->5->2->9->7
10	9914	9782.391304347826	19	1	0.0	1->4->8->10->6->3->5->2->9->7
10	9914	9782.391304347826	19	1	0.0009989738464355469	1->4->8->10->6->3->5->2->9->7
10	9914	9782.391304347826	19	1	0.0010001659393310547	1->4->8->10->6->3->5->2->9->7
10	2024	1984.4095238095238	24	1	0.0010099411010742188	1->6->7->10->8->4->2->9->3->5
10	2024	1984.4095238095238	24	1	0.0019986629486083984	1->6->7->10->8->4->2->9->3->5
