10	6377	5955.904204956837	89	1	0.0	2->3->5->8->9->7->6->4->10->1
10	6377	5955.904204956837	89	1	0.015624523162841797	2->3->5->8->9->7->6->4->10->1
10	6377	5955.904204956837	89	1	0.015625476837158203	2->3->5->8->9->7->6->4->10->1
10	6377	5955.904204956837	89	1	0.0	2->3->5->8->9->7->6->4->10->1
10	6377	5955.904204956837	89	1	0.015627622604370117	2->3->5->8->9->7->6->4->10->1
10	6377	5955.904204956837	89	1	0.0	2->3->5->8->9->7->6->4->10->1
10	6377	5955.904204956837	89	1	0.015625715255737305	2->3->5->8->9->7->6->4->10->1
10	6377	5955.904204956837	89	1	0.0	2->3->5->8->9->7->6->4->10->1
10	6377	5955.904204956837	89	1	0.0	2->3->5->8->9->7->6->4->10->1
10	6377	5955.904204956837	89	1	0.00400233268737793	2->3->5->8->9->7->6->4->10->1
10	6377	5955.904204956837	89	1	0.004001140594482422	2->3->5->8->9->7->6->4->10->1
10	6377	5955.904204956837	89	1	0.0	2->3->5->8->9->7->6->4->10->1
10	6377	5955.904204956837	89	1	0.0	2->3->5->8->9->7->6->4->10->1
10	6377	5955.904204956837	89	1	0.0	2->3->5->8->9->7->6->4->10->1
10	6377	5955.904204956837	89	1	0.0	2->3->5->8->9->7->6->4->10->1
10	6377	5955.904204956837	89	1	0.0	2->3->5->8->9->7->6->4->10->1
10	6377	5955.904204956837	89	1	0.0	2->3->5->8->9->7->6->4->10->1
10	6377	5955.904204956837	89	1	0.0	2->3->5->8->9->7->6->4->10->1
10	6377	5955.904204956837	89	1	0.0	2->3->5->8->9->7->6->4->10->1
10	6377	5955.904204956837	89	1	0.0	2->3->5->8->9->7->6->4->10->1
10	6377	5955.904204956837	89	1	0.0	2->3->5->8->9->7->6->4->10->1
10	6377	5955.904204956837	89	1	0.0	2->3->5->8->9->7->6->4->10->1
10	6377	5955.904204956837	89	1	0.015624046325683594	2->3->5->8->9->7->6->4->10->1
10	6377	5955.904204956837	89	1	0.0	2->3->5->8->9->7->6->4->10->1
10	6377	5955.904204956837	89	1	0.0	2->3->5->8->9->7->6->4->10->1
10	6377	5955.904204956837	89	1	0.013161897659301758	2->3->5->8->9->7->6->4->10->1
10	6377	5955.904204956837	89	1	0.0040035247802734375	2->3->5->8->9->7->6->4->10->1
10	6377	5955.904204956837	89	1	0.01562190055847168	2->3->5->8->9->7->6->4->10->1
10	6377	5955.904204956837	89	1	0.015625476837158203	2->3->5->8->9->7->6->4->10->1
10	6377	5955.904204956837	89	1	0.0	2->3->5->8->9->7->6->4->10->1
10	6377	5955.904204956837	89	1	0.0	2->3->5->8->9->7->6->4->10->1
10	6377	5955.904204956837	89	1	0.0	2->3->5->8->9->7->6->4->10->1
10	6377	5955.904204956837	89	1	0.015623807907104492	2->3->5->8->9->7->6->4->10->1
10	6377	5955.904204956837	89	1	0.0	2->3->5->8->9->7->6->4->10->1
10	6377	5955.904204956837	89	1	0.003101348876953125	2->3->5->8->9->7->6->4->10->1
10	6377	5955.904204956837	89	1	0.015625715255737305	2->3->5->8->9->7->6->4->10->1
10	6377	5955.904204956837	89	1	0.0	2->3->5->8->9->7->6->4->10->1
10	6377	5955.904204956837	89	1	0.0	2->3->5->8->9->7->6->4->10->1
10	6377	5955.904204956837	89	1	0.015625715255737305	2->3->5->8->9->7->6->4->10->1
10	6377	5955.904204956837	89	1	0.0	2->3->5->8->9->7->6->4->10->1
10	6377	5955.904204956837	89	1	0.0040018558502197266	2->3->5->8->9->7->6->4->10->1
10	1513	1431.2573266499583	49	1	0.002001047134399414	1->3->6->2->9->4->7->8->5->10
