10	15221	14737.009403990342	53	1	0.0010027885437011719	5->9->7->6->3->4->2->1->10->8
10	15221	14737.009403990342	53	1	0.0	5->9->7->6->3->4->2->1->10->8
10	15221	14737.009403990342	53	1	0.0	5->9->7->6->3->4->2->1->10->8
10	15221	14737.009403990342	53	1	0.0	5->9->7->6->3->4->2->1->10->8
10	15221	14737.009403990342	53	1	0.0	5->9->7->6->3->4->2->1->10->8
10	15221	14737.009403990342	53	1	0.0	5->9->7->6->3->4->2->1->10->8
10	15221	14737.009403990342	53	1	0.0	5->9->7->6->3->4->2->1->10->8
10	15221	14737.009403990342	53	1	0.0	5->9->7->6->3->4->2->1->10->8
10	15221	14737.009403990342	53	1	0.01562643051147461	5->9->7->6->3->4->2->1->10->8
10	15221	14737.009403990342	53	1	0.0	5->9->7->6->3->4->2->1->10->8
10	15221	14737.009403990342	53	1	0.00200653076171875	5->9->7->6->3->4->2->1->10->8
10	15221	14737.009403990342	53	1	0.0020020008087158203	5->9->7->6->3->4->2->1->10->8
10	15221	14737.009403990342	53	1	0.015625715255737305	5->9->7->6->3->4->2->1->10->8
10	15221	14737.009403990342	53	1	0.0	5->9->7->6->3->4->2->1->10->8
10	15221	14737.009403990342	53	1	0.0015010833740234375	5->9->7->6->3->4->2->1->10->8
10	15221	14737.009403990342	53	1	0.0	5->9->7->6->3->4->2->1->10->8
10	15221	14737.009403990342	53	1	0.015625953674316406	5->9->7->6->3->4->2->1->10->8
10	15221	14737.009403990342	53	1	0.0	5->9->7->6->3->4->2->1->10->8
10	15221	14737.009403990342	53	1	0.015625715255737305	5->9->7->6->3->4->2->1->10->8
10	15221	14737.009403990342	53	1	0.0	5->9->7->6->3->4->2->1->10->8
10	15221	14737.009403990342	53	1	0.0	5->9->7->6->3->4->2->1->10->8
10	15221	14737.009403990342	53	1	0.0	5->9->7->6->3->4->2->1->10->8
10	15221	14737.009403990342	53	1	0.0	5->9->7->6->3->4->2->1->10->8
10	15221	14737.009403990342	53	1	0.0010101795196533203	5->9->7->6->3->4->2->1->10->8
10	15221	14737.009403990342	53	1	0.015625715255737305	5->9->7->6->3->4->2->1->10->8
10	15221	14737.009403990342	53	1	0.015627145767211914	5->9->7->6->3->4->2->1->10->8
10	15221	14737.009403990342	53	1	0.0	5->9->7->6->3->4->2->1->10->8
10	15221	14737.009403990342	53	1	0.0	5->9->7->6->3->4->2->1->10->8
10	15221	14737.009403990342	53	1	0.0	5->9->7->6->3->4->2->1->10->8
10	15221	14737.009403990342	53	1	0.0	5->9->7->6->3->4->2->1->10->8
10	15221	14737.009403990342	53	1	0.0	5->9->7->6->3->4->2->1->10->8
10	15221	14737.009403990342	53	1	0.0	5->9->7->6->3->4->2->1->10->8
10	15221	14737.009403990342	53	1	0.0	5->9->7->6->3->4->2->1->10->8
10	15221	14737.009403990342	53	1	0.0	5->9->7->6->3->4->2->1->10->8
10	15221	14737.009403990342	53	1	0.0	5->9->7->6->3->4->2->1->10->8
10	15221	14737.009403990342	53	1	0.0	5->9->7->6->3->4->2->1->10->8
10	15221	14737.009403990342	53	1	0.015626192092895508	5->9->7->6->3->4->2->1->10->8
10	15221	14737.009403990342	53	1	0.0	5->9->7->6->3->4->2->1->10->8
10	15221	14737.009403990342	53	1	0.01562666893005371	5->9->7->6->3->4->2->1->10->8
10	15221	14737.009403990342	53	1	0.01562643051147461	5->9->7->6->3->4->2->1->10->8
10	15221	14737.009403990342	53	1	0.001992940902709961	5->9->7->6->3->4->2->1->10->8
10	2699	2625.2437285550895	61	1	0.002001523971557617	5->3->7->9->6->2->10->4->1->8
