10	9888	9497.533653846154	49	1	0.015624761581420898	3->2->8->4->9->7->5->10->6->1
10	9888	9497.533653846154	49	1	0.0	3->2->8->4->9->7->5->10->6->1
10	9888	9497.533653846154	49	1	0.0	3->2->8->4->9->7->5->10->6->1
10	9888	9497.533653846154	49	1	0.0	3->2->8->4->9->7->5->10->6->1
10	9888	9497.533653846154	49	1	0.0	3->2->8->4->9->7->5->10->6->1
10	9888	9497.533653846154	49	1	0.0	3->2->8->4->9->7->5->10->6->1
10	9888	9497.533653846154	49	1	0.0	3->2->8->4->9->7->5->10->6->1
10	9888	9497.533653846154	49	1	0.0	3->2->8->4->9->7->5->10->6->1
10	9888	9497.533653846154	49	1	0.0	3->2->8->4->9->7->5->10->6->1
10	9888	9497.533653846154	49	1	0.0	3->2->8->4->9->7->5->10->6->1
10	9888	9497.533653846154	49	1	0.0	3->2->8->4->9->7->5->10->6->1
10	9888	9497.533653846154	49	1	0.0	3->2->8->4->9->7->5->10->6->1
10	9888	9497.533653846154	49	1	0.015630245208740234	3->2->8->4->9->7->5->10->6->1
10	9888	9497.533653846154	49	1	0.0	3->2->8->4->9->7->5->10->6->1
10	9888	9497.533653846154	49	1	0.0	3->2->8->4->9->7->5->10->6->1
10	9888	9497.533653846154	49	1	0.0	3->2->8->4->9->7->5->10->6->1
10	9888	9497.533653846154	49	1	0.015627145767211914	3->2->8->4->9->7->5->10->6->1
10	9888	9497.533653846154	49	1	0.0	3->2->8->4->9->7->5->10->6->1
10	9888	9497.533653846154	49	1	0.0	3->2->8->4->9->7->5->10->6->1
10	9888	9497.533653846154	49	1	0.0	3->2->8->4->9->7->5->10->6->1
10	9888	9497.533653846154	49	1	0.0	3->2->8->4->9->7->5->10->6->1
10	9888	9497.533653846154	49	1	0.0	3->2->8->4->9->7->5->10->6->1
10	9888	9497.533653846154	49	1	0.0	3->2->8->4->9->7->5->10->6->1
10	9888	9497.533653846154	49	1	0.0	3->2->8->4->9->7->5->10->6->1
10	9888	9497.533653846154	49	1	0.0015006065368652344	3->2->8->4->9->7->5->10->6->1
10	9888	9497.533653846154	49	1	0.0	3->2->8->4->9->7->5->10->6->1
10	9888	9497.533653846154	49	1	0.0	3->2->8->4->9->7->5->10->6->1
10	9888	9497.533653846154	49	1	0.0	3->2->8->4->9->7->5->10->6->1
10	9888	9497.533653846154	49	1	0.0	3->2->8->4->9->7->5->10->6->1
10	9888	9497.533653846154	49	1	0.0	3->2->8->4->9->7->5->10->6->1
10	9888	9497.533653846154	49	1	0.0	3->2->8->4->9->7->5->10->6->1
10	9888	9497.533653846154	49	1	0.0	3->2->8->4->9->7->5->10->6->1
10	9888	9497.533653846154	49	1	0.0	3->2->8->4->9->7->5->10->6->1
10	9888	9497.533653846154	49	1	0.0	3->2->8->4->9->7->5->10->6->1
10	9888	9497.533653846154	49	1	0.0	3->2->8->4->9->7->5->10->6->1
10	9888	9497.533653846154	49	1	0.0	3->2->8->4->9->7->5->10->6->1
10	9888	9497.533653846154	49	1	0.0	3->2->8->4->9->7->5->10->6->1
10	9888	9497.533653846154	49	1	0.0	3->2->8->4->9->7->5->10->6->1
10	9888	9497.533653846154	49	1	0.0	3->2->8->4->9->7->5->10->6->1
10	9888	9497.533653846154	49	1	0.0	3->2->8->4->9->7->5->10->6->1
10	9888	9497.533653846154	49	1	0.002001047134399414	3->2->8->4->9->7->5->10->6->1
10	9888	9497.533653846154	49	1	0.0	3->2->8->4->9->7->5->10->6->1
10	9888	9497.533653846154	49	1	0.015625953674316406	3->2->8->4->9->7->5->10->6->1
10	9888	9497.533653846154	49	1	0.001001119613647461	3->2->8->4->9->7->5->10->6->1
10	9888	9497.533653846154	49	1	0.0020008087158203125	3->2->8->4->9->7->5->10->6->1
10	1906	1796.9911871023714	61	1	0.002001523971557617	3->2->8->4->9->7->10->6->5->1
10	1906	1796.9911871023714	61	1	0.0020029544830322266	3->2->8->4->9->7->10->6->5->1
