10	9848	9144.898886827457	101	1	0.01562643051147461	1->9->2->4->3->7->6->5->10->8
10	9848	9144.898886827457	101	1	0.015627145767211914	1->9->2->4->3->7->6->5->10->8
10	9848	9144.898886827457	101	1	0.015626192092895508	1->9->2->4->3->7->6->5->10->8
10	9848	9144.898886827457	101	1	0.015625476837158203	1->9->2->4->3->7->6->5->10->8
10	9848	9144.898886827457	101	1	0.0	1->9->2->4->3->7->6->5->10->8
10	9848	9144.898886827457	101	1	0.0	1->9->2->4->3->7->6->5->10->8
10	9848	9144.898886827457	101	1	0.015626192092895508	1->9->2->4->3->7->6->5->10->8
10	9848	9144.898886827457	101	1	0.0060040950775146484	1->9->2->4->3->7->6->5->10->8
10	9848	9144.898886827457	101	1	0.015626907348632812	1->9->2->4->3->7->6->5->10->8
10	9848	9144.898886827457	101	1	0.002306222915649414	1->9->2->4->3->7->6->5->10->8
10	9848	9144.898886827457	101	1	0.015625953674316406	1->9->2->4->3->7->6->5->10->8
10	9848	9144.898886827457	101	1	0.0	1->9->2->4->3->7->6->5->10->8
10	9848	9144.898886827457	101	1	0.005444765090942383	1->9->2->4->3->7->6->5->10->8
10	9848	9144.898886827457	101	1	0.00027251243591308594	1->9->2->4->3->7->6->5->10->8
10	9848	9144.898886827457	101	1	0.006003618240356445	1->9->2->4->3->7->6->5->10->8
10	9848	9144.898886827457	101	1	0.015627145767211914	1->9->2->4->3->7->6->5->10->8
10	9848	9144.898886827457	101	1	0.0	1->9->2->4->3->7->6->5->10->8
10	9848	9144.898886827457	101	1	0.0	1->9->2->4->3->7->6->5->10->8
10	9848	9144.898886827457	101	1	0.0	1->9->2->4->3->7->6->5->10->8
10	9848	9144.898886827457	101	1	0.0	1->9->2->4->3->7->6->5->10->8
10	9848	9144.898886827457	101	1	0.0	1->9->2->4->3->7->6->5->10->8
10	9848	9144.898886827457	101	1	0.0031337738037109375	1->9->2->4->3->7->6->5->10->8
10	9848	9144.898886827457	101	1	0.0156252384185791	1->9->2->4->3->7->6->5->10->8
10	9848	9144.898886827457	101	1	0.0	1->9->2->4->3->7->6->5->10->8
10	9848	9144.898886827457	101	1	0.006504058837890625	1->9->2->4->3->7->6->5->10->8
10	9848	9144.898886827457	101	1	0.0	1->9->2->4->3->7->6->5->10->8
10	9848	9144.898886827457	101	1	0.0156252384185791	1->9->2->4->3->7->6->5->10->8
10	9848	9144.898886827457	101	1	0.0	1->9->2->4->3->7->6->5->10->8
10	9848	9144.898886827457	101	1	0.0	1->9->2->4->3->7->6->5->10->8
10	9848	9144.898886827457	101	1	0.015625715255737305	1->9->2->4->3->7->6->5->10->8
10	9848	9144.898886827457	101	1	0.0	1->9->2->4->3->7->6->5->10->8
10	9848	9144.898886827457	101	1	0.0	1->9->2->4->3->7->6->5->10->8
10	9848	9144.898886827457	101	1	0.0	1->9->2->4->3->7->6->5->10->8
10	9848	9144.898886827457	101	1	0.01562666893005371	1->9->2->4->3->7->6->5->10->8
10	9848	9144.898886827457	101	1	0.0	1->9->2->4->3->7->6->5->10->8
10	9848	9144.898886827457	101	1	0.0	1->9->2->4->3->7->6->5->10->8
10	9848	9144.898886827457	101	1	0.015625476837158203	1->9->2->4->3->7->6->5->10->8
10	9848	9144.898886827457	101	1	0.0	1->9->2->4->3->7->6->5->10->8
10	9848	9144.898886827457	101	1	0.0	1->9->2->4->3->7->6->5->10->8
10	9848	9144.898886827457	101	1	0.0	1->9->2->4->3->7->6->5->10->8
10	9848	9144.898886827457	101	1	0.0060024261474609375	1->9->2->4->3->7->6->5->10->8
10	9848	9144.898886827457	101	1	0.0	1->9->2->4->3->7->6->5->10->8
10	9848	9144.898886827457	101	1	0.0	1->9->2->4->3->7->6->5->10->8
10	9848	9144.898886827457	101	1	0.0060040950775146484	1->9->2->4->3->7->6->5->10->8
10	9848	9144.898886827457	101	1	0.007004499435424805	1->9->2->4->3->7->6->5->10->8
10	1990	1894.753728414443	152	4	0.009005308151245117	2->9->5->4->1->7->6->3->10->8
10	1990	1894.753728414443	152	4	0.010008811950683594	2->9->5->4->1->7->6->3->10->8
