10	15854	15440.364297245316	40	1	0.002000570297241211	1->2->3->4->5->6->8->10->9->7
10	15854	15440.364297245316	40	1	0.0	1->2->3->4->5->6->8->10->9->7
10	15854	15440.364297245316	40	1	0.0	1->2->3->4->5->6->8->10->9->7
10	15854	15440.364297245316	40	1	0.0	1->2->3->4->5->6->8->10->9->7
10	15854	15440.364297245316	40	1	0.0	1->2->3->4->5->6->8->10->9->7
10	15854	15440.364297245316	40	1	0.0	1->2->3->4->5->6->8->10->9->7
10	15854	15440.364297245316	40	1	0.0050201416015625	1->2->3->4->5->6->8->10->9->7
10	15854	15440.364297245316	40	1	0.0020012855529785156	1->2->3->4->5->6->8->10->9->7
10	15854	15440.364297245316	40	1	0.0	1->2->3->4->5->6->8->10->9->7
10	15854	15440.364297245316	40	1	0.0	1->2->3->4->5->6->8->10->9->7
10	15854	15440.364297245316	40	1	0.015626907348632812	1->2->3->4->5->6->8->10->9->7
10	15854	15440.364297245316	40	1	0.0	1->2->3->4->5->6->8->10->9->7
10	15854	15440.364297245316	40	1	0.0	1->2->3->4->5->6->8->10->9->7
10	15854	15440.364297245316	40	1	0.0020012855529785156	1->2->3->4->5->6->8->10->9->7
10	15854	15440.364297245316	40	1	0.0	1->2->3->4->5->6->8->10->9->7
10	15854	15440.364297245316	40	1	0.0	1->2->3->4->5->6->8->10->9->7
10	15854	15440.364297245316	40	1	0.015625476837158203	1->2->3->4->5->6->8->10->9->7
10	15854	15440.364297245316	40	1	0.015625476837158203	1->2->3->4->5->6->8->10->9->7
10	15854	15440.364297245316	40	1	0.0	1->2->3->4->5->6->8->10->9->7
10	15854	15440.364297245316	40	1	0.0010683536529541016	1->2->3->4->5->6->8->10->9->7
10	15854	15440.364297245316	40	1	0.0	1->2->3->4->5->6->8->10->9->7
10	15854	15440.364297245316	40	1	0.0	1->2->3->4->5->6->8->10->9->7
10	15854	15440.364297245316	40	1	0.0	1->2->3->4->5->6->8->10->9->7
10	15854	15440.364297245316	40	1	0.0	1->2->3->4->5->6->8->10->9->7
10	15854	15440.364297245316	40	1	0.0020012855529785156	1->2->3->4->5->6->8->10->9->7
10	15854	15440.364297245316	40	1	0.0	1->2->3->4->5->6->8->10->9->7
10	15854	15440.364297245316	40	1	0.0	1->2->3->4->5->6->8->10->9->7
10	15854	15440.364297245316	40	1	0.015625476837158203	1->2->3->4->5->6->8->10->9->7
10	15854	15440.364297245316	40	1	0.0	1->2->3->4->5->6->8->10->9->7
10	15854	15440.364297245316	40	1	0.0	1->2->3->4->5->6->8->10->9->7
10	15854	15440.364297245316	40	1	0.0	1->2->3->4->5->6->8->10->9->7
10	15854	15440.364297245316	40	1	0.0	1->2->3->4->5->6->8->10->9->7
10	15854	15440.364297245316	40	1	0.0	1->2->3->4->5->6->8->10->9->7
10	15854	15440.364297245316	40	1	0.0	1->2->3->4->5->6->8->10->9->7
10	15854	15440.364297245316	40	1	0.0	1->2->3->4->5->6->8->10->9->7
10	15854	15440.364297245316	40	1	0.0	1->2->3->4->5->6->8->10->9->7
10	15854	15440.364297245316	40	1	0.0	1->2->3->4->5->6->8->10->9->7
10	15854	15440.364297245316	40	1	0.0	1->2->3->4->5->6->8->10->9->7
10	15854	15440.364297245316	40	1	0.0	1->2->3->4->5->6->8->10->9->7
10	15854	15440.364297245316	40	1	0.0	1->2->3->4->5->6->8->10->9->7
10	15854	15440.364297245316	40	1	0.0020084381103515625	1->2->3->4->5->6->8->10->9->7
10	15854	15440.364297245316	40	1	0.0	1->2->3->4->5->6->8->10->9->7
10	15854	15440.364297245316	40	1	0.0156252384185791	1->2->3->4->5->6->8->10->9->7
10	15854	15440.364297245316	40	1	0.0020012855529785156	1->2->3->4->5->6->8->10->9->7
10	15854	15440.364297245316	40	1	0.002001047134399414	1->2->3->4->5->6->8->10->9->7
10	2973	2840.577473616133	62	1	0.004001617431640625	1->2->3->7->8->5->6->9->4->10
10	2973	2840.577473616133	62	1	0.005002498626708984	1->2->3->7->8->5->6->9->4->10
