10	9252	8908.799313893654	49	1	0.0	2->8->10->6->4->9->1->5->7->3
10	9252	8908.799313893654	49	1	0.0	2->8->10->6->4->9->1->5->7->3
10	9252	8908.799313893654	49	1	0.0	2->8->10->6->4->9->1->5->7->3
10	9252	8908.799313893654	49	1	0.0	2->8->10->6->4->9->1->5->7->3
10	9252	8908.799313893654	49	1	0.0010008811950683594	2->8->10->6->4->9->1->5->7->3
10	9252	8908.799313893654	49	1	0.0	2->8->10->6->4->9->1->5->7->3
10	9252	8908.799313893654	49	1	0.00400233268737793	2->8->10->6->4->9->1->5->7->3
10	9252	8908.799313893654	49	1	0.005004405975341797	2->8->10->6->4->9->1->5->7->3
10	9252	8908.799313893654	49	1	0.0	2->8->10->6->4->9->1->5->7->3
10	9252	8908.799313893654	49	1	0.0	2->8->10->6->4->9->1->5->7->3
10	9252	8908.799313893654	49	1	0.0	2->8->10->6->4->9->1->5->7->3
10	9252	8908.799313893654	49	1	0.0	2->8->10->6->4->9->1->5->7->3
10	9252	8908.799313893654	49	1	0.0	2->8->10->6->4->9->1->5->7->3
10	9252	8908.799313893654	49	1	0.0	2->8->10->6->4->9->1->5->7->3
10	9252	8908.799313893654	49	1	0.0	2->8->10->6->4->9->1->5->7->3
10	9252	8908.799313893654	49	1	0.0	2->8->10->6->4->9->1->5->7->3
10	9252	8908.799313893654	49	1	0.0	2->8->10->6->4->9->1->5->7->3
10	9252	8908.799313893654	49	1	0.0020017623901367188	2->8->10->6->4->9->1->5->7->3
10	9252	8908.799313893654	49	1	0.0	2->8->10->6->4->9->1->5->7->3
10	9252	8908.799313893654	49	1	0.0	2->8->10->6->4->9->1->5->7->3
10	9252	8908.799313893654	49	1	0.0	2->8->10->6->4->9->1->5->7->3
10	9252	8908.799313893654	49	1	0.0	2->8->10->6->4->9->1->5->7->3
10	9252	8908.799313893654	49	1	0.0	2->8->10->6->4->9->1->5->7->3
10	9252	8908.799313893654	49	1	0.0	2->8->10->6->4->9->1->5->7->3
10	9252	8908.799313893654	49	1	0.0010006427764892578	2->8->10->6->4->9->1->5->7->3
10	9252	8908.799313893654	49	1	0.0	2->8->10->6->4->9->1->5->7->3
10	9252	8908.799313893654	49	1	0.0	2->8->10->6->4->9->1->5->7->3
10	9252	8908.799313893654	49	1	0.0	2->8->10->6->4->9->1->5->7->3
10	9252	8908.799313893654	49	1	0.0	2->8->10->6->4->9->1->5->7->3
10	9252	8908.799313893654	49	1	0.0	2->8->10->6->4->9->1->5->7->3
10	9252	8908.799313893654	49	1	0.0	2->8->10->6->4->9->1->5->7->3
10	9252	8908.799313893654	49	1	0.0	2->8->10->6->4->9->1->5->7->3
10	9252	8908.799313893654	49	1	0.0	2->8->10->6->4->9->1->5->7->3
10	9252	8908.799313893654	49	1	0.0	2->8->10->6->4->9->1->5->7->3
10	9252	8908.799313893654	49	1	0.0	2->8->10->6->4->9->1->5->7->3
10	9252	8908.799313893654	49	1	0.0	2->8->10->6->4->9->1->5->7->3
10	9252	8908.799313893654	49	1	0.0	2->8->10->6->4->9->1->5->7->3
10	9252	8908.799313893654	49	1	0.0	2->8->10->6->4->9->1->5->7->3
10	9252	8908.799313893654	49	1	0.0	2->8->10->6->4->9->1->5->7->3
10	9252	8908.799313893654	49	1	0.0	2->8->10->6->4->9->1->5->7->3
10	9252	8908.799313893654	49	1	0.0010004043579101562	2->8->10->6->4->9->1->5->7->3
10	2938	2788.3920879958614	72	2	0.002000570297241211	2->6->10->5->8->9->4->1->7->3
