10	9252	8798.746140651801	49	1	0.0	2->8->10->6->4->9->1->5->7->3
10	9252	8798.746140651801	49	1	0.0	2->8->10->6->4->9->1->5->7->3
10	9252	8798.746140651801	49	1	0.0010004043579101562	2->8->10->6->4->9->1->5->7->3
10	9252	8798.746140651801	49	1	0.015625953674316406	2->8->10->6->4->9->1->5->7->3
10	9252	8798.746140651801	49	1	0.0	2->8->10->6->4->9->1->5->7->3
10	9252	8798.746140651801	49	1	0.0005517005920410156	2->8->10->6->4->9->1->5->7->3
10	9252	8798.746140651801	49	1	0.0	2->8->10->6->4->9->1->5->7->3
10	9252	8798.746140651801	49	1	0.0010001659393310547	2->8->10->6->4->9->1->5->7->3
10	9252	8798.746140651801	49	1	0.004002094268798828	2->8->10->6->4->9->1->5->7->3
10	9252	8798.746140651801	49	1	0.0010006427764892578	2->8->10->6->4->9->1->5->7->3
10	9252	8798.746140651801	49	1	0.0	2->8->10->6->4->9->1->5->7->3
10	9252	8798.746140651801	49	1	0.0010006427764892578	2->8->10->6->4->9->1->5->7->3
10	9252	8798.746140651801	49	1	0.0	2->8->10->6->4->9->1->5->7->3
10	9252	8798.746140651801	49	1	0.015624046325683594	2->8->10->6->4->9->1->5->7->3
10	9252	8798.746140651801	49	1	0.0	2->8->10->6->4->9->1->5->7->3
10	9252	8798.746140651801	49	1	0.0	2->8->10->6->4->9->1->5->7->3
10	9252	8798.746140651801	49	1	0.0	2->8->10->6->4->9->1->5->7->3
10	9252	8798.746140651801	49	1	0.0	2->8->10->6->4->9->1->5->7->3
10	9252	8798.746140651801	49	1	0.0	2->8->10->6->4->9->1->5->7->3
10	9252	8798.746140651801	49	1	0.0	2->8->10->6->4->9->1->5->7->3
10	9252	8798.746140651801	49	1	0.0	2->8->10->6->4->9->1->5->7->3
10	9252	8798.746140651801	49	1	0.0	2->8->10->6->4->9->1->5->7->3
10	9252	8798.746140651801	49	1	0.0	2->8->10->6->4->9->1->5->7->3
10	9252	8798.746140651801	49	1	0.0	2->8->10->6->4->9->1->5->7->3
10	9252	8798.746140651801	49	1	0.002000570297241211	2->8->10->6->4->9->1->5->7->3
10	9252	8798.746140651801	49	1	0.01562786102294922	2->8->10->6->4->9->1->5->7->3
10	9252	8798.746140651801	49	1	0.0	2->8->10->6->4->9->1->5->7->3
10	9252	8798.746140651801	49	1	0.0	2->8->10->6->4->9->1->5->7->3
10	9252	8798.746140651801	49	1	0.015626907348632812	2->8->10->6->4->9->1->5->7->3
10	9252	8798.746140651801	49	1	0.0	2->8->10->6->4->9->1->5->7->3
10	9252	8798.746140651801	49	1	0.0	2->8->10->6->4->9->1->5->7->3
10	9252	8798.746140651801	49	1	0.0	2->8->10->6->4->9->1->5->7->3
10	9252	8798.746140651801	49	1	0.0	2->8->10->6->4->9->1->5->7->3
10	9252	8798.746140651801	49	1	0.002002716064453125	2->8->10->6->4->9->1->5->7->3
10	9252	8798.746140651801	49	1	0.0	2->8->10->6->4->9->1->5->7->3
10	9252	8798.746140651801	49	1	0.0	2->8->10->6->4->9->1->5->7->3
10	9252	8798.746140651801	49	1	0.0	2->8->10->6->4->9->1->5->7->3
10	9252	8798.746140651801	49	1	0.0015881061553955078	2->8->10->6->4->9->1->5->7->3
10	9252	8798.746140651801	49	1	0.0	2->8->10->6->4->9->1->5->7->3
10	9252	8798.746140651801	49	1	0.0	2->8->10->6->4->9->1->5->7->3
10	9252	8798.746140651801	49	1	0.0019996166229248047	2->8->10->6->4->9->1->5->7->3
10	9252	8798.746140651801	49	1	0.0	2->8->10->6->4->9->1->5->7->3
10	9252	8798.746140651801	49	1	0.0	2->8->10->6->4->9->1->5->7->3
10	9252	8798.746140651801	49	1	0.0009999275207519531	2->8->10->6->4->9->1->5->7->3
10	9252	8798.746140651801	49	1	0.002001047134399414	2->8->10->6->4->9->1->5->7->3
10	2938	2732.1117985787796	72	2	0.002001047134399414	2->6->10->5->8->9->4->1->7->3
10	2938	2732.1117985787796	72	2	0.002001047134399414	2->6->10->5->8->9->4->1->7->3
