10	15428	14738.143395887582	26	1	0.0	1->2->7->8->6->10->5->4->9->3
10	15428	14738.143395887582	26	1	0.0	1->2->7->8->6->10->5->4->9->3
10	15428	14738.143395887582	26	1	0.0	1->2->7->8->6->10->5->4->9->3
10	15428	14738.143395887582	26	1	0.0	1->2->7->8->6->10->5->4->9->3
10	15428	14738.143395887582	26	1	0.0	1->2->7->8->6->10->5->4->9->3
10	15428	14738.143395887582	26	1	0.0	1->2->7->8->6->10->5->4->9->3
10	15428	14738.143395887582	26	1	0.015625953674316406	1->2->7->8->6->10->5->4->9->3
10	15428	14738.143395887582	26	1	0.015624046325683594	1->2->7->8->6->10->5->4->9->3
10	15428	14738.143395887582	26	1	0.0	1->2->7->8->6->10->5->4->9->3
10	15428	14738.143395887582	26	1	0.0	1->2->7->8->6->10->5->4->9->3
10	15428	14738.143395887582	26	1	0.0019969940185546875	1->2->7->8->6->10->5->4->9->3
10	15428	14738.143395887582	26	1	0.0019996166229248047	1->2->7->8->6->10->5->4->9->3
10	15428	14738.143395887582	26	1	0.0	1->2->7->8->6->10->5->4->9->3
10	15428	14738.143395887582	26	1	0.015626907348632812	1->2->7->8->6->10->5->4->9->3
10	15428	14738.143395887582	26	1	0.0	1->2->7->8->6->10->5->4->9->3
10	15428	14738.143395887582	26	1	0.01562643051147461	1->2->7->8->6->10->5->4->9->3
10	15428	14738.143395887582	26	1	0.0	1->2->7->8->6->10->5->4->9->3
10	15428	14738.143395887582	26	1	0.0	1->2->7->8->6->10->5->4->9->3
10	15428	14738.143395887582	26	1	0.015625	1->2->7->8->6->10->5->4->9->3
10	15428	14738.143395887582	26	1	0.0	1->2->7->8->6->10->5->4->9->3
10	15428	14738.143395887582	26	1	0.0	1->2->7->8->6->10->5->4->9->3
10	15428	14738.143395887582	26	1	0.0	1->2->7->8->6->10->5->4->9->3
10	15428	14738.143395887582	26	1	0.002001523971557617	1->2->7->8->6->10->5->4->9->3
10	15428	14738.143395887582	26	1	0.015619277954101562	1->2->7->8->6->10->5->4->9->3
10	15428	14738.143395887582	26	1	0.015627622604370117	1->2->7->8->6->10->5->4->9->3
10	15428	14738.143395887582	26	1	0.0011072158813476562	1->2->7->8->6->10->5->4->9->3
10	15428	14738.143395887582	26	1	0.0	1->2->7->8->6->10->5->4->9->3
10	15428	14738.143395887582	26	1	0.0	1->2->7->8->6->10->5->4->9->3
10	15428	14738.143395887582	26	1	0.0	1->2->7->8->6->10->5->4->9->3
10	15428	14738.143395887582	26	1	0.002001523971557617	1->2->7->8->6->10->5->4->9->3
10	15428	14738.143395887582	26	1	0.0	1->2->7->8->6->10->5->4->9->3
10	15428	14738.143395887582	26	1	0.0	1->2->7->8->6->10->5->4->9->3
10	15428	14738.143395887582	26	1	0.0	1->2->7->8->6->10->5->4->9->3
10	15428	14738.143395887582	26	1	0.0020012855529785156	1->2->7->8->6->10->5->4->9->3
10	15428	14738.143395887582	26	1	0.0	1->2->7->8->6->10->5->4->9->3
10	15428	14738.143395887582	26	1	0.0	1->2->7->8->6->10->5->4->9->3
10	15428	14738.143395887582	26	1	0.0	1->2->7->8->6->10->5->4->9->3
10	15428	14738.143395887582	26	1	0.0	1->2->7->8->6->10->5->4->9->3
10	15428	14738.143395887582	26	1	0.0	1->2->7->8->6->10->5->4->9->3
10	15428	14738.143395887582	26	1	0.0	1->2->7->8->6->10->5->4->9->3
10	15428	14738.143395887582	26	1	0.002001047134399414	1->2->7->8->6->10->5->4->9->3
10	2613	2503.5055745113887	31	1	0.0020008087158203125	1->2->7->6->8->5->10->9->4->3
