10	15428	14320.019454670619	31	1	0.0	1->2->7->8->6->10->5->4->9->3
10	15428	14320.019454670619	31	1	0.0	1->2->7->8->6->10->5->4->9->3
10	15428	14320.019454670619	31	1	0.0	1->2->7->8->6->10->5->4->9->3
10	15428	14320.019454670619	31	1	0.0	1->2->7->8->6->10->5->4->9->3
10	15428	14320.019454670619	31	1	0.0	1->2->7->8->6->10->5->4->9->3
10	15428	14320.019454670619	31	1	0.0	1->2->7->8->6->10->5->4->9->3
10	15428	14320.019454670619	31	1	0.007004261016845703	1->2->7->8->6->10->5->4->9->3
10	15428	14320.019454670619	31	1	0.0	1->2->7->8->6->10->5->4->9->3
10	15428	14320.019454670619	31	1	0.0	1->2->7->8->6->10->5->4->9->3
10	15428	14320.019454670619	31	1	0.0	1->2->7->8->6->10->5->4->9->3
10	15428	14320.019454670619	31	1	0.0	1->2->7->8->6->10->5->4->9->3
10	15428	14320.019454670619	31	1	0.0	1->2->7->8->6->10->5->4->9->3
10	15428	14320.019454670619	31	1	0.0	1->2->7->8->6->10->5->4->9->3
10	15428	14320.019454670619	31	1	0.0030019283294677734	1->2->7->8->6->10->5->4->9->3
10	15428	14320.019454670619	31	1	0.0032091140747070312	1->2->7->8->6->10->5->4->9->3
10	15428	14320.019454670619	31	1	0.0020003318786621094	1->2->7->8->6->10->5->4->9->3
10	15428	14320.019454670619	31	1	0.002379894256591797	1->2->7->8->6->10->5->4->9->3
10	15428	14320.019454670619	31	1	0.0	1->2->7->8->6->10->5->4->9->3
10	15428	14320.019454670619	31	1	0.015625953674316406	1->2->7->8->6->10->5->4->9->3
10	15428	14320.019454670619	31	1	0.0	1->2->7->8->6->10->5->4->9->3
10	15428	14320.019454670619	31	1	0.0	1->2->7->8->6->10->5->4->9->3
10	15428	14320.019454670619	31	1	0.0	1->2->7->8->6->10->5->4->9->3
10	15428	14320.019454670619	31	1	0.0	1->2->7->8->6->10->5->4->9->3
10	15428	14320.019454670619	31	1	0.015625715255737305	1->2->7->8->6->10->5->4->9->3
10	15428	14320.019454670619	31	1	0.0025022029876708984	1->2->7->8->6->10->5->4->9->3
10	15428	14320.019454670619	31	1	0.0	1->2->7->8->6->10->5->4->9->3
10	15428	14320.019454670619	31	1	0.0	1->2->7->8->6->10->5->4->9->3
10	15428	14320.019454670619	31	1	0.0	1->2->7->8->6->10->5->4->9->3
10	15428	14320.019454670619	31	1	0.0	1->2->7->8->6->10->5->4->9->3
10	15428	14320.019454670619	31	1	0.0	1->2->7->8->6->10->5->4->9->3
10	15428	14320.019454670619	31	1	0.0	1->2->7->8->6->10->5->4->9->3
10	15428	14320.019454670619	31	1	0.0	1->2->7->8->6->10->5->4->9->3
10	15428	14320.019454670619	31	1	0.0	1->2->7->8->6->10->5->4->9->3
10	15428	14320.019454670619	31	1	0.0	1->2->7->8->6->10->5->4->9->3
10	15428	14320.019454670619	31	1	0.0	1->2->7->8->6->10->5->4->9->3
10	15428	14320.019454670619	31	1	0.0	1->2->7->8->6->10->5->4->9->3
10	15428	14320.019454670619	31	1	0.0	1->2->7->8->6->10->5->4->9->3
10	15428	14320.019454670619	31	1	0.0	1->2->7->8->6->10->5->4->9->3
10	15428	14320.019454670619	31	1	0.0	1->2->7->8->6->10->5->4->9->3
10	15428	14320.019454670619	31	1	0.009372472763061523	1->2->7->8->6->10->5->4->9->3
10	15428	14320.019454670619	31	1	0.002001047134399414	1->2->7->8->6->10->5->4->9->3
10	15428	14320.019454670619	31	1	0.0	1->2->7->8->6->10->5->4->9->3
10	15428	14320.019454670619	31	1	0.015624523162841797	1->2->7->8->6->10->5->4->9->3
10	15428	14320.019454670619	31	1	0.0020003318786621094	1->2->7->8->6->10->5->4->9->3
10	15428	14320.019454670619	31	1	0.0020020008087158203	1->2->7->8->6->10->5->4->9->3
10	2613	2438.8904552392924	32	1	0.0010004043579101562	1->2->7->6->8->5->10->9->4->3
10	2613	2438.8904552392924	32	1	0.0019991397857666016	1->2->7->6->8->5->10->9->4->3
