10	11968	11312.007352941177	41	1	0.0	4->6->8->10->9->1->2->5->7->3
10	11968	11312.007352941177	41	1	0.0	4->6->8->10->9->1->2->5->7->3
10	11968	11312.007352941177	41	1	0.0	4->6->8->10->9->1->2->5->7->3
10	11968	11312.007352941177	41	1	0.015625476837158203	4->6->8->10->9->1->2->5->7->3
10	11968	11312.007352941177	41	1	0.002001523971557617	4->6->8->10->9->1->2->5->7->3
10	11968	11312.007352941177	41	1	0.002001047134399414	4->6->8->10->9->1->2->5->7->3
10	11968	11312.007352941177	41	1	0.0	4->6->8->10->9->1->2->5->7->3
10	11968	11312.007352941177	41	1	0.0	4->6->8->10->9->1->2->5->7->3
10	11968	11312.007352941177	41	1	0.0	4->6->8->10->9->1->2->5->7->3
10	11968	11312.007352941177	41	1	0.0	4->6->8->10->9->1->2->5->7->3
10	11968	11312.007352941177	41	1	0.0020003318786621094	4->6->8->10->9->1->2->5->7->3
10	11968	11312.007352941177	41	1	0.0009999275207519531	4->6->8->10->9->1->2->5->7->3
10	11968	11312.007352941177	41	1	0.0	4->6->8->10->9->1->2->5->7->3
10	11968	11312.007352941177	41	1	0.01562356948852539	4->6->8->10->9->1->2->5->7->3
10	11968	11312.007352941177	41	1	0.0	4->6->8->10->9->1->2->5->7->3
10	11968	11312.007352941177	41	1	0.0	4->6->8->10->9->1->2->5->7->3
10	11968	11312.007352941177	41	1	0.0	4->6->8->10->9->1->2->5->7->3
10	11968	11312.007352941177	41	1	0.0020012855529785156	4->6->8->10->9->1->2->5->7->3
10	11968	11312.007352941177	41	1	0.0	4->6->8->10->9->1->2->5->7->3
10	11968	11312.007352941177	41	1	0.0	4->6->8->10->9->1->2->5->7->3
10	11968	11312.007352941177	41	1	0.015625715255737305	4->6->8->10->9->1->2->5->7->3
10	11968	11312.007352941177	41	1	0.0	4->6->8->10->9->1->2->5->7->3
10	11968	11312.007352941177	41	1	0.0	4->6->8->10->9->1->2->5->7->3
10	11968	11312.007352941177	41	1	0.0	4->6->8->10->9->1->2->5->7->3
10	11968	11312.007352941177	41	1	0.0	4->6->8->10->9->1->2->5->7->3
10	11968	11312.007352941177	41	1	0.015625	4->6->8->10->9->1->2->5->7->3
10	11968	11312.007352941177	41	1	0.0	4->6->8->10->9->1->2->5->7->3
10	11968	11312.007352941177	41	1	0.0	4->6->8->10->9->1->2->5->7->3
10	11968	11312.007352941177	41	1	0.0	4->6->8->10->9->1->2->5->7->3
10	11968	11312.007352941177	41	1	0.0	4->6->8->10->9->1->2->5->7->3
10	11968	11312.007352941177	41	1	0.015625953674316406	4->6->8->10->9->1->2->5->7->3
10	11968	11312.007352941177	41	1	0.01561427116394043	4->6->8->10->9->1->2->5->7->3
10	11968	11312.007352941177	41	1	0.0	4->6->8->10->9->1->2->5->7->3
10	11968	11312.007352941177	41	1	0.0	4->6->8->10->9->1->2->5->7->3
10	11968	11312.007352941177	41	1	0.0	4->6->8->10->9->1->2->5->7->3
10	11968	11312.007352941177	41	1	0.0	4->6->8->10->9->1->2->5->7->3
10	11968	11312.007352941177	41	1	0.015625953674316406	4->6->8->10->9->1->2->5->7->3
10	11968	11312.007352941177	41	1	0.0	4->6->8->10->9->1->2->5->7->3
10	11968	11312.007352941177	41	1	0.0	4->6->8->10->9->1->2->5->7->3
10	11968	11312.007352941177	41	1	0.0	4->6->8->10->9->1->2->5->7->3
10	11968	11312.007352941177	41	1	0.002001047134399414	4->6->8->10->9->1->2->5->7->3
10	2960	2906.859090909091	59	2	0.002000570297241211	1->6->5->10->8->2->4->9->7->3
