10	12565	11804.534162310054	85	1	0.0	7->4->8->6->3->5->9->10->2->1
10	12565	11804.534162310054	85	1	0.0	7->4->8->6->3->5->9->10->2->1
10	12565	11804.534162310054	85	1	0.004002094268798828	7->4->8->6->3->5->9->10->2->1
10	12565	11804.534162310054	85	1	0.0	7->4->8->6->3->5->9->10->2->1
10	12565	11804.534162310054	85	1	0.0	7->4->8->6->3->5->9->10->2->1
10	12565	11804.534162310054	85	1	0.015626192092895508	7->4->8->6->3->5->9->10->2->1
10	12565	11804.534162310054	85	1	0.015627384185791016	7->4->8->6->3->5->9->10->2->1
10	12565	11804.534162310054	85	1	0.015625715255737305	7->4->8->6->3->5->9->10->2->1
10	12565	11804.534162310054	85	1	0.004002094268798828	7->4->8->6->3->5->9->10->2->1
10	12565	11804.534162310054	85	1	0.0030014514923095703	7->4->8->6->3->5->9->10->2->1
10	12565	11804.534162310054	85	1	0.002254009246826172	7->4->8->6->3->5->9->10->2->1
10	12565	11804.534162310054	85	1	0.0	7->4->8->6->3->5->9->10->2->1
10	12565	11804.534162310054	85	1	0.0040018558502197266	7->4->8->6->3->5->9->10->2->1
10	12565	11804.534162310054	85	1	0.0	7->4->8->6->3->5->9->10->2->1
10	12565	11804.534162310054	85	1	0.015625953674316406	7->4->8->6->3->5->9->10->2->1
10	12565	11804.534162310054	85	1	0.015623807907104492	7->4->8->6->3->5->9->10->2->1
10	12565	11804.534162310054	85	1	0.004002809524536133	7->4->8->6->3->5->9->10->2->1
10	12565	11804.534162310054	85	1	0.0040035247802734375	7->4->8->6->3->5->9->10->2->1
10	12565	11804.534162310054	85	1	0.0	7->4->8->6->3->5->9->10->2->1
10	12565	11804.534162310054	85	1	0.0	7->4->8->6->3->5->9->10->2->1
10	12565	11804.534162310054	85	1	0.0	7->4->8->6->3->5->9->10->2->1
10	12565	11804.534162310054	85	1	0.0	7->4->8->6->3->5->9->10->2->1
10	12565	11804.534162310054	85	1	0.0	7->4->8->6->3->5->9->10->2->1
10	12565	11804.534162310054	85	1	0.015623807907104492	7->4->8->6->3->5->9->10->2->1
10	12565	11804.534162310054	85	1	0.0	7->4->8->6->3->5->9->10->2->1
10	12565	11804.534162310054	85	1	0.0	7->4->8->6->3->5->9->10->2->1
10	12565	11804.534162310054	85	1	0.0	7->4->8->6->3->5->9->10->2->1
10	12565	11804.534162310054	85	1	0.0	7->4->8->6->3->5->9->10->2->1
10	12565	11804.534162310054	85	1	0.0	7->4->8->6->3->5->9->10->2->1
10	12565	11804.534162310054	85	1	0.0	7->4->8->6->3->5->9->10->2->1
10	12565	11804.534162310054	85	1	0.015624046325683594	7->4->8->6->3->5->9->10->2->1
10	12565	11804.534162310054	85	1	0.0	7->4->8->6->3->5->9->10->2->1
10	12565	11804.534162310054	85	1	0.0	7->4->8->6->3->5->9->10->2->1
10	12565	11804.534162310054	85	1	0.0160830020904541	7->4->8->6->3->5->9->10->2->1
10	12565	11804.534162310054	85	1	0.0	7->4->8->6->3->5->9->10->2->1
10	12565	11804.534162310054	85	1	0.0	7->4->8->6->3->5->9->10->2->1
10	12565	11804.534162310054	85	1	0.0	7->4->8->6->3->5->9->10->2->1
10	12565	11804.534162310054	85	1	0.0	7->4->8->6->3->5->9->10->2->1
10	12565	11804.534162310054	85	1	0.0	7->4->8->6->3->5->9->10->2->1
10	12565	11804.534162310054	85	1	0.0	7->4->8->6->3->5->9->10->2->1
10	12565	11804.534162310054	85	1	0.003001689910888672	7->4->8->6->3->5->9->10->2->1
10	2642	2482.340977076122	106	1	0.005003929138183594	1->4->7->6->8->3->2->9->10->5
