10	15221	14659.182996568814	53	1	0.0	5->9->7->6->3->4->2->1->10->8
10	15221	14659.182996568814	53	1	0.0	5->9->7->6->3->4->2->1->10->8
10	15221	14659.182996568814	53	1	0.0	5->9->7->6->3->4->2->1->10->8
10	15221	14659.182996568814	53	1	0.0	5->9->7->6->3->4->2->1->10->8
10	15221	14659.182996568814	53	1	0.0	5->9->7->6->3->4->2->1->10->8
10	15221	14659.182996568814	53	1	0.016163110733032227	5->9->7->6->3->4->2->1->10->8
10	15221	14659.182996568814	53	1	0.0040035247802734375	5->9->7->6->3->4->2->1->10->8
10	15221	14659.182996568814	53	1	0.0	5->9->7->6->3->4->2->1->10->8
10	15221	14659.182996568814	53	1	0.005008220672607422	5->9->7->6->3->4->2->1->10->8
10	15221	14659.182996568814	53	1	0.0010001659393310547	5->9->7->6->3->4->2->1->10->8
10	15221	14659.182996568814	53	1	0.0019991397857666016	5->9->7->6->3->4->2->1->10->8
10	15221	14659.182996568814	53	1	0.0	5->9->7->6->3->4->2->1->10->8
10	15221	14659.182996568814	53	1	0.0	5->9->7->6->3->4->2->1->10->8
10	15221	14659.182996568814	53	1	0.0	5->9->7->6->3->4->2->1->10->8
10	15221	14659.182996568814	53	1	0.0	5->9->7->6->3->4->2->1->10->8
10	15221	14659.182996568814	53	1	0.002001047134399414	5->9->7->6->3->4->2->1->10->8
10	15221	14659.182996568814	53	1	0.0020012855529785156	5->9->7->6->3->4->2->1->10->8
10	15221	14659.182996568814	53	1	0.0	5->9->7->6->3->4->2->1->10->8
10	15221	14659.182996568814	53	1	0.0	5->9->7->6->3->4->2->1->10->8
10	15221	14659.182996568814	53	1	0.0	5->9->7->6->3->4->2->1->10->8
10	15221	14659.182996568814	53	1	0.0	5->9->7->6->3->4->2->1->10->8
10	15221	14659.182996568814	53	1	0.0009984970092773438	5->9->7->6->3->4->2->1->10->8
10	15221	14659.182996568814	53	1	0.0	5->9->7->6->3->4->2->1->10->8
10	15221	14659.182996568814	53	1	0.0	5->9->7->6->3->4->2->1->10->8
10	15221	14659.182996568814	53	1	0.001500844955444336	5->9->7->6->3->4->2->1->10->8
10	15221	14659.182996568814	53	1	0.0	5->9->7->6->3->4->2->1->10->8
10	15221	14659.182996568814	53	1	0.0	5->9->7->6->3->4->2->1->10->8
10	15221	14659.182996568814	53	1	0.0	5->9->7->6->3->4->2->1->10->8
10	15221	14659.182996568814	53	1	0.0	5->9->7->6->3->4->2->1->10->8
10	15221	14659.182996568814	53	1	0.0	5->9->7->6->3->4->2->1->10->8
10	15221	14659.182996568814	53	1	0.0	5->9->7->6->3->4->2->1->10->8
10	15221	14659.182996568814	53	1	0.0	5->9->7->6->3->4->2->1->10->8
10	15221	14659.182996568814	53	1	0.0	5->9->7->6->3->4->2->1->10->8
10	15221	14659.182996568814	53	1	0.0	5->9->7->6->3->4->2->1->10->8
10	15221	14659.182996568814	53	1	0.0020017623901367188	5->9->7->6->3->4->2->1->10->8
10	15221	14659.182996568814	53	1	0.0	5->9->7->6->3->4->2->1->10->8
10	15221	14659.182996568814	53	1	0.0	5->9->7->6->3->4->2->1->10->8
10	15221	14659.182996568814	53	1	0.0	5->9->7->6->3->4->2->1->10->8
10	15221	14659.182996568814	53	1	0.0	5->9->7->6->3->4->2->1->10->8
10	15221	14659.182996568814	53	1	0.0020024776458740234	5->9->7->6->3->4->2->1->10->8
10	15221	14659.182996568814	53	1	0.0010001659393310547	5->9->7->6->3->4->2->1->10->8
10	15221	14659.182996568814	53	1	0.0	5->9->7->6->3->4->2->1->10->8
10	15221	14659.182996568814	53	1	0.015625715255737305	5->9->7->6->3->4->2->1->10->8
10	15221	14659.182996568814	53	1	0.0010006427764892578	5->9->7->6->3->4->2->1->10->8
10	15221	14659.182996568814	53	1	0.002000093460083008	5->9->7->6->3->4->2->1->10->8
10	2699	2607.5792222645828	61	1	0.002000093460083008	5->3->7->9->6->2->10->4->1->8
10	2699	2607.5792222645828	61	1	0.0020055770874023438	5->3->7->9->6->2->10->4->1->8
