10	15854	15578.418831796222	38	1	0.002001047134399414	1->2->3->4->5->6->8->10->9->7
10	15854	15578.418831796222	38	1	0.0	1->2->3->4->5->6->8->10->9->7
10	15854	15578.418831796222	38	1	0.015624761581420898	1->2->3->4->5->6->8->10->9->7
10	15854	15578.418831796222	38	1	0.0	1->2->3->4->5->6->8->10->9->7
10	15854	15578.418831796222	38	1	0.0	1->2->3->4->5->6->8->10->9->7
10	15854	15578.418831796222	38	1	0.0029141902923583984	1->2->3->4->5->6->8->10->9->7
10	15854	15578.418831796222	38	1	0.016765117645263672	1->2->3->4->5->6->8->10->9->7
10	15854	15578.418831796222	38	1	0.015627622604370117	1->2->3->4->5->6->8->10->9->7
10	15854	15578.418831796222	38	1	0.0	1->2->3->4->5->6->8->10->9->7
10	15854	15578.418831796222	38	1	0.0	1->2->3->4->5->6->8->10->9->7
10	15854	15578.418831796222	38	1	0.0	1->2->3->4->5->6->8->10->9->7
10	15854	15578.418831796222	38	1	0.0020020008087158203	1->2->3->4->5->6->8->10->9->7
10	15854	15578.418831796222	38	1	0.0	1->2->3->4->5->6->8->10->9->7
10	15854	15578.418831796222	38	1	0.0	1->2->3->4->5->6->8->10->9->7
10	15854	15578.418831796222	38	1	0.002002716064453125	1->2->3->4->5->6->8->10->9->7
10	15854	15578.418831796222	38	1	0.0	1->2->3->4->5->6->8->10->9->7
10	15854	15578.418831796222	38	1	0.0	1->2->3->4->5->6->8->10->9->7
10	15854	15578.418831796222	38	1	0.0015614032745361328	1->2->3->4->5->6->8->10->9->7
10	15854	15578.418831796222	38	1	0.0	1->2->3->4->5->6->8->10->9->7
10	15854	15578.418831796222	38	1	0.0	1->2->3->4->5->6->8->10->9->7
10	15854	15578.418831796222	38	1	0.0	1->2->3->4->5->6->8->10->9->7
10	15854	15578.418831796222	38	1	0.0	1->2->3->4->5->6->8->10->9->7
10	15854	15578.418831796222	38	1	0.0	1->2->3->4->5->6->8->10->9->7
10	15854	15578.418831796222	38	1	0.0	1->2->3->4->5->6->8->10->9->7
10	15854	15578.418831796222	38	1	0.0	1->2->3->4->5->6->8->10->9->7
10	15854	15578.418831796222	38	1	0.0	1->2->3->4->5->6->8->10->9->7
10	15854	15578.418831796222	38	1	0.0	1->2->3->4->5->6->8->10->9->7
10	15854	15578.418831796222	38	1	0.015624284744262695	1->2->3->4->5->6->8->10->9->7
10	15854	15578.418831796222	38	1	0.0007953643798828125	1->2->3->4->5->6->8->10->9->7
10	15854	15578.418831796222	38	1	0.0	1->2->3->4->5->6->8->10->9->7
10	15854	15578.418831796222	38	1	0.0	1->2->3->4->5->6->8->10->9->7
10	15854	15578.418831796222	38	1	0.0	1->2->3->4->5->6->8->10->9->7
10	15854	15578.418831796222	38	1	0.0	1->2->3->4->5->6->8->10->9->7
10	15854	15578.418831796222	38	1	0.001999378204345703	1->2->3->4->5->6->8->10->9->7
10	15854	15578.418831796222	38	1	0.0	1->2->3->4->5->6->8->10->9->7
10	15854	15578.418831796222	38	1	0.0	1->2->3->4->5->6->8->10->9->7
10	15854	15578.418831796222	38	1	0.01562643051147461	1->2->3->4->5->6->8->10->9->7
10	15854	15578.418831796222	38	1	0.002001047134399414	1->2->3->4->5->6->8->10->9->7
10	15854	15578.418831796222	38	1	0.0	1->2->3->4->5->6->8->10->9->7
10	15854	15578.418831796222	38	1	0.0	1->2->3->4->5->6->8->10->9->7
10	15854	15578.418831796222	38	1	0.0020008087158203125	1->2->3->4->5->6->8->10->9->7
10	2973	2895.1651721198223	56	1	0.0030024051666259766	1->2->3->7->8->5->6->9->4->10
