10	10852	10361.619440353461	28	1	0.0	1->6->2->4->3->7->5->8->10->9
10	10852	10361.619440353461	28	1	0.0	1->6->2->4->3->7->5->8->10->9
10	10852	10361.619440353461	28	1	0.0	1->6->2->4->3->7->5->8->10->9
10	10852	10361.619440353461	28	1	0.0	1->6->2->4->3->7->5->8->10->9
10	10852	10361.619440353461	28	1	0.01562809944152832	1->6->2->4->3->7->5->8->10->9
10	10852	10361.619440353461	28	1	0.0	1->6->2->4->3->7->5->8->10->9
10	10852	10361.619440353461	28	1	0.015624761581420898	1->6->2->4->3->7->5->8->10->9
10	10852	10361.619440353461	28	1	0.0020012855529785156	1->6->2->4->3->7->5->8->10->9
10	10852	10361.619440353461	28	1	0.015626907348632812	1->6->2->4->3->7->5->8->10->9
10	10852	10361.619440353461	28	1	0.0	1->6->2->4->3->7->5->8->10->9
10	10852	10361.619440353461	28	1	0.0	1->6->2->4->3->7->5->8->10->9
10	10852	10361.619440353461	28	1	0.0	1->6->2->4->3->7->5->8->10->9
10	10852	10361.619440353461	28	1	0.0	1->6->2->4->3->7->5->8->10->9
10	10852	10361.619440353461	28	1	0.0	1->6->2->4->3->7->5->8->10->9
10	10852	10361.619440353461	28	1	0.0	1->6->2->4->3->7->5->8->10->9
10	10852	10361.619440353461	28	1	0.0	1->6->2->4->3->7->5->8->10->9
10	10852	10361.619440353461	28	1	0.0	1->6->2->4->3->7->5->8->10->9
10	10852	10361.619440353461	28	1	0.0	1->6->2->4->3->7->5->8->10->9
10	10852	10361.619440353461	28	1	0.0	1->6->2->4->3->7->5->8->10->9
10	10852	10361.619440353461	28	1	0.0	1->6->2->4->3->7->5->8->10->9
10	10852	10361.619440353461	28	1	0.0	1->6->2->4->3->7->5->8->10->9
10	10852	10361.619440353461	28	1	0.0	1->6->2->4->3->7->5->8->10->9
10	10852	10361.619440353461	28	1	0.0	1->6->2->4->3->7->5->8->10->9
10	10852	10361.619440353461	28	1	0.0	1->6->2->4->3->7->5->8->10->9
10	10852	10361.619440353461	28	1	0.002499818801879883	1->6->2->4->3->7->5->8->10->9
10	10852	10361.619440353461	28	1	0.0	1->6->2->4->3->7->5->8->10->9
10	10852	10361.619440353461	28	1	0.0	1->6->2->4->3->7->5->8->10->9
10	10852	10361.619440353461	28	1	0.0	1->6->2->4->3->7->5->8->10->9
10	10852	10361.619440353461	28	1	0.0	1->6->2->4->3->7->5->8->10->9
10	10852	10361.619440353461	28	1	0.0	1->6->2->4->3->7->5->8->10->9
10	10852	10361.619440353461	28	1	0.0	1->6->2->4->3->7->5->8->10->9
10	10852	10361.619440353461	28	1	0.0	1->6->2->4->3->7->5->8->10->9
10	10852	10361.619440353461	28	1	0.016231060028076172	1->6->2->4->3->7->5->8->10->9
10	10852	10361.619440353461	28	1	0.0	1->6->2->4->3->7->5->8->10->9
10	10852	10361.619440353461	28	1	0.0	1->6->2->4->3->7->5->8->10->9
10	10852	10361.619440353461	28	1	0.0	1->6->2->4->3->7->5->8->10->9
10	10852	10361.619440353461	28	1	0.0	1->6->2->4->3->7->5->8->10->9
10	10852	10361.619440353461	28	1	0.0020067691802978516	1->6->2->4->3->7->5->8->10->9
10	10852	10361.619440353461	28	1	0.0	1->6->2->4->3->7->5->8->10->9
10	10852	10361.619440353461	28	1	0.0	1->6->2->4->3->7->5->8->10->9
10	10852	10361.619440353461	28	1	0.0020020008087158203	1->6->2->4->3->7->5->8->10->9
10	10852	10361.619440353461	28	1	0.0	1->6->2->4->3->7->5->8->10->9
10	10852	10361.619440353461	28	1	0.0	1->6->2->4->3->7->5->8->10->9
10	10852	10361.619440353461	28	1	0.0020012855529785156	1->6->2->4->3->7->5->8->10->9
10	10852	10361.619440353461	28	1	0.0020012855529785156	1->6->2->4->3->7->5->8->10->9
10	2119	2022.9969235804288	54	1	0.004003763198852539	1->6->2->4->3->7->5->8->9->10
10	2119	2022.9969235804288	54	1	0.004008769989013672	1->6->2->4->3->7->5->8->9->10
