10	13133	12419.73993958903	36	1	0.0	1->3->2->4->9->6->8->10->5->7
10	13133	12419.73993958903	36	1	0.0	1->3->2->4->9->6->8->10->5->7
10	13133	12419.73993958903	36	1	0.0	1->3->2->4->9->6->8->10->5->7
10	13133	12419.73993958903	36	1	0.0	1->3->2->4->9->6->8->10->5->7
10	13133	12419.73993958903	36	1	0.004003286361694336	1->3->2->4->9->6->8->10->5->7
10	13133	12419.73993958903	36	1	0.0	1->3->2->4->9->6->8->10->5->7
10	13133	12419.73993958903	36	1	0.002310514450073242	1->3->2->4->9->6->8->10->5->7
10	13133	12419.73993958903	36	1	0.015625953674316406	1->3->2->4->9->6->8->10->5->7
10	13133	12419.73993958903	36	1	0.0	1->3->2->4->9->6->8->10->5->7
10	13133	12419.73993958903	36	1	0.0030014514923095703	1->3->2->4->9->6->8->10->5->7
10	13133	12419.73993958903	36	1	0.0	1->3->2->4->9->6->8->10->5->7
10	13133	12419.73993958903	36	1	0.0	1->3->2->4->9->6->8->10->5->7
10	13133	12419.73993958903	36	1	0.0	1->3->2->4->9->6->8->10->5->7
10	13133	12419.73993958903	36	1	0.0	1->3->2->4->9->6->8->10->5->7
10	13133	12419.73993958903	36	1	0.0	1->3->2->4->9->6->8->10->5->7
10	13133	12419.73993958903	36	1	0.015627384185791016	1->3->2->4->9->6->8->10->5->7
10	13133	12419.73993958903	36	1	0.004002571105957031	1->3->2->4->9->6->8->10->5->7
10	13133	12419.73993958903	36	1	0.00400233268737793	1->3->2->4->9->6->8->10->5->7
10	13133	12419.73993958903	36	1	0.0	1->3->2->4->9->6->8->10->5->7
10	13133	12419.73993958903	36	1	0.0	1->3->2->4->9->6->8->10->5->7
10	13133	12419.73993958903	36	1	0.0	1->3->2->4->9->6->8->10->5->7
10	13133	12419.73993958903	36	1	0.0	1->3->2->4->9->6->8->10->5->7
10	13133	12419.73993958903	36	1	0.0	1->3->2->4->9->6->8->10->5->7
10	13133	12419.73993958903	36	1	0.0	1->3->2->4->9->6->8->10->5->7
10	13133	12419.73993958903	36	1	0.01562643051147461	1->3->2->4->9->6->8->10->5->7
10	13133	12419.73993958903	36	1	0.0	1->3->2->4->9->6->8->10->5->7
10	13133	12419.73993958903	36	1	0.0	1->3->2->4->9->6->8->10->5->7
10	13133	12419.73993958903	36	1	0.0	1->3->2->4->9->6->8->10->5->7
10	13133	12419.73993958903	36	1	0.0	1->3->2->4->9->6->8->10->5->7
10	13133	12419.73993958903	36	1	0.016006946563720703	1->3->2->4->9->6->8->10->5->7
10	13133	12419.73993958903	36	1	0.0	1->3->2->4->9->6->8->10->5->7
10	13133	12419.73993958903	36	1	0.0	1->3->2->4->9->6->8->10->5->7
10	13133	12419.73993958903	36	1	0.0	1->3->2->4->9->6->8->10->5->7
10	13133	12419.73993958903	36	1	0.0	1->3->2->4->9->6->8->10->5->7
10	13133	12419.73993958903	36	1	0.0	1->3->2->4->9->6->8->10->5->7
10	13133	12419.73993958903	36	1	0.0	1->3->2->4->9->6->8->10->5->7
10	13133	12419.73993958903	36	1	0.015625476837158203	1->3->2->4->9->6->8->10->5->7
10	13133	12419.73993958903	36	1	0.003002166748046875	1->3->2->4->9->6->8->10->5->7
10	13133	12419.73993958903	36	1	0.0	1->3->2->4->9->6->8->10->5->7
10	13133	12419.73993958903	36	1	0.0	1->3->2->4->9->6->8->10->5->7
10	13133	12419.73993958903	36	1	0.0030014514923095703	1->3->2->4->9->6->8->10->5->7
10	2829	2742.579976374888	21	1	0.002001047134399414	1->3->2->5->9->10->6->7->8->4
