10	10852	10582.665299648805	24	1	0.0	1->6->2->4->3->7->5->8->10->9
10	10852	10582.665299648805	24	1	0.0	1->6->2->4->3->7->5->8->10->9
10	10852	10582.665299648805	24	1	0.0	1->6->2->4->3->7->5->8->10->9
10	10852	10582.665299648805	24	1	0.0	1->6->2->4->3->7->5->8->10->9
10	10852	10582.665299648805	24	1	0.0	1->6->2->4->3->7->5->8->10->9
10	10852	10582.665299648805	24	1	0.0	1->6->2->4->3->7->5->8->10->9
10	10852	10582.665299648805	24	1	0.0	1->6->2->4->3->7->5->8->10->9
10	10852	10582.665299648805	24	1	0.0	1->6->2->4->3->7->5->8->10->9
10	10852	10582.665299648805	24	1	0.002001523971557617	1->6->2->4->3->7->5->8->10->9
10	10852	10582.665299648805	24	1	0.0020008087158203125	1->6->2->4->3->7->5->8->10->9
10	10852	10582.665299648805	24	1	0.015625	1->6->2->4->3->7->5->8->10->9
10	10852	10582.665299648805	24	1	0.0	1->6->2->4->3->7->5->8->10->9
10	10852	10582.665299648805	24	1	0.0010008811950683594	1->6->2->4->3->7->5->8->10->9
10	10852	10582.665299648805	24	1	0.0	1->6->2->4->3->7->5->8->10->9
10	10852	10582.665299648805	24	1	0.015627622604370117	1->6->2->4->3->7->5->8->10->9
10	10852	10582.665299648805	24	1	0.0	1->6->2->4->3->7->5->8->10->9
10	10852	10582.665299648805	24	1	0.0018351078033447266	1->6->2->4->3->7->5->8->10->9
10	10852	10582.665299648805	24	1	0.0	1->6->2->4->3->7->5->8->10->9
10	10852	10582.665299648805	24	1	0.0	1->6->2->4->3->7->5->8->10->9
10	10852	10582.665299648805	24	1	0.0	1->6->2->4->3->7->5->8->10->9
10	10852	10582.665299648805	24	1	0.0	1->6->2->4->3->7->5->8->10->9
10	10852	10582.665299648805	24	1	0.0	1->6->2->4->3->7->5->8->10->9
10	10852	10582.665299648805	24	1	0.0	1->6->2->4->3->7->5->8->10->9
10	10852	10582.665299648805	24	1	0.01562643051147461	1->6->2->4->3->7->5->8->10->9
10	10852	10582.665299648805	24	1	0.0	1->6->2->4->3->7->5->8->10->9
10	10852	10582.665299648805	24	1	0.0	1->6->2->4->3->7->5->8->10->9
10	10852	10582.665299648805	24	1	0.0	1->6->2->4->3->7->5->8->10->9
10	10852	10582.665299648805	24	1	0.0	1->6->2->4->3->7->5->8->10->9
10	10852	10582.665299648805	24	1	0.015626192092895508	1->6->2->4->3->7->5->8->10->9
10	10852	10582.665299648805	24	1	0.0	1->6->2->4->3->7->5->8->10->9
10	10852	10582.665299648805	24	1	0.015627622604370117	1->6->2->4->3->7->5->8->10->9
10	10852	10582.665299648805	24	1	0.0	1->6->2->4->3->7->5->8->10->9
10	10852	10582.665299648805	24	1	0.0	1->6->2->4->3->7->5->8->10->9
10	10852	10582.665299648805	24	1	0.015625715255737305	1->6->2->4->3->7->5->8->10->9
10	10852	10582.665299648805	24	1	0.0	1->6->2->4->3->7->5->8->10->9
10	10852	10582.665299648805	24	1	0.0	1->6->2->4->3->7->5->8->10->9
10	10852	10582.665299648805	24	1	0.0	1->6->2->4->3->7->5->8->10->9
10	10852	10582.665299648805	24	1	0.0	1->6->2->4->3->7->5->8->10->9
10	10852	10582.665299648805	24	1	0.0	1->6->2->4->3->7->5->8->10->9
10	10852	10582.665299648805	24	1	0.0	1->6->2->4->3->7->5->8->10->9
10	10852	10582.665299648805	24	1	0.002001047134399414	1->6->2->4->3->7->5->8->10->9
10	2119	2081.242088037964	31	1	0.0009999275207519531	1->6->2->4->3->7->5->8->9->10
