10	13881	13139.464701964702	66	1	0.0	2->3->1->5->4->8->6->10->7->9
10	13881	13139.464701964702	66	1	0.0	2->3->1->5->4->8->6->10->7->9
10	13881	13139.464701964702	66	1	0.0	2->3->1->5->4->8->6->10->7->9
10	13881	13139.464701964702	66	1	0.0	2->3->1->5->4->8->6->10->7->9
10	13881	13139.464701964702	66	1	0.0	2->3->1->5->4->8->6->10->7->9
10	13881	13139.464701964702	66	1	0.00600433349609375	2->3->1->5->4->8->6->10->7->9
10	13881	13139.464701964702	66	1	0.0	2->3->1->5->4->8->6->10->7->9
10	13881	13139.464701964702	66	1	0.0060040950775146484	2->3->1->5->4->8->6->10->7->9
10	13881	13139.464701964702	66	1	0.015625476837158203	2->3->1->5->4->8->6->10->7->9
10	13881	13139.464701964702	66	1	0.01562666893005371	2->3->1->5->4->8->6->10->7->9
10	13881	13139.464701964702	66	1	0.0	2->3->1->5->4->8->6->10->7->9
10	13881	13139.464701964702	66	1	0.015625953674316406	2->3->1->5->4->8->6->10->7->9
10	13881	13139.464701964702	66	1	0.0	2->3->1->5->4->8->6->10->7->9
10	13881	13139.464701964702	66	1	0.01562786102294922	2->3->1->5->4->8->6->10->7->9
10	13881	13139.464701964702	66	1	0.0050029754638671875	2->3->1->5->4->8->6->10->7->9
10	13881	13139.464701964702	66	1	0.015944719314575195	2->3->1->5->4->8->6->10->7->9
10	13881	13139.464701964702	66	1	0.0	2->3->1->5->4->8->6->10->7->9
10	13881	13139.464701964702	66	1	0.0	2->3->1->5->4->8->6->10->7->9
10	13881	13139.464701964702	66	1	0.015624046325683594	2->3->1->5->4->8->6->10->7->9
10	13881	13139.464701964702	66	1	0.0050013065338134766	2->3->1->5->4->8->6->10->7->9
10	13881	13139.464701964702	66	1	0.0	2->3->1->5->4->8->6->10->7->9
10	13881	13139.464701964702	66	1	0.0	2->3->1->5->4->8->6->10->7->9
10	13881	13139.464701964702	66	1	0.0	2->3->1->5->4->8->6->10->7->9
10	13881	13139.464701964702	66	1	0.015627384185791016	2->3->1->5->4->8->6->10->7->9
10	13881	13139.464701964702	66	1	0.005003452301025391	2->3->1->5->4->8->6->10->7->9
10	13881	13139.464701964702	66	1	0.0	2->3->1->5->4->8->6->10->7->9
10	13881	13139.464701964702	66	1	0.006002902984619141	2->3->1->5->4->8->6->10->7->9
10	13881	13139.464701964702	66	1	0.0	2->3->1->5->4->8->6->10->7->9
10	13881	13139.464701964702	66	1	0.0	2->3->1->5->4->8->6->10->7->9
10	13881	13139.464701964702	66	1	0.015625953674316406	2->3->1->5->4->8->6->10->7->9
10	13881	13139.464701964702	66	1	0.0	2->3->1->5->4->8->6->10->7->9
10	13881	13139.464701964702	66	1	0.0	2->3->1->5->4->8->6->10->7->9
10	13881	13139.464701964702	66	1	0.015626192092895508	2->3->1->5->4->8->6->10->7->9
10	13881	13139.464701964702	66	1	0.0	2->3->1->5->4->8->6->10->7->9
10	13881	13139.464701964702	66	1	0.0	2->3->1->5->4->8->6->10->7->9
10	13881	13139.464701964702	66	1	0.0	2->3->1->5->4->8->6->10->7->9
10	13881	13139.464701964702	66	1	0.0	2->3->1->5->4->8->6->10->7->9
10	13881	13139.464701964702	66	1	0.0	2->3->1->5->4->8->6->10->7->9
10	13881	13139.464701964702	66	1	0.015625476837158203	2->3->1->5->4->8->6->10->7->9
10	13881	13139.464701964702	66	1	0.015625	2->3->1->5->4->8->6->10->7->9
10	13881	13139.464701964702	66	1	0.006003141403198242	2->3->1->5->4->8->6->10->7->9
10	13881	13139.464701964702	66	1	0.015625	2->3->1->5->4->8->6->10->7->9
10	13881	13139.464701964702	66	1	0.0	2->3->1->5->4->8->6->10->7->9
10	13881	13139.464701964702	66	1	0.005002498626708984	2->3->1->5->4->8->6->10->7->9
10	13881	13139.464701964702	66	1	0.0050029754638671875	2->3->1->5->4->8->6->10->7->9
10	2428	2234.569763569764	132	1	0.008001565933227539	2->3->1->5->4->6->8->10->9->7
10	2428	2234.569763569764	132	1	0.008004903793334961	2->3->1->5->4->6->8->10->9->7
