10	9888	9571.897115384614	49	1	0.0	3->2->8->4->9->7->5->10->6->1
10	9888	9571.897115384614	49	1	0.0	3->2->8->4->9->7->5->10->6->1
10	9888	9571.897115384614	49	1	0.0	3->2->8->4->9->7->5->10->6->1
10	9888	9571.897115384614	49	1	0.0	3->2->8->4->9->7->5->10->6->1
10	9888	9571.897115384614	49	1	0.0	3->2->8->4->9->7->5->10->6->1
10	9888	9571.897115384614	49	1	0.0	3->2->8->4->9->7->5->10->6->1
10	9888	9571.897115384614	49	1	0.0	3->2->8->4->9->7->5->10->6->1
10	9888	9571.897115384614	49	1	0.003375530242919922	3->2->8->4->9->7->5->10->6->1
10	9888	9571.897115384614	49	1	0.0	3->2->8->4->9->7->5->10->6->1
10	9888	9571.897115384614	49	1	0.0020017623901367188	3->2->8->4->9->7->5->10->6->1
10	9888	9571.897115384614	49	1	0.0	3->2->8->4->9->7->5->10->6->1
10	9888	9571.897115384614	49	1	0.0	3->2->8->4->9->7->5->10->6->1
10	9888	9571.897115384614	49	1	0.002001047134399414	3->2->8->4->9->7->5->10->6->1
10	9888	9571.897115384614	49	1	0.0	3->2->8->4->9->7->5->10->6->1
10	9888	9571.897115384614	49	1	0.0	3->2->8->4->9->7->5->10->6->1
10	9888	9571.897115384614	49	1	0.0	3->2->8->4->9->7->5->10->6->1
10	9888	9571.897115384614	49	1	0.0	3->2->8->4->9->7->5->10->6->1
10	9888	9571.897115384614	49	1	0.0	3->2->8->4->9->7->5->10->6->1
10	9888	9571.897115384614	49	1	0.0	3->2->8->4->9->7->5->10->6->1
10	9888	9571.897115384614	49	1	0.015625715255737305	3->2->8->4->9->7->5->10->6->1
10	9888	9571.897115384614	49	1	0.0	3->2->8->4->9->7->5->10->6->1
10	9888	9571.897115384614	49	1	0.0	3->2->8->4->9->7->5->10->6->1
10	9888	9571.897115384614	49	1	0.015627622604370117	3->2->8->4->9->7->5->10->6->1
10	9888	9571.897115384614	49	1	0.0	3->2->8->4->9->7->5->10->6->1
10	9888	9571.897115384614	49	1	0.0	3->2->8->4->9->7->5->10->6->1
10	9888	9571.897115384614	49	1	0.0	3->2->8->4->9->7->5->10->6->1
10	9888	9571.897115384614	49	1	0.0	3->2->8->4->9->7->5->10->6->1
10	9888	9571.897115384614	49	1	0.015625953674316406	3->2->8->4->9->7->5->10->6->1
10	9888	9571.897115384614	49	1	0.0	3->2->8->4->9->7->5->10->6->1
10	9888	9571.897115384614	49	1	0.0	3->2->8->4->9->7->5->10->6->1
10	9888	9571.897115384614	49	1	0.0	3->2->8->4->9->7->5->10->6->1
10	9888	9571.897115384614	49	1	0.0	3->2->8->4->9->7->5->10->6->1
10	9888	9571.897115384614	49	1	0.0	3->2->8->4->9->7->5->10->6->1
10	9888	9571.897115384614	49	1	0.0	3->2->8->4->9->7->5->10->6->1
10	9888	9571.897115384614	49	1	0.015625715255737305	3->2->8->4->9->7->5->10->6->1
10	9888	9571.897115384614	49	1	0.0	3->2->8->4->9->7->5->10->6->1
10	9888	9571.897115384614	49	1	0.0	3->2->8->4->9->7->5->10->6->1
10	9888	9571.897115384614	49	1	0.0	3->2->8->4->9->7->5->10->6->1
10	9888	9571.897115384614	49	1	0.0	3->2->8->4->9->7->5->10->6->1
10	9888	9571.897115384614	49	1	0.015635251998901367	3->2->8->4->9->7->5->10->6->1
10	9888	9571.897115384614	49	1	0.002001047134399414	3->2->8->4->9->7->5->10->6->1
10	1906	1827.16728600347	50	1	0.0010004043579101562	3->2->8->4->9->7->10->6->5->1
