10	11968	10998.360294117647	41	1	0.0	4->6->8->10->9->1->2->5->7->3
10	11968	10998.360294117647	41	1	0.0	4->6->8->10->9->1->2->5->7->3
10	11968	10998.360294117647	41	1	0.0	4->6->8->10->9->1->2->5->7->3
10	11968	10998.360294117647	41	1	0.0	4->6->8->10->9->1->2->5->7->3
10	11968	10998.360294117647	41	1	0.0	4->6->8->10->9->1->2->5->7->3
10	11968	10998.360294117647	41	1	0.0	4->6->8->10->9->1->2->5->7->3
10	11968	10998.360294117647	41	1	0.018072843551635742	4->6->8->10->9->1->2->5->7->3
10	11968	10998.360294117647	41	1	0.0	4->6->8->10->9->1->2->5->7->3
10	11968	10998.360294117647	41	1	0.0040018558502197266	4->6->8->10->9->1->2->5->7->3
10	11968	10998.360294117647	41	1	0.002001047134399414	4->6->8->10->9->1->2->5->7->3
10	11968	10998.360294117647	41	1	0.0	4->6->8->10->9->1->2->5->7->3
10	11968	10998.360294117647	41	1	0.0010006427764892578	4->6->8->10->9->1->2->5->7->3
10	11968	10998.360294117647	41	1	0.0	4->6->8->10->9->1->2->5->7->3
10	11968	10998.360294117647	41	1	0.0	4->6->8->10->9->1->2->5->7->3
10	11968	10998.360294117647	41	1	0.0010013580322265625	4->6->8->10->9->1->2->5->7->3
10	11968	10998.360294117647	41	1	0.002001047134399414	4->6->8->10->9->1->2->5->7->3
10	11968	10998.360294117647	41	1	0.0	4->6->8->10->9->1->2->5->7->3
10	11968	10998.360294117647	41	1	0.0	4->6->8->10->9->1->2->5->7->3
10	11968	10998.360294117647	41	1	0.015625	4->6->8->10->9->1->2->5->7->3
10	11968	10998.360294117647	41	1	0.0	4->6->8->10->9->1->2->5->7->3
10	11968	10998.360294117647	41	1	0.0	4->6->8->10->9->1->2->5->7->3
10	11968	10998.360294117647	41	1	0.0	4->6->8->10->9->1->2->5->7->3
10	11968	10998.360294117647	41	1	0.0	4->6->8->10->9->1->2->5->7->3
10	11968	10998.360294117647	41	1	0.015625715255737305	4->6->8->10->9->1->2->5->7->3
10	11968	10998.360294117647	41	1	0.0015003681182861328	4->6->8->10->9->1->2->5->7->3
10	11968	10998.360294117647	41	1	0.0	4->6->8->10->9->1->2->5->7->3
10	11968	10998.360294117647	41	1	0.0	4->6->8->10->9->1->2->5->7->3
10	11968	10998.360294117647	41	1	0.0	4->6->8->10->9->1->2->5->7->3
10	11968	10998.360294117647	41	1	0.0	4->6->8->10->9->1->2->5->7->3
10	11968	10998.360294117647	41	1	0.0	4->6->8->10->9->1->2->5->7->3
10	11968	10998.360294117647	41	1	0.0	4->6->8->10->9->1->2->5->7->3
10	11968	10998.360294117647	41	1	0.0	4->6->8->10->9->1->2->5->7->3
10	11968	10998.360294117647	41	1	0.0	4->6->8->10->9->1->2->5->7->3
10	11968	10998.360294117647	41	1	0.0	4->6->8->10->9->1->2->5->7->3
10	11968	10998.360294117647	41	1	0.0	4->6->8->10->9->1->2->5->7->3
10	11968	10998.360294117647	41	1	0.0	4->6->8->10->9->1->2->5->7->3
10	11968	10998.360294117647	41	1	0.0	4->6->8->10->9->1->2->5->7->3
10	11968	10998.360294117647	41	1	0.0	4->6->8->10->9->1->2->5->7->3
10	11968	10998.360294117647	41	1	0.0	4->6->8->10->9->1->2->5->7->3
10	11968	10998.360294117647	41	1	0.0	4->6->8->10->9->1->2->5->7->3
10	11968	10998.360294117647	41	1	0.0020003318786621094	4->6->8->10->9->1->2->5->7->3
10	11968	10998.360294117647	41	1	0.0	4->6->8->10->9->1->2->5->7->3
10	11968	10998.360294117647	41	1	0.0	4->6->8->10->9->1->2->5->7->3
10	11968	10998.360294117647	41	1	0.0010001659393310547	4->6->8->10->9->1->2->5->7->3
10	11968	10998.360294117647	41	1	0.0010004043579101562	4->6->8->10->9->1->2->5->7->3
10	2960	2882.2863636363636	59	2	0.0020017623901367188	1->6->5->10->8->2->4->9->7->3
10	2960	2882.2863636363636	59	2	0.003004789352416992	1->6->5->10->8->2->4->9->7->3
