10	7072	6482.220512820512	47	1	0.0	1->10->2->5->9->8->7->4->6->3
10	7072	6482.220512820512	47	1	0.0156252384185791	1->10->2->5->9->8->7->4->6->3
10	7072	6482.220512820512	47	1	0.0	1->10->2->5->9->8->7->4->6->3
10	7072	6482.220512820512	47	1	0.015627384185791016	1->10->2->5->9->8->7->4->6->3
10	7072	6482.220512820512	47	1	0.0	1->10->2->5->9->8->7->4->6->3
10	7072	6482.220512820512	47	1	0.003001689910888672	1->10->2->5->9->8->7->4->6->3
10	7072	6482.220512820512	47	1	0.009007453918457031	1->10->2->5->9->8->7->4->6->3
10	7072	6482.220512820512	47	1	0.0	1->10->2->5->9->8->7->4->6->3
10	7072	6482.220512820512	47	1	0.0	1->10->2->5->9->8->7->4->6->3
10	7072	6482.220512820512	47	1	0.0	1->10->2->5->9->8->7->4->6->3
10	7072	6482.220512820512	47	1	0.0	1->10->2->5->9->8->7->4->6->3
10	7072	6482.220512820512	47	1	0.015625953674316406	1->10->2->5->9->8->7->4->6->3
10	7072	6482.220512820512	47	1	0.015625476837158203	1->10->2->5->9->8->7->4->6->3
10	7072	6482.220512820512	47	1	0.0	1->10->2->5->9->8->7->4->6->3
10	7072	6482.220512820512	47	1	0.0	1->10->2->5->9->8->7->4->6->3
10	7072	6482.220512820512	47	1	0.003002166748046875	1->10->2->5->9->8->7->4->6->3
10	7072	6482.220512820512	47	1	0.004002094268798828	1->10->2->5->9->8->7->4->6->3
10	7072	6482.220512820512	47	1	0.0	1->10->2->5->9->8->7->4->6->3
10	7072	6482.220512820512	47	1	0.0	1->10->2->5->9->8->7->4->6->3
10	7072	6482.220512820512	47	1	0.016751766204833984	1->10->2->5->9->8->7->4->6->3
10	7072	6482.220512820512	47	1	0.0	1->10->2->5->9->8->7->4->6->3
10	7072	6482.220512820512	47	1	0.0	1->10->2->5->9->8->7->4->6->3
10	7072	6482.220512820512	47	1	0.0	1->10->2->5->9->8->7->4->6->3
10	7072	6482.220512820512	47	1	0.0	1->10->2->5->9->8->7->4->6->3
10	7072	6482.220512820512	47	1	0.0035016536712646484	1->10->2->5->9->8->7->4->6->3
10	7072	6482.220512820512	47	1	0.0030012130737304688	1->10->2->5->9->8->7->4->6->3
10	7072	6482.220512820512	47	1	0.0	1->10->2->5->9->8->7->4->6->3
10	7072	6482.220512820512	47	1	0.0	1->10->2->5->9->8->7->4->6->3
10	7072	6482.220512820512	47	1	0.0	1->10->2->5->9->8->7->4->6->3
10	7072	6482.220512820512	47	1	0.0030019283294677734	1->10->2->5->9->8->7->4->6->3
10	7072	6482.220512820512	47	1	0.0	1->10->2->5->9->8->7->4->6->3
10	7072	6482.220512820512	47	1	0.0	1->10->2->5->9->8->7->4->6->3
10	7072	6482.220512820512	47	1	0.0	1->10->2->5->9->8->7->4->6->3
10	7072	6482.220512820512	47	1	0.0	1->10->2->5->9->8->7->4->6->3
10	7072	6482.220512820512	47	1	0.003002166748046875	1->10->2->5->9->8->7->4->6->3
10	7072	6482.220512820512	47	1	0.0	1->10->2->5->9->8->7->4->6->3
10	7072	6482.220512820512	47	1	0.0	1->10->2->5->9->8->7->4->6->3
10	7072	6482.220512820512	47	1	0.002999544143676758	1->10->2->5->9->8->7->4->6->3
10	7072	6482.220512820512	47	1	0.003002643585205078	1->10->2->5->9->8->7->4->6->3
10	7072	6482.220512820512	47	1	0.0029990673065185547	1->10->2->5->9->8->7->4->6->3
10	7072	6482.220512820512	47	1	0.003002643585205078	1->10->2->5->9->8->7->4->6->3
10	7072	6482.220512820512	47	1	0.0	1->10->2->5->9->8->7->4->6->3
10	7072	6482.220512820512	47	1	0.015627145767211914	1->10->2->5->9->8->7->4->6->3
10	7072	6482.220512820512	47	1	0.0030024051666259766	1->10->2->5->9->8->7->4->6->3
10	7072	6482.220512820512	47	1	0.003000497817993164	1->10->2->5->9->8->7->4->6->3
10	1968	1866.8038461538463	26	1	0.001999378204345703	1->10->2->7->4->9->8->5->6->3
10	1968	1866.8038461538463	26	1	0.002000093460083008	1->10->2->7->4->9->8->5->6->3
