10	7866	7107.581632653061	61	1	0.0	1->2->4->6->5->9->3->10->7->8
10	7866	7107.581632653061	61	1	0.0	1->2->4->6->5->9->3->10->7->8
10	7866	7107.581632653061	61	1	0.0	1->2->4->6->5->9->3->10->7->8
10	7866	7107.581632653061	61	1	0.0	1->2->4->6->5->9->3->10->7->8
10	7866	7107.581632653061	61	1	0.0	1->2->4->6->5->9->3->10->7->8
10	7866	7107.581632653061	61	1	0.0	1->2->4->6->5->9->3->10->7->8
10	7866	7107.581632653061	61	1	0.015625953674316406	1->2->4->6->5->9->3->10->7->8
10	7866	7107.581632653061	61	1	0.00400233268737793	1->2->4->6->5->9->3->10->7->8
10	7866	7107.581632653061	61	1	0.01562643051147461	1->2->4->6->5->9->3->10->7->8
10	7866	7107.581632653061	61	1	0.0	1->2->4->6->5->9->3->10->7->8
10	7866	7107.581632653061	61	1	0.0	1->2->4->6->5->9->3->10->7->8
10	7866	7107.581632653061	61	1	0.015625476837158203	1->2->4->6->5->9->3->10->7->8
10	7866	7107.581632653061	61	1	0.016371726989746094	1->2->4->6->5->9->3->10->7->8
10	7866	7107.581632653061	61	1	0.0	1->2->4->6->5->9->3->10->7->8
10	7866	7107.581632653061	61	1	0.01898503303527832	1->2->4->6->5->9->3->10->7->8
10	7866	7107.581632653061	61	1	0.0	1->2->4->6->5->9->3->10->7->8
10	7866	7107.581632653061	61	1	0.015626907348632812	1->2->4->6->5->9->3->10->7->8
10	7866	7107.581632653061	61	1	0.0	1->2->4->6->5->9->3->10->7->8
10	7866	7107.581632653061	61	1	0.015626192092895508	1->2->4->6->5->9->3->10->7->8
10	7866	7107.581632653061	61	1	0.0	1->2->4->6->5->9->3->10->7->8
10	7866	7107.581632653061	61	1	0.0	1->2->4->6->5->9->3->10->7->8
10	7866	7107.581632653061	61	1	0.0	1->2->4->6->5->9->3->10->7->8
10	7866	7107.581632653061	61	1	0.0	1->2->4->6->5->9->3->10->7->8
10	7866	7107.581632653061	61	1	0.0	1->2->4->6->5->9->3->10->7->8
10	7866	7107.581632653061	61	1	0.0035021305084228516	1->2->4->6->5->9->3->10->7->8
10	7866	7107.581632653061	61	1	0.0	1->2->4->6->5->9->3->10->7->8
10	7866	7107.581632653061	61	1	0.0	1->2->4->6->5->9->3->10->7->8
10	7866	7107.581632653061	61	1	0.0	1->2->4->6->5->9->3->10->7->8
10	7866	7107.581632653061	61	1	0.015626192092895508	1->2->4->6->5->9->3->10->7->8
10	7866	7107.581632653061	61	1	0.0	1->2->4->6->5->9->3->10->7->8
10	7866	7107.581632653061	61	1	0.0	1->2->4->6->5->9->3->10->7->8
10	7866	7107.581632653061	61	1	0.0	1->2->4->6->5->9->3->10->7->8
10	7866	7107.581632653061	61	1	0.0030045509338378906	1->2->4->6->5->9->3->10->7->8
10	7866	7107.581632653061	61	1	0.003002166748046875	1->2->4->6->5->9->3->10->7->8
10	7866	7107.581632653061	61	1	0.01562643051147461	1->2->4->6->5->9->3->10->7->8
10	7866	7107.581632653061	61	1	0.0	1->2->4->6->5->9->3->10->7->8
10	7866	7107.581632653061	61	1	0.0	1->2->4->6->5->9->3->10->7->8
10	7866	7107.581632653061	61	1	0.0	1->2->4->6->5->9->3->10->7->8
10	7866	7107.581632653061	61	1	0.0	1->2->4->6->5->9->3->10->7->8
10	7866	7107.581632653061	61	1	0.015625	1->2->4->6->5->9->3->10->7->8
10	7866	7107.581632653061	61	1	0.0030012130737304688	1->2->4->6->5->9->3->10->7->8
10	7866	7107.581632653061	61	1	0.0	1->2->4->6->5->9->3->10->7->8
10	7866	7107.581632653061	61	1	0.015625715255737305	1->2->4->6->5->9->3->10->7->8
10	7866	7107.581632653061	61	1	0.003001689910888672	1->2->4->6->5->9->3->10->7->8
10	7866	7107.581632653061	61	1	0.0030019283294677734	1->2->4->6->5->9->3->10->7->8
10	2205	2058.10625	29	1	0.003002166748046875	1->2->3->4->9->5->10->7->8->6
10	2205	2058.10625	29	1	0.004003286361694336	1->2->3->4->9->5->10->7->8->6
