10	15954	15420.460302109237	28	2	0.0	1->4->2->6->10->5->3->9->7->8
10	15954	15420.460302109237	28	2	0.0	1->4->2->6->10->5->3->9->7->8
10	15954	15420.460302109237	28	2	0.0	1->4->2->6->10->5->3->9->7->8
10	15954	15420.460302109237	28	2	0.0	1->4->2->6->10->5->3->9->7->8
10	15954	15420.460302109237	28	2	0.0	1->4->2->6->10->5->3->9->7->8
10	15954	15420.460302109237	28	2	0.015626907348632812	1->4->2->6->10->5->3->9->7->8
10	15954	15420.460302109237	28	2	0.01562356948852539	1->4->2->6->10->5->3->9->7->8
10	15954	15420.460302109237	28	2	0.00400233268737793	1->4->2->6->10->5->3->9->7->8
10	15954	15420.460302109237	28	2	0.0	1->4->2->6->10->5->3->9->7->8
10	15954	15420.460302109237	28	2	0.002000570297241211	1->4->2->6->10->5->3->9->7->8
10	15954	15420.460302109237	28	2	0.0	1->4->2->6->10->5->3->9->7->8
10	15954	15420.460302109237	28	2	0.0	1->4->2->6->10->5->3->9->7->8
10	15954	15420.460302109237	28	2	0.0014815330505371094	1->4->2->6->10->5->3->9->7->8
10	15954	15420.460302109237	28	2	0.0156252384185791	1->4->2->6->10->5->3->9->7->8
10	15954	15420.460302109237	28	2	0.0	1->4->2->6->10->5->3->9->7->8
10	15954	15420.460302109237	28	2	0.015625715255737305	1->4->2->6->10->5->3->9->7->8
10	15954	15420.460302109237	28	2	0.0	1->4->2->6->10->5->3->9->7->8
10	15954	15420.460302109237	28	2	0.0	1->4->2->6->10->5->3->9->7->8
10	15954	15420.460302109237	28	2	0.015626192092895508	1->4->2->6->10->5->3->9->7->8
10	15954	15420.460302109237	28	2	0.0	1->4->2->6->10->5->3->9->7->8
10	15954	15420.460302109237	28	2	0.0	1->4->2->6->10->5->3->9->7->8
10	15954	15420.460302109237	28	2	0.0	1->4->2->6->10->5->3->9->7->8
10	15954	15420.460302109237	28	2	0.0	1->4->2->6->10->5->3->9->7->8
10	15954	15420.460302109237	28	2	0.015625476837158203	1->4->2->6->10->5->3->9->7->8
10	15954	15420.460302109237	28	2	0.0	1->4->2->6->10->5->3->9->7->8
10	15954	15420.460302109237	28	2	0.0020008087158203125	1->4->2->6->10->5->3->9->7->8
10	15954	15420.460302109237	28	2	0.0	1->4->2->6->10->5->3->9->7->8
10	15954	15420.460302109237	28	2	0.0	1->4->2->6->10->5->3->9->7->8
10	15954	15420.460302109237	28	2	0.0	1->4->2->6->10->5->3->9->7->8
10	15954	15420.460302109237	28	2	0.0156252384185791	1->4->2->6->10->5->3->9->7->8
10	15954	15420.460302109237	28	2	0.0	1->4->2->6->10->5->3->9->7->8
10	15954	15420.460302109237	28	2	0.0	1->4->2->6->10->5->3->9->7->8
10	15954	15420.460302109237	28	2	0.0	1->4->2->6->10->5->3->9->7->8
10	15954	15420.460302109237	28	2	0.015627622604370117	1->4->2->6->10->5->3->9->7->8
10	15954	15420.460302109237	28	2	0.0	1->4->2->6->10->5->3->9->7->8
10	15954	15420.460302109237	28	2	0.0	1->4->2->6->10->5->3->9->7->8
10	15954	15420.460302109237	28	2	0.0	1->4->2->6->10->5->3->9->7->8
10	15954	15420.460302109237	28	2	0.0	1->4->2->6->10->5->3->9->7->8
10	15954	15420.460302109237	28	2	0.0	1->4->2->6->10->5->3->9->7->8
10	15954	15420.460302109237	28	2	0.0	1->4->2->6->10->5->3->9->7->8
10	15954	15420.460302109237	28	2	0.0010004043579101562	1->4->2->6->10->5->3->9->7->8
10	2531	2473.4068343004515	19	1	0.0010001659393310547	1->4->2->5->6->10->8->3->9->7
