10	10927	10849.877192982456	28	1	0.002002716064453125	1->2->4->3->5->6->7->8->10->9
10	10927	10849.877192982456	28	1	0.0	1->2->4->3->5->6->7->8->10->9
10	10927	10849.877192982456	28	1	0.0	1->2->4->3->5->6->7->8->10->9
10	10927	10849.877192982456	28	1	0.0	1->2->4->3->5->6->7->8->10->9
10	10927	10849.877192982456	28	1	0.0	1->2->4->3->5->6->7->8->10->9
10	10927	10849.877192982456	28	1	0.0	1->2->4->3->5->6->7->8->10->9
10	10927	10849.877192982456	28	1	0.0	1->2->4->3->5->6->7->8->10->9
10	10927	10849.877192982456	28	1	0.0	1->2->4->3->5->6->7->8->10->9
10	10927	10849.877192982456	28	1	0.0	1->2->4->3->5->6->7->8->10->9
10	10927	10849.877192982456	28	1	0.0004127025604248047	1->2->4->3->5->6->7->8->10->9
10	10927	10849.877192982456	28	1	0.015625715255737305	1->2->4->3->5->6->7->8->10->9
10	10927	10849.877192982456	28	1	0.001008749008178711	1->2->4->3->5->6->7->8->10->9
10	10927	10849.877192982456	28	1	0.0	1->2->4->3->5->6->7->8->10->9
10	10927	10849.877192982456	28	1	0.0	1->2->4->3->5->6->7->8->10->9
10	10927	10849.877192982456	28	1	0.0	1->2->4->3->5->6->7->8->10->9
10	10927	10849.877192982456	28	1	0.0	1->2->4->3->5->6->7->8->10->9
10	10927	10849.877192982456	28	1	0.0	1->2->4->3->5->6->7->8->10->9
10	10927	10849.877192982456	28	1	0.002001047134399414	1->2->4->3->5->6->7->8->10->9
10	10927	10849.877192982456	28	1	0.0	1->2->4->3->5->6->7->8->10->9
10	10927	10849.877192982456	28	1	0.0	1->2->4->3->5->6->7->8->10->9
10	10927	10849.877192982456	28	1	0.0	1->2->4->3->5->6->7->8->10->9
10	10927	10849.877192982456	28	1	0.0	1->2->4->3->5->6->7->8->10->9
10	10927	10849.877192982456	28	1	0.0	1->2->4->3->5->6->7->8->10->9
10	10927	10849.877192982456	28	1	0.0	1->2->4->3->5->6->7->8->10->9
10	10927	10849.877192982456	28	1	0.0	1->2->4->3->5->6->7->8->10->9
10	10927	10849.877192982456	28	1	0.0	1->2->4->3->5->6->7->8->10->9
10	10927	10849.877192982456	28	1	0.015626192092895508	1->2->4->3->5->6->7->8->10->9
10	10927	10849.877192982456	28	1	0.0	1->2->4->3->5->6->7->8->10->9
10	10927	10849.877192982456	28	1	0.0009999275207519531	1->2->4->3->5->6->7->8->10->9
10	10927	10849.877192982456	28	1	0.0	1->2->4->3->5->6->7->8->10->9
10	10927	10849.877192982456	28	1	0.0	1->2->4->3->5->6->7->8->10->9
10	10927	10849.877192982456	28	1	0.0	1->2->4->3->5->6->7->8->10->9
10	10927	10849.877192982456	28	1	0.0	1->2->4->3->5->6->7->8->10->9
10	10927	10849.877192982456	28	1	0.0	1->2->4->3->5->6->7->8->10->9
10	10927	10849.877192982456	28	1	0.0	1->2->4->3->5->6->7->8->10->9
10	10927	10849.877192982456	28	1	0.015626192092895508	1->2->4->3->5->6->7->8->10->9
10	10927	10849.877192982456	28	1	0.0	1->2->4->3->5->6->7->8->10->9
10	10927	10849.877192982456	28	1	0.002001047134399414	1->2->4->3->5->6->7->8->10->9
10	10927	10849.877192982456	28	1	0.0	1->2->4->3->5->6->7->8->10->9
10	10927	10849.877192982456	28	1	0.0	1->2->4->3->5->6->7->8->10->9
10	10927	10849.877192982456	28	1	0.0010006427764892578	1->2->4->3->5->6->7->8->10->9
10	2486	2467.791921664627	22	1	0.0010004043579101562	1->3->4->2->5->6->7->8->10->9
