10	13881	13372.19329004329	53	1	0.0	2->3->1->5->4->8->6->10->7->9
10	13881	13372.19329004329	53	1	0.0	2->3->1->5->4->8->6->10->7->9
10	13881	13372.19329004329	53	1	0.0	2->3->1->5->4->8->6->10->7->9
10	13881	13372.19329004329	53	1	0.0	2->3->1->5->4->8->6->10->7->9
10	13881	13372.19329004329	53	1	0.004002809524536133	2->3->1->5->4->8->6->10->7->9
10	13881	13372.19329004329	53	1	0.0	2->3->1->5->4->8->6->10->7->9
10	13881	13372.19329004329	53	1	0.00900578498840332	2->3->1->5->4->8->6->10->7->9
10	13881	13372.19329004329	53	1	0.015625953674316406	2->3->1->5->4->8->6->10->7->9
10	13881	13372.19329004329	53	1	0.0	2->3->1->5->4->8->6->10->7->9
10	13881	13372.19329004329	53	1	0.0	2->3->1->5->4->8->6->10->7->9
10	13881	13372.19329004329	53	1	0.015627622604370117	2->3->1->5->4->8->6->10->7->9
10	13881	13372.19329004329	53	1	0.0	2->3->1->5->4->8->6->10->7->9
10	13881	13372.19329004329	53	1	0.0	2->3->1->5->4->8->6->10->7->9
10	13881	13372.19329004329	53	1	0.0	2->3->1->5->4->8->6->10->7->9
10	13881	13372.19329004329	53	1	0.015625715255737305	2->3->1->5->4->8->6->10->7->9
10	13881	13372.19329004329	53	1	0.0	2->3->1->5->4->8->6->10->7->9
10	13881	13372.19329004329	53	1	0.004002571105957031	2->3->1->5->4->8->6->10->7->9
10	13881	13372.19329004329	53	1	0.004002094268798828	2->3->1->5->4->8->6->10->7->9
10	13881	13372.19329004329	53	1	0.0	2->3->1->5->4->8->6->10->7->9
10	13881	13372.19329004329	53	1	0.0	2->3->1->5->4->8->6->10->7->9
10	13881	13372.19329004329	53	1	0.0	2->3->1->5->4->8->6->10->7->9
10	13881	13372.19329004329	53	1	0.0	2->3->1->5->4->8->6->10->7->9
10	13881	13372.19329004329	53	1	0.0	2->3->1->5->4->8->6->10->7->9
10	13881	13372.19329004329	53	1	0.004001140594482422	2->3->1->5->4->8->6->10->7->9
10	13881	13372.19329004329	53	1	0.0	2->3->1->5->4->8->6->10->7->9
10	13881	13372.19329004329	53	1	0.0	2->3->1->5->4->8->6->10->7->9
10	13881	13372.19329004329	53	1	0.0	2->3->1->5->4->8->6->10->7->9
10	13881	13372.19329004329	53	1	0.0	2->3->1->5->4->8->6->10->7->9
10	13881	13372.19329004329	53	1	0.0	2->3->1->5->4->8->6->10->7->9
10	13881	13372.19329004329	53	1	0.0	2->3->1->5->4->8->6->10->7->9
10	13881	13372.19329004329	53	1	0.0	2->3->1->5->4->8->6->10->7->9
10	13881	13372.19329004329	53	1	0.015626192092895508	2->3->1->5->4->8->6->10->7->9
10	13881	13372.19329004329	53	1	0.0	2->3->1->5->4->8->6->10->7->9
10	13881	13372.19329004329	53	1	0.0	2->3->1->5->4->8->6->10->7->9
10	13881	13372.19329004329	53	1	0.0	2->3->1->5->4->8->6->10->7->9
10	13881	13372.19329004329	53	1	0.0	2->3->1->5->4->8->6->10->7->9
10	13881	13372.19329004329	53	1	0.0	2->3->1->5->4->8->6->10->7->9
10	13881	13372.19329004329	53	1	0.003002166748046875	2->3->1->5->4->8->6->10->7->9
10	13881	13372.19329004329	53	1	0.0	2->3->1->5->4->8->6->10->7->9
10	13881	13372.19329004329	53	1	0.0	2->3->1->5->4->8->6->10->7->9
10	13881	13372.19329004329	53	1	0.0040018558502197266	2->3->1->5->4->8->6->10->7->9
10	2428	2298.0712537462537	108	1	0.007004737854003906	2->3->1->5->4->6->8->10->9->7
