10	12355	11608.826159125212	55	1	0.0	1->8->4->5->7->9->10->3->2->6
10	12355	11608.826159125212	55	1	0.0	1->8->4->5->7->9->10->3->2->6
10	12355	11608.826159125212	55	1	0.002002239227294922	1->8->4->5->7->9->10->3->2->6
10	12355	11608.826159125212	55	1	0.0	1->8->4->5->7->9->10->3->2->6
10	12355	11608.826159125212	55	1	0.0	1->8->4->5->7->9->10->3->2->6
10	12355	11608.826159125212	55	1	0.0	1->8->4->5->7->9->10->3->2->6
10	12355	11608.826159125212	55	1	0.01562809944152832	1->8->4->5->7->9->10->3->2->6
10	12355	11608.826159125212	55	1	0.015920162200927734	1->8->4->5->7->9->10->3->2->6
10	12355	11608.826159125212	55	1	0.0	1->8->4->5->7->9->10->3->2->6
10	12355	11608.826159125212	55	1	0.0	1->8->4->5->7->9->10->3->2->6
10	12355	11608.826159125212	55	1	0.0	1->8->4->5->7->9->10->3->2->6
10	12355	11608.826159125212	55	1	0.0	1->8->4->5->7->9->10->3->2->6
10	12355	11608.826159125212	55	1	0.0	1->8->4->5->7->9->10->3->2->6
10	12355	11608.826159125212	55	1	0.015625953674316406	1->8->4->5->7->9->10->3->2->6
10	12355	11608.826159125212	55	1	0.0	1->8->4->5->7->9->10->3->2->6
10	12355	11608.826159125212	55	1	0.0020012855529785156	1->8->4->5->7->9->10->3->2->6
10	12355	11608.826159125212	55	1	0.0020020008087158203	1->8->4->5->7->9->10->3->2->6
10	12355	11608.826159125212	55	1	0.0	1->8->4->5->7->9->10->3->2->6
10	12355	11608.826159125212	55	1	0.0	1->8->4->5->7->9->10->3->2->6
10	12355	11608.826159125212	55	1	0.0	1->8->4->5->7->9->10->3->2->6
10	12355	11608.826159125212	55	1	0.0	1->8->4->5->7->9->10->3->2->6
10	12355	11608.826159125212	55	1	0.0	1->8->4->5->7->9->10->3->2->6
10	12355	11608.826159125212	55	1	0.0	1->8->4->5->7->9->10->3->2->6
10	12355	11608.826159125212	55	1	0.0	1->8->4->5->7->9->10->3->2->6
10	12355	11608.826159125212	55	1	0.0020012855529785156	1->8->4->5->7->9->10->3->2->6
10	12355	11608.826159125212	55	1	0.015628337860107422	1->8->4->5->7->9->10->3->2->6
10	12355	11608.826159125212	55	1	0.0	1->8->4->5->7->9->10->3->2->6
10	12355	11608.826159125212	55	1	0.0	1->8->4->5->7->9->10->3->2->6
10	12355	11608.826159125212	55	1	0.0	1->8->4->5->7->9->10->3->2->6
10	12355	11608.826159125212	55	1	0.0	1->8->4->5->7->9->10->3->2->6
10	12355	11608.826159125212	55	1	0.015626192092895508	1->8->4->5->7->9->10->3->2->6
10	12355	11608.826159125212	55	1	0.015625715255737305	1->8->4->5->7->9->10->3->2->6
10	12355	11608.826159125212	55	1	0.0	1->8->4->5->7->9->10->3->2->6
10	12355	11608.826159125212	55	1	0.0	1->8->4->5->7->9->10->3->2->6
10	12355	11608.826159125212	55	1	0.0	1->8->4->5->7->9->10->3->2->6
10	12355	11608.826159125212	55	1	0.0	1->8->4->5->7->9->10->3->2->6
10	12355	11608.826159125212	55	1	0.015625715255737305	1->8->4->5->7->9->10->3->2->6
10	12355	11608.826159125212	55	1	0.0020012855529785156	1->8->4->5->7->9->10->3->2->6
10	12355	11608.826159125212	55	1	0.0	1->8->4->5->7->9->10->3->2->6
10	12355	11608.826159125212	55	1	0.0	1->8->4->5->7->9->10->3->2->6
10	12355	11608.826159125212	55	1	0.002001047134399414	1->8->4->5->7->9->10->3->2->6
10	12355	11608.826159125212	55	1	0.0	1->8->4->5->7->9->10->3->2->6
10	12355	11608.826159125212	55	1	0.0	1->8->4->5->7->9->10->3->2->6
10	12355	11608.826159125212	55	1	0.0020012855529785156	1->8->4->5->7->9->10->3->2->6
10	12355	11608.826159125212	55	1	0.002000093460083008	1->8->4->5->7->9->10->3->2->6
10	2747	2671.268201841335	46	1	0.0040018558502197266	1->2->4->5->3->9->8->7->6->10
10	2747	2671.268201841335	46	1	0.004000186920166016	1->2->4->5->3->9->8->7->6->10
