10	8612	7909.843251088534	38	1	0.015625715255737305	1->2->3->5->10->8->6->9->4->7
10	8612	7909.843251088534	38	1	0.0	1->2->3->5->10->8->6->9->4->7
10	8612	7909.843251088534	38	1	0.0	1->2->3->5->10->8->6->9->4->7
10	8612	7909.843251088534	38	1	0.0	1->2->3->5->10->8->6->9->4->7
10	8612	7909.843251088534	38	1	0.0	1->2->3->5->10->8->6->9->4->7
10	8612	7909.843251088534	38	1	0.0	1->2->3->5->10->8->6->9->4->7
10	8612	7909.843251088534	38	1	0.004003047943115234	1->2->3->5->10->8->6->9->4->7
10	8612	7909.843251088534	38	1	0.0	1->2->3->5->10->8->6->9->4->7
10	8612	7909.843251088534	38	1	0.005003690719604492	1->2->3->5->10->8->6->9->4->7
10	8612	7909.843251088534	38	1	0.0	1->2->3->5->10->8->6->9->4->7
10	8612	7909.843251088534	38	1	0.0010013580322265625	1->2->3->5->10->8->6->9->4->7
10	8612	7909.843251088534	38	1	0.0	1->2->3->5->10->8->6->9->4->7
10	8612	7909.843251088534	38	1	0.0	1->2->3->5->10->8->6->9->4->7
10	8612	7909.843251088534	38	1	0.0	1->2->3->5->10->8->6->9->4->7
10	8612	7909.843251088534	38	1	0.0	1->2->3->5->10->8->6->9->4->7
10	8612	7909.843251088534	38	1	0.0010006427764892578	1->2->3->5->10->8->6->9->4->7
10	8612	7909.843251088534	38	1	0.0009987354278564453	1->2->3->5->10->8->6->9->4->7
10	8612	7909.843251088534	38	1	0.0	1->2->3->5->10->8->6->9->4->7
10	8612	7909.843251088534	38	1	0.0	1->2->3->5->10->8->6->9->4->7
10	8612	7909.843251088534	38	1	0.0	1->2->3->5->10->8->6->9->4->7
10	8612	7909.843251088534	38	1	0.0	1->2->3->5->10->8->6->9->4->7
10	8612	7909.843251088534	38	1	0.0	1->2->3->5->10->8->6->9->4->7
10	8612	7909.843251088534	38	1	0.0	1->2->3->5->10->8->6->9->4->7
10	8612	7909.843251088534	38	1	0.0	1->2->3->5->10->8->6->9->4->7
10	8612	7909.843251088534	38	1	0.001500844955444336	1->2->3->5->10->8->6->9->4->7
10	8612	7909.843251088534	38	1	0.0	1->2->3->5->10->8->6->9->4->7
10	8612	7909.843251088534	38	1	0.0	1->2->3->5->10->8->6->9->4->7
10	8612	7909.843251088534	38	1	0.0	1->2->3->5->10->8->6->9->4->7
10	8612	7909.843251088534	38	1	0.0	1->2->3->5->10->8->6->9->4->7
10	8612	7909.843251088534	38	1	0.0	1->2->3->5->10->8->6->9->4->7
10	8612	7909.843251088534	38	1	0.0	1->2->3->5->10->8->6->9->4->7
10	8612	7909.843251088534	38	1	0.01562666893005371	1->2->3->5->10->8->6->9->4->7
10	8612	7909.843251088534	38	1	0.0	1->2->3->5->10->8->6->9->4->7
10	8612	7909.843251088534	38	1	0.0	1->2->3->5->10->8->6->9->4->7
10	8612	7909.843251088534	38	1	0.0	1->2->3->5->10->8->6->9->4->7
10	8612	7909.843251088534	38	1	0.0	1->2->3->5->10->8->6->9->4->7
10	8612	7909.843251088534	38	1	0.0	1->2->3->5->10->8->6->9->4->7
10	8612	7909.843251088534	38	1	0.0	1->2->3->5->10->8->6->9->4->7
10	8612	7909.843251088534	38	1	0.0	1->2->3->5->10->8->6->9->4->7
10	8612	7909.843251088534	38	1	0.0020008087158203125	1->2->3->5->10->8->6->9->4->7
10	8612	7909.843251088534	38	1	0.002000570297241211	1->2->3->5->10->8->6->9->4->7
10	8612	7909.843251088534	38	1	0.0	1->2->3->5->10->8->6->9->4->7
10	8612	7909.843251088534	38	1	0.0	1->2->3->5->10->8->6->9->4->7
10	8612	7909.843251088534	38	1	0.0010006427764892578	1->2->3->5->10->8->6->9->4->7
10	8612	7909.843251088534	38	1	0.0020012855529785156	1->2->3->5->10->8->6->9->4->7
10	1989	1916.2663817663818	56	2	0.002001523971557617	1->9->3->4->5->10->2->6->8->7
10	1989	1916.2663817663818	56	2	0.002000570297241211	1->9->3->4->5->10->2->6->8->7
