10	13133	12108.765984654732	36	1	0.0	1->3->2->4->9->6->8->10->5->7
10	13133	12108.765984654732	36	1	0.0	1->3->2->4->9->6->8->10->5->7
10	13133	12108.765984654732	36	1	0.0	1->3->2->4->9->6->8->10->5->7
10	13133	12108.765984654732	36	1	0.0	1->3->2->4->9->6->8->10->5->7
10	13133	12108.765984654732	36	1	0.0	1->3->2->4->9->6->8->10->5->7
10	13133	12108.765984654732	36	1	0.0040018558502197266	1->3->2->4->9->6->8->10->5->7
10	13133	12108.765984654732	36	1	0.0	1->3->2->4->9->6->8->10->5->7
10	13133	12108.765984654732	36	1	0.003002166748046875	1->3->2->4->9->6->8->10->5->7
10	13133	12108.765984654732	36	1	0.015628337860107422	1->3->2->4->9->6->8->10->5->7
10	13133	12108.765984654732	36	1	0.0	1->3->2->4->9->6->8->10->5->7
10	13133	12108.765984654732	36	1	0.0	1->3->2->4->9->6->8->10->5->7
10	13133	12108.765984654732	36	1	0.0	1->3->2->4->9->6->8->10->5->7
10	13133	12108.765984654732	36	1	0.0	1->3->2->4->9->6->8->10->5->7
10	13133	12108.765984654732	36	1	0.0	1->3->2->4->9->6->8->10->5->7
10	13133	12108.765984654732	36	1	0.0	1->3->2->4->9->6->8->10->5->7
10	13133	12108.765984654732	36	1	0.0	1->3->2->4->9->6->8->10->5->7
10	13133	12108.765984654732	36	1	0.015627384185791016	1->3->2->4->9->6->8->10->5->7
10	13133	12108.765984654732	36	1	0.01562643051147461	1->3->2->4->9->6->8->10->5->7
10	13133	12108.765984654732	36	1	0.0	1->3->2->4->9->6->8->10->5->7
10	13133	12108.765984654732	36	1	0.0030019283294677734	1->3->2->4->9->6->8->10->5->7
10	13133	12108.765984654732	36	1	0.0	1->3->2->4->9->6->8->10->5->7
10	13133	12108.765984654732	36	1	0.0	1->3->2->4->9->6->8->10->5->7
10	13133	12108.765984654732	36	1	0.0	1->3->2->4->9->6->8->10->5->7
10	13133	12108.765984654732	36	1	0.0	1->3->2->4->9->6->8->10->5->7
10	13133	12108.765984654732	36	1	0.003002166748046875	1->3->2->4->9->6->8->10->5->7
10	13133	12108.765984654732	36	1	0.0	1->3->2->4->9->6->8->10->5->7
10	13133	12108.765984654732	36	1	0.00400233268737793	1->3->2->4->9->6->8->10->5->7
10	13133	12108.765984654732	36	1	0.0	1->3->2->4->9->6->8->10->5->7
10	13133	12108.765984654732	36	1	0.0	1->3->2->4->9->6->8->10->5->7
10	13133	12108.765984654732	36	1	0.0	1->3->2->4->9->6->8->10->5->7
10	13133	12108.765984654732	36	1	0.0	1->3->2->4->9->6->8->10->5->7
10	13133	12108.765984654732	36	1	0.0	1->3->2->4->9->6->8->10->5->7
10	13133	12108.765984654732	36	1	0.0	1->3->2->4->9->6->8->10->5->7
10	13133	12108.765984654732	36	1	0.0	1->3->2->4->9->6->8->10->5->7
10	13133	12108.765984654732	36	1	0.0	1->3->2->4->9->6->8->10->5->7
10	13133	12108.765984654732	36	1	0.015625476837158203	1->3->2->4->9->6->8->10->5->7
10	13133	12108.765984654732	36	1	0.0	1->3->2->4->9->6->8->10->5->7
10	13133	12108.765984654732	36	1	0.0	1->3->2->4->9->6->8->10->5->7
10	13133	12108.765984654732	36	1	0.0	1->3->2->4->9->6->8->10->5->7
10	13133	12108.765984654732	36	1	0.0	1->3->2->4->9->6->8->10->5->7
10	13133	12108.765984654732	36	1	0.0030028820037841797	1->3->2->4->9->6->8->10->5->7
10	13133	12108.765984654732	36	1	0.01562643051147461	1->3->2->4->9->6->8->10->5->7
10	13133	12108.765984654732	36	1	0.01562666893005371	1->3->2->4->9->6->8->10->5->7
10	13133	12108.765984654732	36	1	0.003001689910888672	1->3->2->4->9->6->8->10->5->7
10	13133	12108.765984654732	36	1	0.0030014514923095703	1->3->2->4->9->6->8->10->5->7
10	2829	2668.682027464193	21	1	0.002000570297241211	1->3->2->5->9->10->6->7->8->4
10	2829	2668.682027464193	21	1	0.002000570297241211	1->3->2->5->9->10->6->7->8->4
