10	12134	12134.0	19	1	0.0010006427764892578	1->2->8->5->7->4->3->6->9->10
10	12134	12134.0	19	1	0.0	1->2->8->5->7->4->3->6->9->10
10	12134	12134.0	19	1	0.0	1->2->8->5->7->4->3->6->9->10
10	12134	12134.0	19	1	0.0	1->2->8->5->7->4->3->6->9->10
10	12134	12134.0	19	1	0.015624523162841797	1->2->8->5->7->4->3->6->9->10
10	12134	12134.0	19	1	0.0	1->2->8->5->7->4->3->6->9->10
10	12134	12134.0	19	1	0.01562356948852539	1->2->8->5->7->4->3->6->9->10
10	12134	12134.0	19	1	0.015624523162841797	1->2->8->5->7->4->3->6->9->10
10	12134	12134.0	19	1	0.0	1->2->8->5->7->4->3->6->9->10
10	12134	12134.0	19	1	0.0010001659393310547	1->2->8->5->7->4->3->6->9->10
10	12134	12134.0	19	1	0.0020024776458740234	1->2->8->5->7->4->3->6->9->10
10	12134	12134.0	19	1	0.001999378204345703	1->2->8->5->7->4->3->6->9->10
10	12134	12134.0	19	1	0.0	1->2->8->5->7->4->3->6->9->10
10	12134	12134.0	19	1	0.0	1->2->8->5->7->4->3->6->9->10
10	12134	12134.0	19	1	0.0018105506896972656	1->2->8->5->7->4->3->6->9->10
10	12134	12134.0	19	1	0.0	1->2->8->5->7->4->3->6->9->10
10	12134	12134.0	19	1	0.0	1->2->8->5->7->4->3->6->9->10
10	12134	12134.0	19	1	0.0	1->2->8->5->7->4->3->6->9->10
10	12134	12134.0	19	1	0.0	1->2->8->5->7->4->3->6->9->10
10	12134	12134.0	19	1	0.0	1->2->8->5->7->4->3->6->9->10
10	12134	12134.0	19	1	0.0	1->2->8->5->7->4->3->6->9->10
10	12134	12134.0	19	1	0.0	1->2->8->5->7->4->3->6->9->10
10	12134	12134.0	19	1	0.01562786102294922	1->2->8->5->7->4->3->6->9->10
10	12134	12134.0	19	1	0.0	1->2->8->5->7->4->3->6->9->10
10	12134	12134.0	19	1	0.0	1->2->8->5->7->4->3->6->9->10
10	12134	12134.0	19	1	0.0	1->2->8->5->7->4->3->6->9->10
10	12134	12134.0	19	1	0.0	1->2->8->5->7->4->3->6->9->10
10	12134	12134.0	19	1	0.0	1->2->8->5->7->4->3->6->9->10
10	12134	12134.0	19	1	0.0	1->2->8->5->7->4->3->6->9->10
10	12134	12134.0	19	1	0.0	1->2->8->5->7->4->3->6->9->10
10	12134	12134.0	19	1	0.0	1->2->8->5->7->4->3->6->9->10
10	12134	12134.0	19	1	0.0	1->2->8->5->7->4->3->6->9->10
10	12134	12134.0	19	1	0.0	1->2->8->5->7->4->3->6->9->10
10	12134	12134.0	19	1	0.0	1->2->8->5->7->4->3->6->9->10
10	12134	12134.0	19	1	0.0	1->2->8->5->7->4->3->6->9->10
10	12134	12134.0	19	1	0.0	1->2->8->5->7->4->3->6->9->10
10	12134	12134.0	19	1	0.0	1->2->8->5->7->4->3->6->9->10
10	12134	12134.0	19	1	0.0	1->2->8->5->7->4->3->6->9->10
10	12134	12134.0	19	1	0.0	1->2->8->5->7->4->3->6->9->10
10	12134	12134.0	19	1	0.0	1->2->8->5->7->4->3->6->9->10
10	12134	12134.0	19	1	0.0010006427764892578	1->2->8->5->7->4->3->6->9->10
10	2992	2968.531063321386	20	1	0.0020024776458740234	1->3->4->6->10->2->9->7->8->5
