10	9859	9444.55415565942	38	1	0.0	1->3->2->7->5->8->9->10->4->6
10	9859	9444.55415565942	38	1	0.015627622604370117	1->3->2->7->5->8->9->10->4->6
10	9859	9444.55415565942	38	1	0.015625953674316406	1->3->2->7->5->8->9->10->4->6
10	9859	9444.55415565942	38	1	0.0	1->3->2->7->5->8->9->10->4->6
10	9859	9444.55415565942	38	1	0.0156252384185791	1->3->2->7->5->8->9->10->4->6
10	9859	9444.55415565942	38	1	0.0	1->3->2->7->5->8->9->10->4->6
10	9859	9444.55415565942	38	1	0.0	1->3->2->7->5->8->9->10->4->6
10	9859	9444.55415565942	38	1	0.005003452301025391	1->3->2->7->5->8->9->10->4->6
10	9859	9444.55415565942	38	1	0.0	1->3->2->7->5->8->9->10->4->6
10	9859	9444.55415565942	38	1	0.0020008087158203125	1->3->2->7->5->8->9->10->4->6
10	9859	9444.55415565942	38	1	0.0	1->3->2->7->5->8->9->10->4->6
10	9859	9444.55415565942	38	1	0.0	1->3->2->7->5->8->9->10->4->6
10	9859	9444.55415565942	38	1	0.0	1->3->2->7->5->8->9->10->4->6
10	9859	9444.55415565942	38	1	0.0	1->3->2->7->5->8->9->10->4->6
10	9859	9444.55415565942	38	1	0.002000570297241211	1->3->2->7->5->8->9->10->4->6
10	9859	9444.55415565942	38	1	0.0	1->3->2->7->5->8->9->10->4->6
10	9859	9444.55415565942	38	1	0.0	1->3->2->7->5->8->9->10->4->6
10	9859	9444.55415565942	38	1	0.002036571502685547	1->3->2->7->5->8->9->10->4->6
10	9859	9444.55415565942	38	1	0.0	1->3->2->7->5->8->9->10->4->6
10	9859	9444.55415565942	38	1	0.0	1->3->2->7->5->8->9->10->4->6
10	9859	9444.55415565942	38	1	0.0	1->3->2->7->5->8->9->10->4->6
10	9859	9444.55415565942	38	1	0.0	1->3->2->7->5->8->9->10->4->6
10	9859	9444.55415565942	38	1	0.0	1->3->2->7->5->8->9->10->4->6
10	9859	9444.55415565942	38	1	0.0	1->3->2->7->5->8->9->10->4->6
10	9859	9444.55415565942	38	1	0.0	1->3->2->7->5->8->9->10->4->6
10	9859	9444.55415565942	38	1	0.002000570297241211	1->3->2->7->5->8->9->10->4->6
10	9859	9444.55415565942	38	1	0.0	1->3->2->7->5->8->9->10->4->6
10	9859	9444.55415565942	38	1	0.0	1->3->2->7->5->8->9->10->4->6
10	9859	9444.55415565942	38	1	0.0	1->3->2->7->5->8->9->10->4->6
10	9859	9444.55415565942	38	1	0.0	1->3->2->7->5->8->9->10->4->6
10	9859	9444.55415565942	38	1	0.0	1->3->2->7->5->8->9->10->4->6
10	9859	9444.55415565942	38	1	0.0	1->3->2->7->5->8->9->10->4->6
10	9859	9444.55415565942	38	1	0.0	1->3->2->7->5->8->9->10->4->6
10	9859	9444.55415565942	38	1	0.0	1->3->2->7->5->8->9->10->4->6
10	9859	9444.55415565942	38	1	0.015627145767211914	1->3->2->7->5->8->9->10->4->6
10	9859	9444.55415565942	38	1	0.0	1->3->2->7->5->8->9->10->4->6
10	9859	9444.55415565942	38	1	0.0	1->3->2->7->5->8->9->10->4->6
10	9859	9444.55415565942	38	1	0.0	1->3->2->7->5->8->9->10->4->6
10	9859	9444.55415565942	38	1	0.0	1->3->2->7->5->8->9->10->4->6
10	9859	9444.55415565942	38	1	0.015625476837158203	1->3->2->7->5->8->9->10->4->6
10	9859	9444.55415565942	38	1	0.0020012855529785156	1->3->2->7->5->8->9->10->4->6
10	1986	1917.1099370046738	38	1	0.003001689910888672	1->3->2->7->5->8->9->10->4->6
