10	9859	9174.524376050693	43	1	0.015626192092895508	1->3->2->7->5->8->9->10->4->6
10	9859	9174.524376050693	43	1	0.0	1->3->2->7->5->8->9->10->4->6
10	9859	9174.524376050693	43	1	0.003002166748046875	1->3->2->7->5->8->9->10->4->6
10	9859	9174.524376050693	43	1	0.0	1->3->2->7->5->8->9->10->4->6
10	9859	9174.524376050693	43	1	0.002000570297241211	1->3->2->7->5->8->9->10->4->6
10	9859	9174.524376050693	43	1	0.0	1->3->2->7->5->8->9->10->4->6
10	9859	9174.524376050693	43	1	0.0	1->3->2->7->5->8->9->10->4->6
10	9859	9174.524376050693	43	1	0.003002166748046875	1->3->2->7->5->8->9->10->4->6
10	9859	9174.524376050693	43	1	0.0055615901947021484	1->3->2->7->5->8->9->10->4->6
10	9859	9174.524376050693	43	1	0.0	1->3->2->7->5->8->9->10->4->6
10	9859	9174.524376050693	43	1	0.0	1->3->2->7->5->8->9->10->4->6
10	9859	9174.524376050693	43	1	0.015625715255737305	1->3->2->7->5->8->9->10->4->6
10	9859	9174.524376050693	43	1	0.015624523162841797	1->3->2->7->5->8->9->10->4->6
10	9859	9174.524376050693	43	1	0.0	1->3->2->7->5->8->9->10->4->6
10	9859	9174.524376050693	43	1	0.0	1->3->2->7->5->8->9->10->4->6
10	9859	9174.524376050693	43	1	0.0010867118835449219	1->3->2->7->5->8->9->10->4->6
10	9859	9174.524376050693	43	1	0.0	1->3->2->7->5->8->9->10->4->6
10	9859	9174.524376050693	43	1	0.0	1->3->2->7->5->8->9->10->4->6
10	9859	9174.524376050693	43	1	0.0	1->3->2->7->5->8->9->10->4->6
10	9859	9174.524376050693	43	1	0.0	1->3->2->7->5->8->9->10->4->6
10	9859	9174.524376050693	43	1	0.0	1->3->2->7->5->8->9->10->4->6
10	9859	9174.524376050693	43	1	0.0	1->3->2->7->5->8->9->10->4->6
10	9859	9174.524376050693	43	1	0.0	1->3->2->7->5->8->9->10->4->6
10	9859	9174.524376050693	43	1	0.0	1->3->2->7->5->8->9->10->4->6
10	9859	9174.524376050693	43	1	0.002501964569091797	1->3->2->7->5->8->9->10->4->6
10	9859	9174.524376050693	43	1	0.0	1->3->2->7->5->8->9->10->4->6
10	9859	9174.524376050693	43	1	0.0	1->3->2->7->5->8->9->10->4->6
10	9859	9174.524376050693	43	1	0.0	1->3->2->7->5->8->9->10->4->6
10	9859	9174.524376050693	43	1	0.0	1->3->2->7->5->8->9->10->4->6
10	9859	9174.524376050693	43	1	0.0	1->3->2->7->5->8->9->10->4->6
10	9859	9174.524376050693	43	1	0.0	1->3->2->7->5->8->9->10->4->6
10	9859	9174.524376050693	43	1	0.0	1->3->2->7->5->8->9->10->4->6
10	9859	9174.524376050693	43	1	0.0	1->3->2->7->5->8->9->10->4->6
10	9859	9174.524376050693	43	1	0.0	1->3->2->7->5->8->9->10->4->6
10	9859	9174.524376050693	43	1	0.0	1->3->2->7->5->8->9->10->4->6
10	9859	9174.524376050693	43	1	0.0	1->3->2->7->5->8->9->10->4->6
10	9859	9174.524376050693	43	1	0.0020008087158203125	1->3->2->7->5->8->9->10->4->6
10	9859	9174.524376050693	43	1	0.0020012855529785156	1->3->2->7->5->8->9->10->4->6
10	9859	9174.524376050693	43	1	0.0	1->3->2->7->5->8->9->10->4->6
10	9859	9174.524376050693	43	1	0.01562786102294922	1->3->2->7->5->8->9->10->4->6
10	9859	9174.524376050693	43	1	0.0020012855529785156	1->3->2->7->5->8->9->10->4->6
10	9859	9174.524376050693	43	1	0.0	1->3->2->7->5->8->9->10->4->6
10	9859	9174.524376050693	43	1	0.015625715255737305	1->3->2->7->5->8->9->10->4->6
10	9859	9174.524376050693	43	1	0.0020012855529785156	1->3->2->7->5->8->9->10->4->6
10	9859	9174.524376050693	43	1	0.0020008087158203125	1->3->2->7->5->8->9->10->4->6
10	1986	1859.5673089357301	45	1	0.0020008087158203125	1->3->2->7->5->8->9->10->4->6
10	1986	1859.5673089357301	45	1	0.003003835678100586	1->3->2->7->5->8->9->10->4->6
