10	12355	12046.991977831269	48	1	0.0020017623901367188	1->8->4->5->7->9->10->3->2->6
10	12355	12046.991977831269	48	1	0.0	1->8->4->5->7->9->10->3->2->6
10	12355	12046.991977831269	48	1	0.0	1->8->4->5->7->9->10->3->2->6
10	12355	12046.991977831269	48	1	0.0	1->8->4->5->7->9->10->3->2->6
10	12355	12046.991977831269	48	1	0.0	1->8->4->5->7->9->10->3->2->6
10	12355	12046.991977831269	48	1	0.0156252384185791	1->8->4->5->7->9->10->3->2->6
10	12355	12046.991977831269	48	1	0.0	1->8->4->5->7->9->10->3->2->6
10	12355	12046.991977831269	48	1	0.005003213882446289	1->8->4->5->7->9->10->3->2->6
10	12355	12046.991977831269	48	1	0.0	1->8->4->5->7->9->10->3->2->6
10	12355	12046.991977831269	48	1	0.002000093460083008	1->8->4->5->7->9->10->3->2->6
10	12355	12046.991977831269	48	1	0.0	1->8->4->5->7->9->10->3->2->6
10	12355	12046.991977831269	48	1	0.0	1->8->4->5->7->9->10->3->2->6
10	12355	12046.991977831269	48	1	0.0	1->8->4->5->7->9->10->3->2->6
10	12355	12046.991977831269	48	1	0.015626907348632812	1->8->4->5->7->9->10->3->2->6
10	12355	12046.991977831269	48	1	0.0	1->8->4->5->7->9->10->3->2->6
10	12355	12046.991977831269	48	1	0.015624284744262695	1->8->4->5->7->9->10->3->2->6
10	12355	12046.991977831269	48	1	0.0	1->8->4->5->7->9->10->3->2->6
10	12355	12046.991977831269	48	1	0.01670551300048828	1->8->4->5->7->9->10->3->2->6
10	12355	12046.991977831269	48	1	0.0	1->8->4->5->7->9->10->3->2->6
10	12355	12046.991977831269	48	1	0.0	1->8->4->5->7->9->10->3->2->6
10	12355	12046.991977831269	48	1	0.0	1->8->4->5->7->9->10->3->2->6
10	12355	12046.991977831269	48	1	0.0	1->8->4->5->7->9->10->3->2->6
10	12355	12046.991977831269	48	1	0.0	1->8->4->5->7->9->10->3->2->6
10	12355	12046.991977831269	48	1	0.0	1->8->4->5->7->9->10->3->2->6
10	12355	12046.991977831269	48	1	0.0	1->8->4->5->7->9->10->3->2->6
10	12355	12046.991977831269	48	1	0.0020020008087158203	1->8->4->5->7->9->10->3->2->6
10	12355	12046.991977831269	48	1	0.0010004043579101562	1->8->4->5->7->9->10->3->2->6
10	12355	12046.991977831269	48	1	0.0	1->8->4->5->7->9->10->3->2->6
10	12355	12046.991977831269	48	1	0.0	1->8->4->5->7->9->10->3->2->6
10	12355	12046.991977831269	48	1	0.0	1->8->4->5->7->9->10->3->2->6
10	12355	12046.991977831269	48	1	0.0	1->8->4->5->7->9->10->3->2->6
10	12355	12046.991977831269	48	1	0.0	1->8->4->5->7->9->10->3->2->6
10	12355	12046.991977831269	48	1	0.0	1->8->4->5->7->9->10->3->2->6
10	12355	12046.991977831269	48	1	0.0	1->8->4->5->7->9->10->3->2->6
10	12355	12046.991977831269	48	1	0.0	1->8->4->5->7->9->10->3->2->6
10	12355	12046.991977831269	48	1	0.0	1->8->4->5->7->9->10->3->2->6
10	12355	12046.991977831269	48	1	0.0	1->8->4->5->7->9->10->3->2->6
10	12355	12046.991977831269	48	1	0.0	1->8->4->5->7->9->10->3->2->6
10	12355	12046.991977831269	48	1	0.0	1->8->4->5->7->9->10->3->2->6
10	12355	12046.991977831269	48	1	0.0	1->8->4->5->7->9->10->3->2->6
10	12355	12046.991977831269	48	1	0.0020012855529785156	1->8->4->5->7->9->10->3->2->6
10	2747	2707.0377352011014	42	1	0.0030019283294677734	1->2->4->5->3->9->8->7->6->10
