10	15954	15268.770378557612	28	2	0.0	1->4->2->6->10->5->3->9->7->8
10	15954	15268.770378557612	28	2	0.0	1->4->2->6->10->5->3->9->7->8
10	15954	15268.770378557612	28	2	0.0	1->4->2->6->10->5->3->9->7->8
10	15954	15268.770378557612	28	2	0.0	1->4->2->6->10->5->3->9->7->8
10	15954	15268.770378557612	28	2	0.0020003318786621094	1->4->2->6->10->5->3->9->7->8
10	15954	15268.770378557612	28	2	0.01562643051147461	1->4->2->6->10->5->3->9->7->8
10	15954	15268.770378557612	28	2	0.0	1->4->2->6->10->5->3->9->7->8
10	15954	15268.770378557612	28	2	0.0	1->4->2->6->10->5->3->9->7->8
10	15954	15268.770378557612	28	2	0.004002809524536133	1->4->2->6->10->5->3->9->7->8
10	15954	15268.770378557612	28	2	0.0	1->4->2->6->10->5->3->9->7->8
10	15954	15268.770378557612	28	2	0.0	1->4->2->6->10->5->3->9->7->8
10	15954	15268.770378557612	28	2	0.0	1->4->2->6->10->5->3->9->7->8
10	15954	15268.770378557612	28	2	0.0	1->4->2->6->10->5->3->9->7->8
10	15954	15268.770378557612	28	2	0.0	1->4->2->6->10->5->3->9->7->8
10	15954	15268.770378557612	28	2	0.0	1->4->2->6->10->5->3->9->7->8
10	15954	15268.770378557612	28	2	0.0	1->4->2->6->10->5->3->9->7->8
10	15954	15268.770378557612	28	2	0.0	1->4->2->6->10->5->3->9->7->8
10	15954	15268.770378557612	28	2	0.0	1->4->2->6->10->5->3->9->7->8
10	15954	15268.770378557612	28	2	0.0	1->4->2->6->10->5->3->9->7->8
10	15954	15268.770378557612	28	2	0.0	1->4->2->6->10->5->3->9->7->8
10	15954	15268.770378557612	28	2	0.0	1->4->2->6->10->5->3->9->7->8
10	15954	15268.770378557612	28	2	0.0	1->4->2->6->10->5->3->9->7->8
10	15954	15268.770378557612	28	2	0.0	1->4->2->6->10->5->3->9->7->8
10	15954	15268.770378557612	28	2	0.0	1->4->2->6->10->5->3->9->7->8
10	15954	15268.770378557612	28	2	0.0015003681182861328	1->4->2->6->10->5->3->9->7->8
10	15954	15268.770378557612	28	2	0.015625715255737305	1->4->2->6->10->5->3->9->7->8
10	15954	15268.770378557612	28	2	0.0	1->4->2->6->10->5->3->9->7->8
10	15954	15268.770378557612	28	2	0.015625476837158203	1->4->2->6->10->5->3->9->7->8
10	15954	15268.770378557612	28	2	0.0	1->4->2->6->10->5->3->9->7->8
10	15954	15268.770378557612	28	2	0.0	1->4->2->6->10->5->3->9->7->8
10	15954	15268.770378557612	28	2	0.0	1->4->2->6->10->5->3->9->7->8
10	15954	15268.770378557612	28	2	0.0	1->4->2->6->10->5->3->9->7->8
10	15954	15268.770378557612	28	2	0.0	1->4->2->6->10->5->3->9->7->8
10	15954	15268.770378557612	28	2	0.0	1->4->2->6->10->5->3->9->7->8
10	15954	15268.770378557612	28	2	0.0	1->4->2->6->10->5->3->9->7->8
10	15954	15268.770378557612	28	2	0.0	1->4->2->6->10->5->3->9->7->8
10	15954	15268.770378557612	28	2	0.0010006427764892578	1->4->2->6->10->5->3->9->7->8
10	15954	15268.770378557612	28	2	0.0	1->4->2->6->10->5->3->9->7->8
10	15954	15268.770378557612	28	2	0.0	1->4->2->6->10->5->3->9->7->8
10	15954	15268.770378557612	28	2	0.0	1->4->2->6->10->5->3->9->7->8
10	15954	15268.770378557612	28	2	0.0019943714141845703	1->4->2->6->10->5->3->9->7->8
10	15954	15268.770378557612	28	2	0.0	1->4->2->6->10->5->3->9->7->8
10	15954	15268.770378557612	28	2	0.0	1->4->2->6->10->5->3->9->7->8
10	15954	15268.770378557612	28	2	0.002000570297241211	1->4->2->6->10->5->3->9->7->8
10	15954	15268.770378557612	28	2	0.0020012855529785156	1->4->2->6->10->5->3->9->7->8
10	2531	2432.4274661508703	19	1	0.0010006427764892578	1->4->2->5->6->10->8->3->9->7
10	2531	2432.4274661508703	19	1	0.0010018348693847656	1->4->2->5->6->10->8->3->9->7
