10	7072	6673.257692307692	44	1	0.0	1->10->2->5->9->8->7->4->6->3
10	7072	6673.257692307692	44	1	0.0	1->10->2->5->9->8->7->4->6->3
10	7072	6673.257692307692	44	1	0.0	1->10->2->5->9->8->7->4->6->3
10	7072	6673.257692307692	44	1	0.0	1->10->2->5->9->8->7->4->6->3
10	7072	6673.257692307692	44	1	0.0	1->10->2->5->9->8->7->4->6->3
10	7072	6673.257692307692	44	1	0.015626192092895508	1->10->2->5->9->8->7->4->6->3
10	7072	6673.257692307692	44	1	0.0	1->10->2->5->9->8->7->4->6->3
10	7072	6673.257692307692	44	1	0.0	1->10->2->5->9->8->7->4->6->3
10	7072	6673.257692307692	44	1	0.015625715255737305	1->10->2->5->9->8->7->4->6->3
10	7072	6673.257692307692	44	1	0.003001689910888672	1->10->2->5->9->8->7->4->6->3
10	7072	6673.257692307692	44	1	0.0029935836791992188	1->10->2->5->9->8->7->4->6->3
10	7072	6673.257692307692	44	1	0.0	1->10->2->5->9->8->7->4->6->3
10	7072	6673.257692307692	44	1	0.015626192092895508	1->10->2->5->9->8->7->4->6->3
10	7072	6673.257692307692	44	1	0.0	1->10->2->5->9->8->7->4->6->3
10	7072	6673.257692307692	44	1	0.0025014877319335938	1->10->2->5->9->8->7->4->6->3
10	7072	6673.257692307692	44	1	0.0	1->10->2->5->9->8->7->4->6->3
10	7072	6673.257692307692	44	1	0.015625953674316406	1->10->2->5->9->8->7->4->6->3
10	7072	6673.257692307692	44	1	0.018106937408447266	1->10->2->5->9->8->7->4->6->3
10	7072	6673.257692307692	44	1	0.015625476837158203	1->10->2->5->9->8->7->4->6->3
10	7072	6673.257692307692	44	1	0.0	1->10->2->5->9->8->7->4->6->3
10	7072	6673.257692307692	44	1	0.0	1->10->2->5->9->8->7->4->6->3
10	7072	6673.257692307692	44	1	0.0	1->10->2->5->9->8->7->4->6->3
10	7072	6673.257692307692	44	1	0.0	1->10->2->5->9->8->7->4->6->3
10	7072	6673.257692307692	44	1	0.01562643051147461	1->10->2->5->9->8->7->4->6->3
10	7072	6673.257692307692	44	1	0.015627384185791016	1->10->2->5->9->8->7->4->6->3
10	7072	6673.257692307692	44	1	0.0	1->10->2->5->9->8->7->4->6->3
10	7072	6673.257692307692	44	1	0.0	1->10->2->5->9->8->7->4->6->3
10	7072	6673.257692307692	44	1	0.0	1->10->2->5->9->8->7->4->6->3
10	7072	6673.257692307692	44	1	0.0	1->10->2->5->9->8->7->4->6->3
10	7072	6673.257692307692	44	1	0.0	1->10->2->5->9->8->7->4->6->3
10	7072	6673.257692307692	44	1	0.0	1->10->2->5->9->8->7->4->6->3
10	7072	6673.257692307692	44	1	0.0	1->10->2->5->9->8->7->4->6->3
10	7072	6673.257692307692	44	1	0.0	1->10->2->5->9->8->7->4->6->3
10	7072	6673.257692307692	44	1	0.015627622604370117	1->10->2->5->9->8->7->4->6->3
10	7072	6673.257692307692	44	1	0.003914356231689453	1->10->2->5->9->8->7->4->6->3
10	7072	6673.257692307692	44	1	0.0	1->10->2->5->9->8->7->4->6->3
10	7072	6673.257692307692	44	1	0.0156252384185791	1->10->2->5->9->8->7->4->6->3
10	7072	6673.257692307692	44	1	0.0	1->10->2->5->9->8->7->4->6->3
10	7072	6673.257692307692	44	1	0.0	1->10->2->5->9->8->7->4->6->3
10	7072	6673.257692307692	44	1	0.015625476837158203	1->10->2->5->9->8->7->4->6->3
10	7072	6673.257692307692	44	1	0.0030014514923095703	1->10->2->5->9->8->7->4->6->3
10	1968	1898.9	26	1	0.0020017623901367188	1->10->2->7->4->9->8->5->6->3
