10	6568	6264.071750119072	55	1	0.0	2->4->7->9->10->6->3->1->8->5
10	6568	6264.071750119072	55	1	0.0	2->4->7->9->10->6->3->1->8->5
10	6568	6264.071750119072	55	1	0.0	2->4->7->9->10->6->3->1->8->5
10	6568	6264.071750119072	55	1	0.0	2->4->7->9->10->6->3->1->8->5
10	6568	6264.071750119072	55	1	0.0	2->4->7->9->10->6->3->1->8->5
10	6568	6264.071750119072	55	1	0.002001523971557617	2->4->7->9->10->6->3->1->8->5
10	6568	6264.071750119072	55	1	0.0	2->4->7->9->10->6->3->1->8->5
10	6568	6264.071750119072	55	1	0.0	2->4->7->9->10->6->3->1->8->5
10	6568	6264.071750119072	55	1	0.0	2->4->7->9->10->6->3->1->8->5
10	6568	6264.071750119072	55	1	0.0	2->4->7->9->10->6->3->1->8->5
10	6568	6264.071750119072	55	1	0.002003908157348633	2->4->7->9->10->6->3->1->8->5
10	6568	6264.071750119072	55	1	0.0010006427764892578	2->4->7->9->10->6->3->1->8->5
10	6568	6264.071750119072	55	1	0.0	2->4->7->9->10->6->3->1->8->5
10	6568	6264.071750119072	55	1	0.0	2->4->7->9->10->6->3->1->8->5
10	6568	6264.071750119072	55	1	0.0	2->4->7->9->10->6->3->1->8->5
10	6568	6264.071750119072	55	1	0.0	2->4->7->9->10->6->3->1->8->5
10	6568	6264.071750119072	55	1	0.0	2->4->7->9->10->6->3->1->8->5
10	6568	6264.071750119072	55	1	0.0020012855529785156	2->4->7->9->10->6->3->1->8->5
10	6568	6264.071750119072	55	1	0.0	2->4->7->9->10->6->3->1->8->5
10	6568	6264.071750119072	55	1	0.0	2->4->7->9->10->6->3->1->8->5
10	6568	6264.071750119072	55	1	0.0	2->4->7->9->10->6->3->1->8->5
10	6568	6264.071750119072	55	1	0.0	2->4->7->9->10->6->3->1->8->5
10	6568	6264.071750119072	55	1	0.002001523971557617	2->4->7->9->10->6->3->1->8->5
10	6568	6264.071750119072	55	1	0.0	2->4->7->9->10->6->3->1->8->5
10	6568	6264.071750119072	55	1	0.0	2->4->7->9->10->6->3->1->8->5
10	6568	6264.071750119072	55	1	0.002000570297241211	2->4->7->9->10->6->3->1->8->5
10	6568	6264.071750119072	55	1	0.0	2->4->7->9->10->6->3->1->8->5
10	6568	6264.071750119072	55	1	0.015622615814208984	2->4->7->9->10->6->3->1->8->5
10	6568	6264.071750119072	55	1	0.0	2->4->7->9->10->6->3->1->8->5
10	6568	6264.071750119072	55	1	0.002000570297241211	2->4->7->9->10->6->3->1->8->5
10	6568	6264.071750119072	55	1	0.0	2->4->7->9->10->6->3->1->8->5
10	6568	6264.071750119072	55	1	0.0	2->4->7->9->10->6->3->1->8->5
10	6568	6264.071750119072	55	1	0.0	2->4->7->9->10->6->3->1->8->5
10	6568	6264.071750119072	55	1	0.0020029544830322266	2->4->7->9->10->6->3->1->8->5
10	6568	6264.071750119072	55	1	0.0	2->4->7->9->10->6->3->1->8->5
10	6568	6264.071750119072	55	1	0.0	2->4->7->9->10->6->3->1->8->5
10	6568	6264.071750119072	55	1	0.0	2->4->7->9->10->6->3->1->8->5
10	6568	6264.071750119072	55	1	0.0	2->4->7->9->10->6->3->1->8->5
10	6568	6264.071750119072	55	1	0.0156252384185791	2->4->7->9->10->6->3->1->8->5
10	6568	6264.071750119072	55	1	0.0	2->4->7->9->10->6->3->1->8->5
10	6568	6264.071750119072	55	1	0.002001047134399414	2->4->7->9->10->6->3->1->8->5
10	2464	2341.5782648081586	53	1	0.002001523971557617	2->4->7->6->9->10->8->1->5->3
