10	14848	14370.04705882353	32	1	0.0	1->2->7->5->8->6->10->9->3->4
10	14848	14370.04705882353	32	1	0.0	1->2->7->5->8->6->10->9->3->4
10	14848	14370.04705882353	32	1	0.0	1->2->7->5->8->6->10->9->3->4
10	14848	14370.04705882353	32	1	0.0	1->2->7->5->8->6->10->9->3->4
10	14848	14370.04705882353	32	1	0.0020012855529785156	1->2->7->5->8->6->10->9->3->4
10	14848	14370.04705882353	32	1	0.0	1->2->7->5->8->6->10->9->3->4
10	14848	14370.04705882353	32	1	0.0	1->2->7->5->8->6->10->9->3->4
10	14848	14370.04705882353	32	1	0.0010538101196289062	1->2->7->5->8->6->10->9->3->4
10	14848	14370.04705882353	32	1	0.004002571105957031	1->2->7->5->8->6->10->9->3->4
10	14848	14370.04705882353	32	1	0.0010018348693847656	1->2->7->5->8->6->10->9->3->4
10	14848	14370.04705882353	32	1	0.0	1->2->7->5->8->6->10->9->3->4
10	14848	14370.04705882353	32	1	0.000997781753540039	1->2->7->5->8->6->10->9->3->4
10	14848	14370.04705882353	32	1	0.0	1->2->7->5->8->6->10->9->3->4
10	14848	14370.04705882353	32	1	0.0	1->2->7->5->8->6->10->9->3->4
10	14848	14370.04705882353	32	1	0.0	1->2->7->5->8->6->10->9->3->4
10	14848	14370.04705882353	32	1	0.0	1->2->7->5->8->6->10->9->3->4
10	14848	14370.04705882353	32	1	0.0	1->2->7->5->8->6->10->9->3->4
10	14848	14370.04705882353	32	1	0.0	1->2->7->5->8->6->10->9->3->4
10	14848	14370.04705882353	32	1	0.0	1->2->7->5->8->6->10->9->3->4
10	14848	14370.04705882353	32	1	0.0	1->2->7->5->8->6->10->9->3->4
10	14848	14370.04705882353	32	1	0.0	1->2->7->5->8->6->10->9->3->4
10	14848	14370.04705882353	32	1	0.0	1->2->7->5->8->6->10->9->3->4
10	14848	14370.04705882353	32	1	0.0	1->2->7->5->8->6->10->9->3->4
10	14848	14370.04705882353	32	1	0.0	1->2->7->5->8->6->10->9->3->4
10	14848	14370.04705882353	32	1	0.0010008811950683594	1->2->7->5->8->6->10->9->3->4
10	14848	14370.04705882353	32	1	0.0	1->2->7->5->8->6->10->9->3->4
10	14848	14370.04705882353	32	1	0.0	1->2->7->5->8->6->10->9->3->4
10	14848	14370.04705882353	32	1	0.0	1->2->7->5->8->6->10->9->3->4
10	14848	14370.04705882353	32	1	0.0	1->2->7->5->8->6->10->9->3->4
10	14848	14370.04705882353	32	1	0.0	1->2->7->5->8->6->10->9->3->4
10	14848	14370.04705882353	32	1	0.0	1->2->7->5->8->6->10->9->3->4
10	14848	14370.04705882353	32	1	0.0	1->2->7->5->8->6->10->9->3->4
10	14848	14370.04705882353	32	1	0.0	1->2->7->5->8->6->10->9->3->4
10	14848	14370.04705882353	32	1	0.0	1->2->7->5->8->6->10->9->3->4
10	14848	14370.04705882353	32	1	0.0	1->2->7->5->8->6->10->9->3->4
10	14848	14370.04705882353	32	1	0.0	1->2->7->5->8->6->10->9->3->4
10	14848	14370.04705882353	32	1	0.0	1->2->7->5->8->6->10->9->3->4
10	14848	14370.04705882353	32	1	0.0	1->2->7->5->8->6->10->9->3->4
10	14848	14370.04705882353	32	1	0.0	1->2->7->5->8->6->10->9->3->4
10	14848	14370.04705882353	32	1	0.0	1->2->7->5->8->6->10->9->3->4
10	14848	14370.04705882353	32	1	0.001001596450805664	1->2->7->5->8->6->10->9->3->4
10	14848	14370.04705882353	32	1	0.0	1->2->7->5->8->6->10->9->3->4
10	14848	14370.04705882353	32	1	0.01562190055847168	1->2->7->5->8->6->10->9->3->4
10	14848	14370.04705882353	32	1	0.001001596450805664	1->2->7->5->8->6->10->9->3->4
10	14848	14370.04705882353	32	1	0.002002239227294922	1->2->7->5->8->6->10->9->3->4
10	2997	2946.4153846153845	26	1	0.0010018348693847656	1->2->7->9->10->4->5->8->6->3
10	2997	2946.4153846153845	26	1	0.002003908157348633	1->2->7->9->10->4->5->8->6->3
