10	14848	14712.188235294117	32	1	0.0	1->2->7->5->8->6->10->9->3->4
10	14848	14712.188235294117	32	1	0.015628576278686523	1->2->7->5->8->6->10->9->3->4
10	14848	14712.188235294117	32	1	0.0	1->2->7->5->8->6->10->9->3->4
10	14848	14712.188235294117	32	1	0.0	1->2->7->5->8->6->10->9->3->4
10	14848	14712.188235294117	32	1	0.002001523971557617	1->2->7->5->8->6->10->9->3->4
10	14848	14712.188235294117	32	1	0.0	1->2->7->5->8->6->10->9->3->4
10	14848	14712.188235294117	32	1	0.004002809524536133	1->2->7->5->8->6->10->9->3->4
10	14848	14712.188235294117	32	1	0.0	1->2->7->5->8->6->10->9->3->4
10	14848	14712.188235294117	32	1	0.0	1->2->7->5->8->6->10->9->3->4
10	14848	14712.188235294117	32	1	0.0	1->2->7->5->8->6->10->9->3->4
10	14848	14712.188235294117	32	1	0.0020012855529785156	1->2->7->5->8->6->10->9->3->4
10	14848	14712.188235294117	32	1	0.0	1->2->7->5->8->6->10->9->3->4
10	14848	14712.188235294117	32	1	0.0	1->2->7->5->8->6->10->9->3->4
10	14848	14712.188235294117	32	1	0.0	1->2->7->5->8->6->10->9->3->4
10	14848	14712.188235294117	32	1	0.0156252384185791	1->2->7->5->8->6->10->9->3->4
10	14848	14712.188235294117	32	1	0.0	1->2->7->5->8->6->10->9->3->4
10	14848	14712.188235294117	32	1	0.0	1->2->7->5->8->6->10->9->3->4
10	14848	14712.188235294117	32	1	0.002001047134399414	1->2->7->5->8->6->10->9->3->4
10	14848	14712.188235294117	32	1	0.0	1->2->7->5->8->6->10->9->3->4
10	14848	14712.188235294117	32	1	0.0	1->2->7->5->8->6->10->9->3->4
10	14848	14712.188235294117	32	1	0.0	1->2->7->5->8->6->10->9->3->4
10	14848	14712.188235294117	32	1	0.0	1->2->7->5->8->6->10->9->3->4
10	14848	14712.188235294117	32	1	0.0	1->2->7->5->8->6->10->9->3->4
10	14848	14712.188235294117	32	1	0.015626907348632812	1->2->7->5->8->6->10->9->3->4
10	14848	14712.188235294117	32	1	0.0010013580322265625	1->2->7->5->8->6->10->9->3->4
10	14848	14712.188235294117	32	1	0.015628576278686523	1->2->7->5->8->6->10->9->3->4
10	14848	14712.188235294117	32	1	0.0	1->2->7->5->8->6->10->9->3->4
10	14848	14712.188235294117	32	1	0.0	1->2->7->5->8->6->10->9->3->4
10	14848	14712.188235294117	32	1	0.0	1->2->7->5->8->6->10->9->3->4
10	14848	14712.188235294117	32	1	0.0	1->2->7->5->8->6->10->9->3->4
10	14848	14712.188235294117	32	1	0.015625476837158203	1->2->7->5->8->6->10->9->3->4
10	14848	14712.188235294117	32	1	0.0	1->2->7->5->8->6->10->9->3->4
10	14848	14712.188235294117	32	1	0.0	1->2->7->5->8->6->10->9->3->4
10	14848	14712.188235294117	32	1	0.015626907348632812	1->2->7->5->8->6->10->9->3->4
10	14848	14712.188235294117	32	1	0.0	1->2->7->5->8->6->10->9->3->4
10	14848	14712.188235294117	32	1	0.015626192092895508	1->2->7->5->8->6->10->9->3->4
10	14848	14712.188235294117	32	1	0.015625953674316406	1->2->7->5->8->6->10->9->3->4
10	14848	14712.188235294117	32	1	0.015627145767211914	1->2->7->5->8->6->10->9->3->4
10	14848	14712.188235294117	32	1	0.01562643051147461	1->2->7->5->8->6->10->9->3->4
10	14848	14712.188235294117	32	1	0.0	1->2->7->5->8->6->10->9->3->4
10	14848	14712.188235294117	32	1	0.0010006427764892578	1->2->7->5->8->6->10->9->3->4
10	2997	2966.5384615384614	26	1	0.002001523971557617	1->2->7->9->10->4->5->8->6->3
