10	7866	7580.169387755102	44	1	0.0	1->2->4->6->5->9->3->10->7->8
10	7866	7580.169387755102	44	1	0.0	1->2->4->6->5->9->3->10->7->8
10	7866	7580.169387755102	44	1	0.0	1->2->4->6->5->9->3->10->7->8
10	7866	7580.169387755102	44	1	0.0	1->2->4->6->5->9->3->10->7->8
10	7866	7580.169387755102	44	1	0.0	1->2->4->6->5->9->3->10->7->8
10	7866	7580.169387755102	44	1	0.0	1->2->4->6->5->9->3->10->7->8
10	7866	7580.169387755102	44	1	0.01562356948852539	1->2->4->6->5->9->3->10->7->8
10	7866	7580.169387755102	44	1	0.0	1->2->4->6->5->9->3->10->7->8
10	7866	7580.169387755102	44	1	0.002001047134399414	1->2->4->6->5->9->3->10->7->8
10	7866	7580.169387755102	44	1	0.002001047134399414	1->2->4->6->5->9->3->10->7->8
10	7866	7580.169387755102	44	1	0.002001523971557617	1->2->4->6->5->9->3->10->7->8
10	7866	7580.169387755102	44	1	0.0	1->2->4->6->5->9->3->10->7->8
10	7866	7580.169387755102	44	1	0.001999378204345703	1->2->4->6->5->9->3->10->7->8
10	7866	7580.169387755102	44	1	0.0	1->2->4->6->5->9->3->10->7->8
10	7866	7580.169387755102	44	1	0.0	1->2->4->6->5->9->3->10->7->8
10	7866	7580.169387755102	44	1	0.0	1->2->4->6->5->9->3->10->7->8
10	7866	7580.169387755102	44	1	0.002001523971557617	1->2->4->6->5->9->3->10->7->8
10	7866	7580.169387755102	44	1	0.0	1->2->4->6->5->9->3->10->7->8
10	7866	7580.169387755102	44	1	0.0	1->2->4->6->5->9->3->10->7->8
10	7866	7580.169387755102	44	1	0.0	1->2->4->6->5->9->3->10->7->8
10	7866	7580.169387755102	44	1	0.0	1->2->4->6->5->9->3->10->7->8
10	7866	7580.169387755102	44	1	0.0	1->2->4->6->5->9->3->10->7->8
10	7866	7580.169387755102	44	1	0.0	1->2->4->6->5->9->3->10->7->8
10	7866	7580.169387755102	44	1	0.0	1->2->4->6->5->9->3->10->7->8
10	7866	7580.169387755102	44	1	0.0	1->2->4->6->5->9->3->10->7->8
10	7866	7580.169387755102	44	1	0.0	1->2->4->6->5->9->3->10->7->8
10	7866	7580.169387755102	44	1	0.0	1->2->4->6->5->9->3->10->7->8
10	7866	7580.169387755102	44	1	0.015625476837158203	1->2->4->6->5->9->3->10->7->8
10	7866	7580.169387755102	44	1	0.0	1->2->4->6->5->9->3->10->7->8
10	7866	7580.169387755102	44	1	0.0	1->2->4->6->5->9->3->10->7->8
10	7866	7580.169387755102	44	1	0.0	1->2->4->6->5->9->3->10->7->8
10	7866	7580.169387755102	44	1	0.0	1->2->4->6->5->9->3->10->7->8
10	7866	7580.169387755102	44	1	0.0	1->2->4->6->5->9->3->10->7->8
10	7866	7580.169387755102	44	1	0.0	1->2->4->6->5->9->3->10->7->8
10	7866	7580.169387755102	44	1	0.0156252384185791	1->2->4->6->5->9->3->10->7->8
10	7866	7580.169387755102	44	1	0.0	1->2->4->6->5->9->3->10->7->8
10	7866	7580.169387755102	44	1	0.0	1->2->4->6->5->9->3->10->7->8
10	7866	7580.169387755102	44	1	0.0	1->2->4->6->5->9->3->10->7->8
10	7866	7580.169387755102	44	1	0.015627622604370117	1->2->4->6->5->9->3->10->7->8
10	7866	7580.169387755102	44	1	0.0	1->2->4->6->5->9->3->10->7->8
10	7866	7580.169387755102	44	1	0.002000570297241211	1->2->4->6->5->9->3->10->7->8
10	2205	2106.7687499999997	24	1	0.0020012855529785156	1->2->3->4->9->5->10->7->8->6
