10	10985	10763.02910958904	34	1	0.0	1->8->3->10->2->5->9->4->6->7
10	10985	10763.02910958904	34	1	0.0	1->8->3->10->2->5->9->4->6->7
10	10985	10763.02910958904	34	1	0.0	1->8->3->10->2->5->9->4->6->7
10	10985	10763.02910958904	34	1	0.0	1->8->3->10->2->5->9->4->6->7
10	10985	10763.02910958904	34	1	0.0010006427764892578	1->8->3->10->2->5->9->4->6->7
10	10985	10763.02910958904	34	1	0.0	1->8->3->10->2->5->9->4->6->7
10	10985	10763.02910958904	34	1	0.015628576278686523	1->8->3->10->2->5->9->4->6->7
10	10985	10763.02910958904	34	1	0.015624761581420898	1->8->3->10->2->5->9->4->6->7
10	10985	10763.02910958904	34	1	0.0	1->8->3->10->2->5->9->4->6->7
10	10985	10763.02910958904	34	1	0.0020029544830322266	1->8->3->10->2->5->9->4->6->7
10	10985	10763.02910958904	34	1	0.0	1->8->3->10->2->5->9->4->6->7
10	10985	10763.02910958904	34	1	0.0020008087158203125	1->8->3->10->2->5->9->4->6->7
10	10985	10763.02910958904	34	1	0.0	1->8->3->10->2->5->9->4->6->7
10	10985	10763.02910958904	34	1	0.0	1->8->3->10->2->5->9->4->6->7
10	10985	10763.02910958904	34	1	0.015625953674316406	1->8->3->10->2->5->9->4->6->7
10	10985	10763.02910958904	34	1	0.0	1->8->3->10->2->5->9->4->6->7
10	10985	10763.02910958904	34	1	0.002001523971557617	1->8->3->10->2->5->9->4->6->7
10	10985	10763.02910958904	34	1	0.0020008087158203125	1->8->3->10->2->5->9->4->6->7
10	10985	10763.02910958904	34	1	0.0	1->8->3->10->2->5->9->4->6->7
10	10985	10763.02910958904	34	1	0.0	1->8->3->10->2->5->9->4->6->7
10	10985	10763.02910958904	34	1	0.0	1->8->3->10->2->5->9->4->6->7
10	10985	10763.02910958904	34	1	0.0	1->8->3->10->2->5->9->4->6->7
10	10985	10763.02910958904	34	1	0.0	1->8->3->10->2->5->9->4->6->7
10	10985	10763.02910958904	34	1	0.0	1->8->3->10->2->5->9->4->6->7
10	10985	10763.02910958904	34	1	0.0	1->8->3->10->2->5->9->4->6->7
10	10985	10763.02910958904	34	1	0.015627384185791016	1->8->3->10->2->5->9->4->6->7
10	10985	10763.02910958904	34	1	0.015624046325683594	1->8->3->10->2->5->9->4->6->7
10	10985	10763.02910958904	34	1	0.0	1->8->3->10->2->5->9->4->6->7
10	10985	10763.02910958904	34	1	0.015625	1->8->3->10->2->5->9->4->6->7
10	10985	10763.02910958904	34	1	0.0019991397857666016	1->8->3->10->2->5->9->4->6->7
10	10985	10763.02910958904	34	1	0.0	1->8->3->10->2->5->9->4->6->7
10	10985	10763.02910958904	34	1	0.0	1->8->3->10->2->5->9->4->6->7
10	10985	10763.02910958904	34	1	0.0	1->8->3->10->2->5->9->4->6->7
10	10985	10763.02910958904	34	1	0.0	1->8->3->10->2->5->9->4->6->7
10	10985	10763.02910958904	34	1	0.0	1->8->3->10->2->5->9->4->6->7
10	10985	10763.02910958904	34	1	0.015625476837158203	1->8->3->10->2->5->9->4->6->7
10	10985	10763.02910958904	34	1	0.0	1->8->3->10->2->5->9->4->6->7
10	10985	10763.02910958904	34	1	0.002000570297241211	1->8->3->10->2->5->9->4->6->7
10	10985	10763.02910958904	34	1	0.0	1->8->3->10->2->5->9->4->6->7
10	10985	10763.02910958904	34	1	0.0	1->8->3->10->2->5->9->4->6->7
10	10985	10763.02910958904	34	1	0.0020017623901367188	1->8->3->10->2->5->9->4->6->7
10	2232	2147.475777342901	43	1	0.0030014514923095703	1->8->3->10->4->7->5->2->6->9
