10	10067	9510.627146313447	47	1	0.0	8->2->4->6->3->5->9->10->7->1
10	10067	9510.627146313447	47	1	0.0	8->2->4->6->3->5->9->10->7->1
10	10067	9510.627146313447	47	1	0.0	8->2->4->6->3->5->9->10->7->1
10	10067	9510.627146313447	47	1	0.015624284744262695	8->2->4->6->3->5->9->10->7->1
10	10067	9510.627146313447	47	1	0.0020012855529785156	8->2->4->6->3->5->9->10->7->1
10	10067	9510.627146313447	47	1	0.0	8->2->4->6->3->5->9->10->7->1
10	10067	9510.627146313447	47	1	0.0	8->2->4->6->3->5->9->10->7->1
10	10067	9510.627146313447	47	1	0.0	8->2->4->6->3->5->9->10->7->1
10	10067	9510.627146313447	47	1	0.0	8->2->4->6->3->5->9->10->7->1
10	10067	9510.627146313447	47	1	0.0020012855529785156	8->2->4->6->3->5->9->10->7->1
10	10067	9510.627146313447	47	1	0.0	8->2->4->6->3->5->9->10->7->1
10	10067	9510.627146313447	47	1	0.002001047134399414	8->2->4->6->3->5->9->10->7->1
10	10067	9510.627146313447	47	1	0.0	8->2->4->6->3->5->9->10->7->1
10	10067	9510.627146313447	47	1	0.0	8->2->4->6->3->5->9->10->7->1
10	10067	9510.627146313447	47	1	0.0	8->2->4->6->3->5->9->10->7->1
10	10067	9510.627146313447	47	1	0.015624761581420898	8->2->4->6->3->5->9->10->7->1
10	10067	9510.627146313447	47	1	0.0020012855529785156	8->2->4->6->3->5->9->10->7->1
10	10067	9510.627146313447	47	1	0.0020012855529785156	8->2->4->6->3->5->9->10->7->1
10	10067	9510.627146313447	47	1	0.0	8->2->4->6->3->5->9->10->7->1
10	10067	9510.627146313447	47	1	0.0	8->2->4->6->3->5->9->10->7->1
10	10067	9510.627146313447	47	1	0.0	8->2->4->6->3->5->9->10->7->1
10	10067	9510.627146313447	47	1	0.0	8->2->4->6->3->5->9->10->7->1
10	10067	9510.627146313447	47	1	0.002001523971557617	8->2->4->6->3->5->9->10->7->1
10	10067	9510.627146313447	47	1	0.0	8->2->4->6->3->5->9->10->7->1
10	10067	9510.627146313447	47	1	0.0	8->2->4->6->3->5->9->10->7->1
10	10067	9510.627146313447	47	1	0.0	8->2->4->6->3->5->9->10->7->1
10	10067	9510.627146313447	47	1	0.0	8->2->4->6->3->5->9->10->7->1
10	10067	9510.627146313447	47	1	0.0	8->2->4->6->3->5->9->10->7->1
10	10067	9510.627146313447	47	1	0.0	8->2->4->6->3->5->9->10->7->1
10	10067	9510.627146313447	47	1	0.0	8->2->4->6->3->5->9->10->7->1
10	10067	9510.627146313447	47	1	0.0	8->2->4->6->3->5->9->10->7->1
10	10067	9510.627146313447	47	1	0.0	8->2->4->6->3->5->9->10->7->1
10	10067	9510.627146313447	47	1	0.0	8->2->4->6->3->5->9->10->7->1
10	10067	9510.627146313447	47	1	0.0	8->2->4->6->3->5->9->10->7->1
10	10067	9510.627146313447	47	1	0.0	8->2->4->6->3->5->9->10->7->1
10	10067	9510.627146313447	47	1	0.0	8->2->4->6->3->5->9->10->7->1
10	10067	9510.627146313447	47	1	0.015625476837158203	8->2->4->6->3->5->9->10->7->1
10	10067	9510.627146313447	47	1	0.001001119613647461	8->2->4->6->3->5->9->10->7->1
10	10067	9510.627146313447	47	1	0.0	8->2->4->6->3->5->9->10->7->1
10	10067	9510.627146313447	47	1	0.0	8->2->4->6->3->5->9->10->7->1
10	10067	9510.627146313447	47	1	0.0010006427764892578	8->2->4->6->3->5->9->10->7->1
10	2744	2634.2494929006084	37	1	0.0010006427764892578	8->7->4->3->6->5->2->1->10->9
