10	10985	10375.037671232876	34	1	0.0	1->8->3->10->2->5->9->4->6->7
10	10985	10375.037671232876	34	1	0.0	1->8->3->10->2->5->9->4->6->7
10	10985	10375.037671232876	34	1	0.0	1->8->3->10->2->5->9->4->6->7
10	10985	10375.037671232876	34	1	0.0	1->8->3->10->2->5->9->4->6->7
10	10985	10375.037671232876	34	1	0.0	1->8->3->10->2->5->9->4->6->7
10	10985	10375.037671232876	34	1	0.0010013580322265625	1->8->3->10->2->5->9->4->6->7
10	10985	10375.037671232876	34	1	0.004003763198852539	1->8->3->10->2->5->9->4->6->7
10	10985	10375.037671232876	34	1	0.0020444393157958984	1->8->3->10->2->5->9->4->6->7
10	10985	10375.037671232876	34	1	0.0156252384185791	1->8->3->10->2->5->9->4->6->7
10	10985	10375.037671232876	34	1	0.015626907348632812	1->8->3->10->2->5->9->4->6->7
10	10985	10375.037671232876	34	1	0.0	1->8->3->10->2->5->9->4->6->7
10	10985	10375.037671232876	34	1	0.0	1->8->3->10->2->5->9->4->6->7
10	10985	10375.037671232876	34	1	0.0	1->8->3->10->2->5->9->4->6->7
10	10985	10375.037671232876	34	1	0.0	1->8->3->10->2->5->9->4->6->7
10	10985	10375.037671232876	34	1	0.0	1->8->3->10->2->5->9->4->6->7
10	10985	10375.037671232876	34	1	0.0	1->8->3->10->2->5->9->4->6->7
10	10985	10375.037671232876	34	1	0.0	1->8->3->10->2->5->9->4->6->7
10	10985	10375.037671232876	34	1	0.0	1->8->3->10->2->5->9->4->6->7
10	10985	10375.037671232876	34	1	0.0	1->8->3->10->2->5->9->4->6->7
10	10985	10375.037671232876	34	1	0.0010006427764892578	1->8->3->10->2->5->9->4->6->7
10	10985	10375.037671232876	34	1	0.0	1->8->3->10->2->5->9->4->6->7
10	10985	10375.037671232876	34	1	0.0	1->8->3->10->2->5->9->4->6->7
10	10985	10375.037671232876	34	1	0.015625953674316406	1->8->3->10->2->5->9->4->6->7
10	10985	10375.037671232876	34	1	0.0	1->8->3->10->2->5->9->4->6->7
10	10985	10375.037671232876	34	1	0.0015010833740234375	1->8->3->10->2->5->9->4->6->7
10	10985	10375.037671232876	34	1	0.0	1->8->3->10->2->5->9->4->6->7
10	10985	10375.037671232876	34	1	0.0	1->8->3->10->2->5->9->4->6->7
10	10985	10375.037671232876	34	1	0.0	1->8->3->10->2->5->9->4->6->7
10	10985	10375.037671232876	34	1	0.0	1->8->3->10->2->5->9->4->6->7
10	10985	10375.037671232876	34	1	0.0	1->8->3->10->2->5->9->4->6->7
10	10985	10375.037671232876	34	1	0.0	1->8->3->10->2->5->9->4->6->7
10	10985	10375.037671232876	34	1	0.0	1->8->3->10->2->5->9->4->6->7
10	10985	10375.037671232876	34	1	0.0	1->8->3->10->2->5->9->4->6->7
10	10985	10375.037671232876	34	1	0.0	1->8->3->10->2->5->9->4->6->7
10	10985	10375.037671232876	34	1	0.0	1->8->3->10->2->5->9->4->6->7
10	10985	10375.037671232876	34	1	0.0	1->8->3->10->2->5->9->4->6->7
10	10985	10375.037671232876	34	1	0.0	1->8->3->10->2->5->9->4->6->7
10	10985	10375.037671232876	34	1	0.0	1->8->3->10->2->5->9->4->6->7
10	10985	10375.037671232876	34	1	0.0	1->8->3->10->2->5->9->4->6->7
10	10985	10375.037671232876	34	1	0.0	1->8->3->10->2->5->9->4->6->7
10	10985	10375.037671232876	34	1	0.002002239227294922	1->8->3->10->2->5->9->4->6->7
10	10985	10375.037671232876	34	1	0.0	1->8->3->10->2->5->9->4->6->7
10	10985	10375.037671232876	34	1	0.0	1->8->3->10->2->5->9->4->6->7
10	10985	10375.037671232876	34	1	0.0010004043579101562	1->8->3->10->2->5->9->4->6->7
10	10985	10375.037671232876	34	1	0.002001047134399414	1->8->3->10->2->5->9->4->6->7
10	2232	2114.508188600783	48	1	0.004002809524536133	1->8->3->10->4->7->5->2->6->9
10	2232	2114.508188600783	48	1	0.004004478454589844	1->8->3->10->4->7->5->2->6->9
