10	9848	9601.392500356786	36	1	0.0	1->9->2->4->3->7->6->5->10->8
10	9848	9601.392500356786	36	1	0.0	1->9->2->4->3->7->6->5->10->8
10	9848	9601.392500356786	36	1	0.0	1->9->2->4->3->7->6->5->10->8
10	9848	9601.392500356786	36	1	0.0	1->9->2->4->3->7->6->5->10->8
10	9848	9601.392500356786	36	1	0.011967658996582031	1->9->2->4->3->7->6->5->10->8
10	9848	9601.392500356786	36	1	0.0	1->9->2->4->3->7->6->5->10->8
10	9848	9601.392500356786	36	1	0.0	1->9->2->4->3->7->6->5->10->8
10	9848	9601.392500356786	36	1	0.015625476837158203	1->9->2->4->3->7->6->5->10->8
10	9848	9601.392500356786	36	1	0.0	1->9->2->4->3->7->6->5->10->8
10	9848	9601.392500356786	36	1	0.0	1->9->2->4->3->7->6->5->10->8
10	9848	9601.392500356786	36	1	0.0	1->9->2->4->3->7->6->5->10->8
10	9848	9601.392500356786	36	1	0.0	1->9->2->4->3->7->6->5->10->8
10	9848	9601.392500356786	36	1	0.0	1->9->2->4->3->7->6->5->10->8
10	9848	9601.392500356786	36	1	0.0	1->9->2->4->3->7->6->5->10->8
10	9848	9601.392500356786	36	1	0.0	1->9->2->4->3->7->6->5->10->8
10	9848	9601.392500356786	36	1	0.0013058185577392578	1->9->2->4->3->7->6->5->10->8
10	9848	9601.392500356786	36	1	0.002001523971557617	1->9->2->4->3->7->6->5->10->8
10	9848	9601.392500356786	36	1	0.003001689910888672	1->9->2->4->3->7->6->5->10->8
10	9848	9601.392500356786	36	1	0.0	1->9->2->4->3->7->6->5->10->8
10	9848	9601.392500356786	36	1	0.0	1->9->2->4->3->7->6->5->10->8
10	9848	9601.392500356786	36	1	0.0	1->9->2->4->3->7->6->5->10->8
10	9848	9601.392500356786	36	1	0.0	1->9->2->4->3->7->6->5->10->8
10	9848	9601.392500356786	36	1	0.0	1->9->2->4->3->7->6->5->10->8
10	9848	9601.392500356786	36	1	0.0	1->9->2->4->3->7->6->5->10->8
10	9848	9601.392500356786	36	1	0.0	1->9->2->4->3->7->6->5->10->8
10	9848	9601.392500356786	36	1	0.0	1->9->2->4->3->7->6->5->10->8
10	9848	9601.392500356786	36	1	0.0	1->9->2->4->3->7->6->5->10->8
10	9848	9601.392500356786	36	1	0.01562643051147461	1->9->2->4->3->7->6->5->10->8
10	9848	9601.392500356786	36	1	0.0	1->9->2->4->3->7->6->5->10->8
10	9848	9601.392500356786	36	1	0.0	1->9->2->4->3->7->6->5->10->8
10	9848	9601.392500356786	36	1	0.0	1->9->2->4->3->7->6->5->10->8
10	9848	9601.392500356786	36	1	0.0	1->9->2->4->3->7->6->5->10->8
10	9848	9601.392500356786	36	1	0.0	1->9->2->4->3->7->6->5->10->8
10	9848	9601.392500356786	36	1	0.0	1->9->2->4->3->7->6->5->10->8
10	9848	9601.392500356786	36	1	0.015626907348632812	1->9->2->4->3->7->6->5->10->8
10	9848	9601.392500356786	36	1	0.0	1->9->2->4->3->7->6->5->10->8
10	9848	9601.392500356786	36	1	0.0	1->9->2->4->3->7->6->5->10->8
10	9848	9601.392500356786	36	1	0.0019998550415039062	1->9->2->4->3->7->6->5->10->8
10	9848	9601.392500356786	36	1	0.0	1->9->2->4->3->7->6->5->10->8
10	9848	9601.392500356786	36	1	0.015626907348632812	1->9->2->4->3->7->6->5->10->8
10	9848	9601.392500356786	36	1	0.002000570297241211	1->9->2->4->3->7->6->5->10->8
10	1990	1941.9976452119313	82	4	0.005002498626708984	2->9->1->4->5->7->6->8->10->3
