10	6568	6064.476347043189	55	1	0.015625715255737305	2->4->7->9->10->6->3->1->8->5
10	6568	6064.476347043189	55	1	0.0	2->4->7->9->10->6->3->1->8->5
10	6568	6064.476347043189	55	1	0.0	2->4->7->9->10->6->3->1->8->5
10	6568	6064.476347043189	55	1	0.0	2->4->7->9->10->6->3->1->8->5
10	6568	6064.476347043189	55	1	0.0	2->4->7->9->10->6->3->1->8->5
10	6568	6064.476347043189	55	1	0.0	2->4->7->9->10->6->3->1->8->5
10	6568	6064.476347043189	55	1	0.004003286361694336	2->4->7->9->10->6->3->1->8->5
10	6568	6064.476347043189	55	1	0.0	2->4->7->9->10->6->3->1->8->5
10	6568	6064.476347043189	55	1	0.004002094268798828	2->4->7->9->10->6->3->1->8->5
10	6568	6064.476347043189	55	1	0.0019998550415039062	2->4->7->9->10->6->3->1->8->5
10	6568	6064.476347043189	55	1	0.0	2->4->7->9->10->6->3->1->8->5
10	6568	6064.476347043189	55	1	0.002001047134399414	2->4->7->9->10->6->3->1->8->5
10	6568	6064.476347043189	55	1	0.002001047134399414	2->4->7->9->10->6->3->1->8->5
10	6568	6064.476347043189	55	1	0.0	2->4->7->9->10->6->3->1->8->5
10	6568	6064.476347043189	55	1	0.002002716064453125	2->4->7->9->10->6->3->1->8->5
10	6568	6064.476347043189	55	1	0.002000570297241211	2->4->7->9->10->6->3->1->8->5
10	6568	6064.476347043189	55	1	0.0	2->4->7->9->10->6->3->1->8->5
10	6568	6064.476347043189	55	1	0.0	2->4->7->9->10->6->3->1->8->5
10	6568	6064.476347043189	55	1	0.0	2->4->7->9->10->6->3->1->8->5
10	6568	6064.476347043189	55	1	0.0	2->4->7->9->10->6->3->1->8->5
10	6568	6064.476347043189	55	1	0.0	2->4->7->9->10->6->3->1->8->5
10	6568	6064.476347043189	55	1	0.0	2->4->7->9->10->6->3->1->8->5
10	6568	6064.476347043189	55	1	0.0	2->4->7->9->10->6->3->1->8->5
10	6568	6064.476347043189	55	1	0.0	2->4->7->9->10->6->3->1->8->5
10	6568	6064.476347043189	55	1	0.0015020370483398438	2->4->7->9->10->6->3->1->8->5
10	6568	6064.476347043189	55	1	0.0	2->4->7->9->10->6->3->1->8->5
10	6568	6064.476347043189	55	1	0.0	2->4->7->9->10->6->3->1->8->5
10	6568	6064.476347043189	55	1	0.0	2->4->7->9->10->6->3->1->8->5
10	6568	6064.476347043189	55	1	0.0	2->4->7->9->10->6->3->1->8->5
10	6568	6064.476347043189	55	1	0.0	2->4->7->9->10->6->3->1->8->5
10	6568	6064.476347043189	55	1	0.0	2->4->7->9->10->6->3->1->8->5
10	6568	6064.476347043189	55	1	0.0	2->4->7->9->10->6->3->1->8->5
10	6568	6064.476347043189	55	1	0.0	2->4->7->9->10->6->3->1->8->5
10	6568	6064.476347043189	55	1	0.0	2->4->7->9->10->6->3->1->8->5
10	6568	6064.476347043189	55	1	0.0	2->4->7->9->10->6->3->1->8->5
10	6568	6064.476347043189	55	1	0.0	2->4->7->9->10->6->3->1->8->5
10	6568	6064.476347043189	55	1	0.0	2->4->7->9->10->6->3->1->8->5
10	6568	6064.476347043189	55	1	0.0	2->4->7->9->10->6->3->1->8->5
10	6568	6064.476347043189	55	1	0.0	2->4->7->9->10->6->3->1->8->5
10	6568	6064.476347043189	55	1	0.015625715255737305	2->4->7->9->10->6->3->1->8->5
10	6568	6064.476347043189	55	1	0.002000570297241211	2->4->7->9->10->6->3->1->8->5
10	6568	6064.476347043189	55	1	0.0	2->4->7->9->10->6->3->1->8->5
10	6568	6064.476347043189	55	1	0.0	2->4->7->9->10->6->3->1->8->5
10	6568	6064.476347043189	55	1	0.0010006427764892578	2->4->7->9->10->6->3->1->8->5
10	6568	6064.476347043189	55	1	0.0010004043579101562	2->4->7->9->10->6->3->1->8->5
10	2464	2302.347277987201	53	1	0.0020003318786621094	2->4->7->6->9->10->8->1->5->3
10	2464	2302.347277987201	53	1	0.0020020008087158203	2->4->7->6->9->10->8->1->5->3
