10	12565	11601.795344723188	117	1	0.0	7->4->8->6->3->5->9->10->2->1
10	12565	11601.795344723188	117	1	0.0	7->4->8->6->3->5->9->10->2->1
10	12565	11601.795344723188	117	1	0.0	7->4->8->6->3->5->9->10->2->1
10	12565	11601.795344723188	117	1	0.0	7->4->8->6->3->5->9->10->2->1
10	12565	11601.795344723188	117	1	0.0	7->4->8->6->3->5->9->10->2->1
10	12565	11601.795344723188	117	1	0.015625715255737305	7->4->8->6->3->5->9->10->2->1
10	12565	11601.795344723188	117	1	0.01562643051147461	7->4->8->6->3->5->9->10->2->1
10	12565	11601.795344723188	117	1	0.005002737045288086	7->4->8->6->3->5->9->10->2->1
10	12565	11601.795344723188	117	1	0.015625	7->4->8->6->3->5->9->10->2->1
10	12565	11601.795344723188	117	1	0.016182899475097656	7->4->8->6->3->5->9->10->2->1
10	12565	11601.795344723188	117	1	0.0	7->4->8->6->3->5->9->10->2->1
10	12565	11601.795344723188	117	1	0.0	7->4->8->6->3->5->9->10->2->1
10	12565	11601.795344723188	117	1	0.005003929138183594	7->4->8->6->3->5->9->10->2->1
10	12565	11601.795344723188	117	1	0.016251564025878906	7->4->8->6->3->5->9->10->2->1
10	12565	11601.795344723188	117	1	0.0050046443939208984	7->4->8->6->3->5->9->10->2->1
10	12565	11601.795344723188	117	1	0.0	7->4->8->6->3->5->9->10->2->1
10	12565	11601.795344723188	117	1	0.004069328308105469	7->4->8->6->3->5->9->10->2->1
10	12565	11601.795344723188	117	1	0.0	7->4->8->6->3->5->9->10->2->1
10	12565	11601.795344723188	117	1	0.0	7->4->8->6->3->5->9->10->2->1
10	12565	11601.795344723188	117	1	0.0	7->4->8->6->3->5->9->10->2->1
10	12565	11601.795344723188	117	1	0.01993250846862793	7->4->8->6->3->5->9->10->2->1
10	12565	11601.795344723188	117	1	0.017046213150024414	7->4->8->6->3->5->9->10->2->1
10	12565	11601.795344723188	117	1	0.0	7->4->8->6->3->5->9->10->2->1
10	12565	11601.795344723188	117	1	0.004999637603759766	7->4->8->6->3->5->9->10->2->1
10	12565	11601.795344723188	117	1	0.005003690719604492	7->4->8->6->3->5->9->10->2->1
10	12565	11601.795344723188	117	1	0.0156252384185791	7->4->8->6->3->5->9->10->2->1
10	12565	11601.795344723188	117	1	0.0	7->4->8->6->3->5->9->10->2->1
10	12565	11601.795344723188	117	1	0.01562666893005371	7->4->8->6->3->5->9->10->2->1
10	12565	11601.795344723188	117	1	0.0	7->4->8->6->3->5->9->10->2->1
10	12565	11601.795344723188	117	1	0.0	7->4->8->6->3->5->9->10->2->1
10	12565	11601.795344723188	117	1	0.0	7->4->8->6->3->5->9->10->2->1
10	12565	11601.795344723188	117	1	0.015626192092895508	7->4->8->6->3->5->9->10->2->1
10	12565	11601.795344723188	117	1	0.005003452301025391	7->4->8->6->3->5->9->10->2->1
10	12565	11601.795344723188	117	1	0.0	7->4->8->6->3->5->9->10->2->1
10	12565	11601.795344723188	117	1	0.0	7->4->8->6->3->5->9->10->2->1
10	12565	11601.795344723188	117	1	0.015626192092895508	7->4->8->6->3->5->9->10->2->1
10	12565	11601.795344723188	117	1	0.015625715255737305	7->4->8->6->3->5->9->10->2->1
10	12565	11601.795344723188	117	1	0.0	7->4->8->6->3->5->9->10->2->1
10	12565	11601.795344723188	117	1	0.0	7->4->8->6->3->5->9->10->2->1
10	12565	11601.795344723188	117	1	0.0	7->4->8->6->3->5->9->10->2->1
10	12565	11601.795344723188	117	1	0.005002498626708984	7->4->8->6->3->5->9->10->2->1
10	12565	11601.795344723188	117	1	0.0	7->4->8->6->3->5->9->10->2->1
10	12565	11601.795344723188	117	1	0.0	7->4->8->6->3->5->9->10->2->1
10	12565	11601.795344723188	117	1	0.0050029754638671875	7->4->8->6->3->5->9->10->2->1
10	12565	11601.795344723188	117	1	0.005002737045288086	7->4->8->6->3->5->9->10->2->1
10	2642	2400.8746205690177	205	1	0.010001897811889648	1->4->7->6->8->3->2->9->10->5
10	2642	2400.8746205690177	205	1	0.011007308959960938	1->4->7->6->8->3->2->9->10->5
