10	10067	9214.700107529508	76	1	0.0030012130737304688	8->2->4->6->3->5->9->10->7->1
10	10067	9214.700107529508	76	1	0.0	8->2->4->6->3->5->9->10->7->1
10	10067	9214.700107529508	76	1	0.0	8->2->4->6->3->5->9->10->7->1
10	10067	9214.700107529508	76	1	0.0	8->2->4->6->3->5->9->10->7->1
10	10067	9214.700107529508	76	1	0.0	8->2->4->6->3->5->9->10->7->1
10	10067	9214.700107529508	76	1	0.003858327865600586	8->2->4->6->3->5->9->10->7->1
10	10067	9214.700107529508	76	1	0.008005380630493164	8->2->4->6->3->5->9->10->7->1
10	10067	9214.700107529508	76	1	0.0	8->2->4->6->3->5->9->10->7->1
10	10067	9214.700107529508	76	1	0.015625953674316406	8->2->4->6->3->5->9->10->7->1
10	10067	9214.700107529508	76	1	0.0	8->2->4->6->3->5->9->10->7->1
10	10067	9214.700107529508	76	1	0.0	8->2->4->6->3->5->9->10->7->1
10	10067	9214.700107529508	76	1	0.0	8->2->4->6->3->5->9->10->7->1
10	10067	9214.700107529508	76	1	0.0	8->2->4->6->3->5->9->10->7->1
10	10067	9214.700107529508	76	1	0.0	8->2->4->6->3->5->9->10->7->1
10	10067	9214.700107529508	76	1	0.0	8->2->4->6->3->5->9->10->7->1
10	10067	9214.700107529508	76	1	0.0	8->2->4->6->3->5->9->10->7->1
10	10067	9214.700107529508	76	1	0.015623331069946289	8->2->4->6->3->5->9->10->7->1
10	10067	9214.700107529508	76	1	0.0156252384185791	8->2->4->6->3->5->9->10->7->1
10	10067	9214.700107529508	76	1	0.0	8->2->4->6->3->5->9->10->7->1
10	10067	9214.700107529508	76	1	0.003002166748046875	8->2->4->6->3->5->9->10->7->1
10	10067	9214.700107529508	76	1	0.0	8->2->4->6->3->5->9->10->7->1
10	10067	9214.700107529508	76	1	0.0	8->2->4->6->3->5->9->10->7->1
10	10067	9214.700107529508	76	1	0.0	8->2->4->6->3->5->9->10->7->1
10	10067	9214.700107529508	76	1	0.0	8->2->4->6->3->5->9->10->7->1
10	10067	9214.700107529508	76	1	0.0030019283294677734	8->2->4->6->3->5->9->10->7->1
10	10067	9214.700107529508	76	1	0.0	8->2->4->6->3->5->9->10->7->1
10	10067	9214.700107529508	76	1	0.0	8->2->4->6->3->5->9->10->7->1
10	10067	9214.700107529508	76	1	0.015627145767211914	8->2->4->6->3->5->9->10->7->1
10	10067	9214.700107529508	76	1	0.0	8->2->4->6->3->5->9->10->7->1
10	10067	9214.700107529508	76	1	0.0	8->2->4->6->3->5->9->10->7->1
10	10067	9214.700107529508	76	1	0.0	8->2->4->6->3->5->9->10->7->1
10	10067	9214.700107529508	76	1	0.0	8->2->4->6->3->5->9->10->7->1
10	10067	9214.700107529508	76	1	0.0	8->2->4->6->3->5->9->10->7->1
10	10067	9214.700107529508	76	1	0.0	8->2->4->6->3->5->9->10->7->1
10	10067	9214.700107529508	76	1	0.0	8->2->4->6->3->5->9->10->7->1
10	10067	9214.700107529508	76	1	0.01562809944152832	8->2->4->6->3->5->9->10->7->1
10	10067	9214.700107529508	76	1	0.0	8->2->4->6->3->5->9->10->7->1
10	10067	9214.700107529508	76	1	0.0	8->2->4->6->3->5->9->10->7->1
10	10067	9214.700107529508	76	1	0.0	8->2->4->6->3->5->9->10->7->1
10	10067	9214.700107529508	76	1	0.0	8->2->4->6->3->5->9->10->7->1
10	10067	9214.700107529508	76	1	0.0030028820037841797	8->2->4->6->3->5->9->10->7->1
10	10067	9214.700107529508	76	1	0.015625476837158203	8->2->4->6->3->5->9->10->7->1
10	10067	9214.700107529508	76	1	0.015625953674316406	8->2->4->6->3->5->9->10->7->1
10	10067	9214.700107529508	76	1	0.003000020980834961	8->2->4->6->3->5->9->10->7->1
10	10067	9214.700107529508	76	1	0.0030024051666259766	8->2->4->6->3->5->9->10->7->1
10	2744	2564.357403651116	99	1	0.005003213882446289	8->7->4->3->6->5->2->1->10->9
10	2744	2564.357403651116	99	1	0.00600123405456543	8->7->4->3->6->5->2->1->10->9
