10	12134	12134.0	19	1	0.0	1->2->8->5->7->4->3->6->9->10
10	12134	12134.0	19	1	0.0	1->2->8->5->7->4->3->6->9->10
10	12134	12134.0	19	1	0.0	1->2->8->5->7->4->3->6->9->10
10	12134	12134.0	19	1	0.0	1->2->8->5->7->4->3->6->9->10
10	12134	12134.0	19	1	0.0	1->2->8->5->7->4->3->6->9->10
10	12134	12134.0	19	1	0.0010004043579101562	1->2->8->5->7->4->3->6->9->10
10	12134	12134.0	19	1	0.004001617431640625	1->2->8->5->7->4->3->6->9->10
10	12134	12134.0	19	1	0.0156252384185791	1->2->8->5->7->4->3->6->9->10
10	12134	12134.0	19	1	0.0	1->2->8->5->7->4->3->6->9->10
10	12134	12134.0	19	1	0.0010001659393310547	1->2->8->5->7->4->3->6->9->10
10	12134	12134.0	19	1	0.0	1->2->8->5->7->4->3->6->9->10
10	12134	12134.0	19	1	0.0	1->2->8->5->7->4->3->6->9->10
10	12134	12134.0	19	1	0.0	1->2->8->5->7->4->3->6->9->10
10	12134	12134.0	19	1	0.015628337860107422	1->2->8->5->7->4->3->6->9->10
10	12134	12134.0	19	1	0.0010020732879638672	1->2->8->5->7->4->3->6->9->10
10	12134	12134.0	19	1	0.0009999275207519531	1->2->8->5->7->4->3->6->9->10
10	12134	12134.0	19	1	0.0020020008087158203	1->2->8->5->7->4->3->6->9->10
10	12134	12134.0	19	1	0.0	1->2->8->5->7->4->3->6->9->10
10	12134	12134.0	19	1	0.0010006427764892578	1->2->8->5->7->4->3->6->9->10
10	12134	12134.0	19	1	0.0	1->2->8->5->7->4->3->6->9->10
10	12134	12134.0	19	1	0.0	1->2->8->5->7->4->3->6->9->10
10	12134	12134.0	19	1	0.0010001659393310547	1->2->8->5->7->4->3->6->9->10
10	12134	12134.0	19	1	0.0	1->2->8->5->7->4->3->6->9->10
10	12134	12134.0	19	1	0.0	1->2->8->5->7->4->3->6->9->10
10	12134	12134.0	19	1	0.0010001659393310547	1->2->8->5->7->4->3->6->9->10
10	12134	12134.0	19	1	0.0020024776458740234	1->2->8->5->7->4->3->6->9->10
10	12134	12134.0	19	1	0.0	1->2->8->5->7->4->3->6->9->10
10	12134	12134.0	19	1	0.0	1->2->8->5->7->4->3->6->9->10
10	12134	12134.0	19	1	0.0	1->2->8->5->7->4->3->6->9->10
10	12134	12134.0	19	1	0.0010004043579101562	1->2->8->5->7->4->3->6->9->10
10	12134	12134.0	19	1	0.015626192092895508	1->2->8->5->7->4->3->6->9->10
10	12134	12134.0	19	1	0.0	1->2->8->5->7->4->3->6->9->10
10	12134	12134.0	19	1	0.0	1->2->8->5->7->4->3->6->9->10
10	12134	12134.0	19	1	0.0	1->2->8->5->7->4->3->6->9->10
10	12134	12134.0	19	1	0.0010006427764892578	1->2->8->5->7->4->3->6->9->10
10	12134	12134.0	19	1	0.0	1->2->8->5->7->4->3->6->9->10
10	12134	12134.0	19	1	0.0	1->2->8->5->7->4->3->6->9->10
10	12134	12134.0	19	1	0.0009999275207519531	1->2->8->5->7->4->3->6->9->10
10	12134	12134.0	19	1	0.0010013580322265625	1->2->8->5->7->4->3->6->9->10
10	12134	12134.0	19	1	0.0010006427764892578	1->2->8->5->7->4->3->6->9->10
10	12134	12134.0	19	1	0.0020012855529785156	1->2->8->5->7->4->3->6->9->10
10	12134	12134.0	19	1	0.0	1->2->8->5->7->4->3->6->9->10
10	12134	12134.0	19	1	0.0	1->2->8->5->7->4->3->6->9->10
10	12134	12134.0	19	1	0.0010006427764892578	1->2->8->5->7->4->3->6->9->10
10	12134	12134.0	19	1	0.00099945068359375	1->2->8->5->7->4->3->6->9->10
10	2992	2956.8518518518517	23	1	0.002000570297241211	1->3->4->6->10->2->9->7->8->5
10	2992	2956.8518518518517	23	1	0.0020024776458740234	1->3->4->6->10->2->9->7->8->5
