10	8612	8209.67489114659	38	1	0.0010013580322265625	1->2->3->5->10->8->6->9->4->7
10	8612	8209.67489114659	38	1	0.0	1->2->3->5->10->8->6->9->4->7
10	8612	8209.67489114659	38	1	0.0	1->2->3->5->10->8->6->9->4->7
10	8612	8209.67489114659	38	1	0.0	1->2->3->5->10->8->6->9->4->7
10	8612	8209.67489114659	38	1	0.0	1->2->3->5->10->8->6->9->4->7
10	8612	8209.67489114659	38	1	0.0	1->2->3->5->10->8->6->9->4->7
10	8612	8209.67489114659	38	1	0.0	1->2->3->5->10->8->6->9->4->7
10	8612	8209.67489114659	38	1	0.0	1->2->3->5->10->8->6->9->4->7
10	8612	8209.67489114659	38	1	0.0	1->2->3->5->10->8->6->9->4->7
10	8612	8209.67489114659	38	1	0.0	1->2->3->5->10->8->6->9->4->7
10	8612	8209.67489114659	38	1	0.0009908676147460938	1->2->3->5->10->8->6->9->4->7
10	8612	8209.67489114659	38	1	0.002002239227294922	1->2->3->5->10->8->6->9->4->7
10	8612	8209.67489114659	38	1	0.0	1->2->3->5->10->8->6->9->4->7
10	8612	8209.67489114659	38	1	0.0	1->2->3->5->10->8->6->9->4->7
10	8612	8209.67489114659	38	1	0.0019330978393554688	1->2->3->5->10->8->6->9->4->7
10	8612	8209.67489114659	38	1	0.0	1->2->3->5->10->8->6->9->4->7
10	8612	8209.67489114659	38	1	0.0	1->2->3->5->10->8->6->9->4->7
10	8612	8209.67489114659	38	1	0.0	1->2->3->5->10->8->6->9->4->7
10	8612	8209.67489114659	38	1	0.0	1->2->3->5->10->8->6->9->4->7
10	8612	8209.67489114659	38	1	0.0	1->2->3->5->10->8->6->9->4->7
10	8612	8209.67489114659	38	1	0.0	1->2->3->5->10->8->6->9->4->7
10	8612	8209.67489114659	38	1	0.015626192092895508	1->2->3->5->10->8->6->9->4->7
10	8612	8209.67489114659	38	1	0.0	1->2->3->5->10->8->6->9->4->7
10	8612	8209.67489114659	38	1	0.0015006065368652344	1->2->3->5->10->8->6->9->4->7
10	8612	8209.67489114659	38	1	0.0	1->2->3->5->10->8->6->9->4->7
10	8612	8209.67489114659	38	1	0.0	1->2->3->5->10->8->6->9->4->7
10	8612	8209.67489114659	38	1	0.0	1->2->3->5->10->8->6->9->4->7
10	8612	8209.67489114659	38	1	0.0	1->2->3->5->10->8->6->9->4->7
10	8612	8209.67489114659	38	1	0.0	1->2->3->5->10->8->6->9->4->7
10	8612	8209.67489114659	38	1	0.0	1->2->3->5->10->8->6->9->4->7
10	8612	8209.67489114659	38	1	0.0	1->2->3->5->10->8->6->9->4->7
10	8612	8209.67489114659	38	1	0.0	1->2->3->5->10->8->6->9->4->7
10	8612	8209.67489114659	38	1	0.0	1->2->3->5->10->8->6->9->4->7
10	8612	8209.67489114659	38	1	0.0010008811950683594	1->2->3->5->10->8->6->9->4->7
10	8612	8209.67489114659	38	1	0.0	1->2->3->5->10->8->6->9->4->7
10	8612	8209.67489114659	38	1	0.0	1->2->3->5->10->8->6->9->4->7
10	8612	8209.67489114659	38	1	0.0	1->2->3->5->10->8->6->9->4->7
10	8612	8209.67489114659	38	1	0.0	1->2->3->5->10->8->6->9->4->7
10	8612	8209.67489114659	38	1	0.0	1->2->3->5->10->8->6->9->4->7
10	8612	8209.67489114659	38	1	0.0	1->2->3->5->10->8->6->9->4->7
10	8612	8209.67489114659	38	1	0.002000093460083008	1->2->3->5->10->8->6->9->4->7
10	1989	1942.071225071225	56	2	0.002000570297241211	1->9->3->4->5->10->2->6->8->7
