10	10927	10747.929824561403	28	1	0.001995563507080078	1->2->4->3->5->6->7->8->10->9
10	10927	10747.929824561403	28	1	0.0	1->2->4->3->5->6->7->8->10->9
10	10927	10747.929824561403	28	1	0.015624761581420898	1->2->4->3->5->6->7->8->10->9
10	10927	10747.929824561403	28	1	0.0	1->2->4->3->5->6->7->8->10->9
10	10927	10747.929824561403	28	1	0.0	1->2->4->3->5->6->7->8->10->9
10	10927	10747.929824561403	28	1	0.0	1->2->4->3->5->6->7->8->10->9
10	10927	10747.929824561403	28	1	0.004002571105957031	1->2->4->3->5->6->7->8->10->9
10	10927	10747.929824561403	28	1	0.0	1->2->4->3->5->6->7->8->10->9
10	10927	10747.929824561403	28	1	0.0	1->2->4->3->5->6->7->8->10->9
10	10927	10747.929824561403	28	1	0.0	1->2->4->3->5->6->7->8->10->9
10	10927	10747.929824561403	28	1	0.0	1->2->4->3->5->6->7->8->10->9
10	10927	10747.929824561403	28	1	0.015626192092895508	1->2->4->3->5->6->7->8->10->9
10	10927	10747.929824561403	28	1	0.0	1->2->4->3->5->6->7->8->10->9
10	10927	10747.929824561403	28	1	0.0	1->2->4->3->5->6->7->8->10->9
10	10927	10747.929824561403	28	1	0.0	1->2->4->3->5->6->7->8->10->9
10	10927	10747.929824561403	28	1	0.0	1->2->4->3->5->6->7->8->10->9
10	10927	10747.929824561403	28	1	0.0	1->2->4->3->5->6->7->8->10->9
10	10927	10747.929824561403	28	1	0.0	1->2->4->3->5->6->7->8->10->9
10	10927	10747.929824561403	28	1	0.0	1->2->4->3->5->6->7->8->10->9
10	10927	10747.929824561403	28	1	0.001996755599975586	1->2->4->3->5->6->7->8->10->9
10	10927	10747.929824561403	28	1	0.0	1->2->4->3->5->6->7->8->10->9
10	10927	10747.929824561403	28	1	0.0	1->2->4->3->5->6->7->8->10->9
10	10927	10747.929824561403	28	1	0.015625953674316406	1->2->4->3->5->6->7->8->10->9
10	10927	10747.929824561403	28	1	0.0	1->2->4->3->5->6->7->8->10->9
10	10927	10747.929824561403	28	1	0.0015006065368652344	1->2->4->3->5->6->7->8->10->9
10	10927	10747.929824561403	28	1	0.0	1->2->4->3->5->6->7->8->10->9
10	10927	10747.929824561403	28	1	0.0	1->2->4->3->5->6->7->8->10->9
10	10927	10747.929824561403	28	1	0.0	1->2->4->3->5->6->7->8->10->9
10	10927	10747.929824561403	28	1	0.0	1->2->4->3->5->6->7->8->10->9
10	10927	10747.929824561403	28	1	0.0	1->2->4->3->5->6->7->8->10->9
10	10927	10747.929824561403	28	1	0.0	1->2->4->3->5->6->7->8->10->9
10	10927	10747.929824561403	28	1	0.0	1->2->4->3->5->6->7->8->10->9
10	10927	10747.929824561403	28	1	0.0	1->2->4->3->5->6->7->8->10->9
10	10927	10747.929824561403	28	1	0.0	1->2->4->3->5->6->7->8->10->9
10	10927	10747.929824561403	28	1	0.0	1->2->4->3->5->6->7->8->10->9
10	10927	10747.929824561403	28	1	0.0	1->2->4->3->5->6->7->8->10->9
10	10927	10747.929824561403	28	1	0.0	1->2->4->3->5->6->7->8->10->9
10	10927	10747.929824561403	28	1	0.0	1->2->4->3->5->6->7->8->10->9
10	10927	10747.929824561403	28	1	0.0	1->2->4->3->5->6->7->8->10->9
10	10927	10747.929824561403	28	1	0.0	1->2->4->3->5->6->7->8->10->9
10	10927	10747.929824561403	28	1	0.0009999275207519531	1->2->4->3->5->6->7->8->10->9
10	10927	10747.929824561403	28	1	0.0	1->2->4->3->5->6->7->8->10->9
10	10927	10747.929824561403	28	1	0.0	1->2->4->3->5->6->7->8->10->9
10	10927	10747.929824561403	28	1	0.0010004043579101562	1->2->4->3->5->6->7->8->10->9
10	10927	10747.929824561403	28	1	0.002001523971557617	1->2->4->3->5->6->7->8->10->9
10	2486	2451.5887392900854	23	1	0.0009999275207519531	1->3->4->2->5->6->7->8->10->9
10	2486	2451.5887392900854	23	1	0.0019996166229248047	1->3->4->2->5->6->7->8->10->9
