10	6377	5632.652742968532	226	1	0.01562643051147461	2->3->5->8->9->7->6->4->10->1
10	6377	5632.652742968532	226	1	0.0	2->3->5->8->9->7->6->4->10->1
10	6377	5632.652742968532	226	1	0.0	2->3->5->8->9->7->6->4->10->1
10	6377	5632.652742968532	226	1	0.015625715255737305	2->3->5->8->9->7->6->4->10->1
10	6377	5632.652742968532	226	1	0.015625	2->3->5->8->9->7->6->4->10->1
10	6377	5632.652742968532	226	1	0.0	2->3->5->8->9->7->6->4->10->1
10	6377	5632.652742968532	226	1	0.02130866050720215	2->3->5->8->9->7->6->4->10->1
10	6377	5632.652742968532	226	1	0.01562666893005371	2->3->5->8->9->7->6->4->10->1
10	6377	5632.652742968532	226	1	0.01562666893005371	2->3->5->8->9->7->6->4->10->1
10	6377	5632.652742968532	226	1	0.01562666893005371	2->3->5->8->9->7->6->4->10->1
10	6377	5632.652742968532	226	1	0.0	2->3->5->8->9->7->6->4->10->1
10	6377	5632.652742968532	226	1	0.015625953674316406	2->3->5->8->9->7->6->4->10->1
10	6377	5632.652742968532	226	1	0.015627622604370117	2->3->5->8->9->7->6->4->10->1
10	6377	5632.652742968532	226	1	0.015625715255737305	2->3->5->8->9->7->6->4->10->1
10	6377	5632.652742968532	226	1	0.01562666893005371	2->3->5->8->9->7->6->4->10->1
10	6377	5632.652742968532	226	1	0.00900578498840332	2->3->5->8->9->7->6->4->10->1
10	6377	5632.652742968532	226	1	0.011008501052856445	2->3->5->8->9->7->6->4->10->1
10	6377	5632.652742968532	226	1	0.015625	2->3->5->8->9->7->6->4->10->1
10	6377	5632.652742968532	226	1	0.01562809944152832	2->3->5->8->9->7->6->4->10->1
10	6377	5632.652742968532	226	1	0.006093263626098633	2->3->5->8->9->7->6->4->10->1
10	6377	5632.652742968532	226	1	0.0	2->3->5->8->9->7->6->4->10->1
10	6377	5632.652742968532	226	1	0.01562643051147461	2->3->5->8->9->7->6->4->10->1
10	6377	5632.652742968532	226	1	0.0	2->3->5->8->9->7->6->4->10->1
10	6377	5632.652742968532	226	1	0.014918088912963867	2->3->5->8->9->7->6->4->10->1
10	6377	5632.652742968532	226	1	0.010006427764892578	2->3->5->8->9->7->6->4->10->1
10	6377	5632.652742968532	226	1	0.0012040138244628906	2->3->5->8->9->7->6->4->10->1
10	6377	5632.652742968532	226	1	0.0	2->3->5->8->9->7->6->4->10->1
10	6377	5632.652742968532	226	1	0.0	2->3->5->8->9->7->6->4->10->1
10	6377	5632.652742968532	226	1	0.015624523162841797	2->3->5->8->9->7->6->4->10->1
10	6377	5632.652742968532	226	1	0.0	2->3->5->8->9->7->6->4->10->1
10	6377	5632.652742968532	226	1	0.015625715255737305	2->3->5->8->9->7->6->4->10->1
10	6377	5632.652742968532	226	1	0.01562643051147461	2->3->5->8->9->7->6->4->10->1
10	6377	5632.652742968532	226	1	0.0	2->3->5->8->9->7->6->4->10->1
10	6377	5632.652742968532	226	1	0.015625953674316406	2->3->5->8->9->7->6->4->10->1
10	6377	5632.652742968532	226	1	0.005239963531494141	2->3->5->8->9->7->6->4->10->1
10	6377	5632.652742968532	226	1	0.015625476837158203	2->3->5->8->9->7->6->4->10->1
10	6377	5632.652742968532	226	1	0.015627145767211914	2->3->5->8->9->7->6->4->10->1
10	6377	5632.652742968532	226	1	0.010006189346313477	2->3->5->8->9->7->6->4->10->1
10	6377	5632.652742968532	226	1	0.0	2->3->5->8->9->7->6->4->10->1
10	6377	5632.652742968532	226	1	0.010123014450073242	2->3->5->8->9->7->6->4->10->1
10	6377	5632.652742968532	226	1	0.011007308959960938	2->3->5->8->9->7->6->4->10->1
10	6377	5632.652742968532	226	1	0.0	2->3->5->8->9->7->6->4->10->1
10	6377	5632.652742968532	226	1	0.015625476837158203	2->3->5->8->9->7->6->4->10->1
10	6377	5632.652742968532	226	1	0.010006189346313477	2->3->5->8->9->7->6->4->10->1
10	6377	5632.652742968532	226	1	0.010004997253417969	2->3->5->8->9->7->6->4->10->1
10	1513	1379.1039598997493	78	1	0.0030028820037841797	1->3->6->2->9->4->7->8->5->10
10	1513	1379.1039598997493	78	1	0.004004001617431641	1->3->6->2->9->4->7->8->5->10
