20	43394	41852.87993528542	2836	1	0.3850228786468506	10->7->2->9->3->19->4->16->14->13->20->17->1->12->11->15->8->5->6->18
20	43394	41852.87993528542	2836	1	0.38526415824890137	10->7->2->9->3->19->4->16->14->13->20->17->1->12->11->15->8->5->6->18
20	43394	41852.87993528542	2836	1	0.4442470073699951	10->7->2->9->3->19->4->16->14->13->20->17->1->12->11->15->8->5->6->18
20	43394	41852.87993528542	2836	1	0.3823387622833252	10->7->2->9->3->19->4->16->14->13->20->17->1->12->11->15->8->5->6->18
20	43394	41852.87993528542	2836	1	0.3980684280395508	10->7->2->9->3->19->4->16->14->13->20->17->1->12->11->15->8->5->6->18
20	45236	41852.87993528542	1071	0	0.10938072204589844	1	
20	45236	41852.87993528542	369	0	0.10268831253051758	1	
20	45236	41852.87993528542	896	0	0.10114097595214844	1	
20	45236	41852.87993528542	338	0	0.11435365676879883	1	
20	45236	41852.87993528542	822	0	0.10026001930236816	1	
20	45236	41852.87993528542	958	0	0.10083293914794922	1	
20	45236	41852.87993528542	858	0	0.10636758804321289	1	
20	45236	41852.87993528542	965	0	0.10879015922546387	1	
20	45236	41852.87993528542	971	0	0.10056090354919434	1	
20	45236	41852.87993528542	805	0	0.10938119888305664	1	
20	45236	41852.87993528542	937	0	0.10033965110778809	1	
20	45236	41852.87993528542	977	0	0.1080629825592041	1	
20	45236	41852.87993528542	1097	0	0.10937833786010742	1	
20	45236	41852.87993528542	983	0	0.11059188842773438	1	
20	45236	41852.87993528542	1024	0	0.10938000679016113	1	
20	45236	41852.87993528542	989	0	0.1093759536743164	1	
20	45236	41852.87993528542	947	0	0.10938119888305664	1	
20	45236	41852.87993528542	937	0	0.10492849349975586	1	
20	45236	41852.87993528542	983	0	0.10041451454162598	1	
20	45236	41852.87993528542	971	0	0.1000669002532959	1	
20	45236	41852.87993528542	1031	0	0.10938119888305664	1	
20	45236	41852.87993528542	971	0	0.10909652709960938	1	
20	45236	41852.87993528542	1045	0	0.10937905311584473	1	
20	45236	41852.87993528542	1024	0	0.10938358306884766	1	
20	45236	41852.87993528542	1031	0	0.10937976837158203	1	
20	45236	41852.87993528542	1051	0	0.10531330108642578	1	
20	45236	41852.87993528542	977	0	0.10938072204589844	1	
20	45236	41852.87993528542	971	0	0.10958194732666016	1	
20	45236	41852.87993528542	1051	0	0.10938286781311035	1	
20	45236	41852.87993528542	1124	0	0.10937976837158203	1	
20	45236	41852.87993528542	1150	0	0.11459136009216309	1	
20	45236	41852.87993528542	1016	0	0.10937929153442383	1	
20	45236	41852.87993528542	1124	0	0.10938024520874023	1	
20	45236	41852.87993528542	1079	0	0.10938167572021484	1	
20	43394	41852.87993528542	2836	1	0.41814613342285156	10->7->2->9->3->19->4->16->14->13->20->17->1->12->11->15->8->5->6->18
20	43394	41852.87993528542	2836	1	0.3952653408050537	10->7->2->9->3->19->4->16->14->13->20->17->1->12->11->15->8->5->6->18
20	43394	41852.87993528542	2836	1	0.41075801849365234	10->7->2->9->3->19->4->16->14->13->20->17->1->12->11->15->8->5->6->18
20	43394	41852.87993528542	2836	1	0.40627193450927734	10->7->2->9->3->19->4->16->14->13->20->17->1->12->11->15->8->5->6->18
20	43394	41852.87993528542	2836	1	0.3882613182067871	10->7->2->9->3->19->4->16->14->13->20->17->1->12->11->15->8->5->6->18
20	43394	41852.87993528542	2836	1	0.45330286026000977	10->7->2->9->3->19->4->16->14->13->20->17->1->12->11->15->8->5->6->18
20	9068	8732.596504559271	1578	2	0.12908530235290527	6->7->2->9->15->4->19->8->16->14->3->13->18->10->20->12->5->1->11->17
20	9068	8732.596504559271	1578	2	0.15410351753234863	6->7->2->9->15->4->19->8->16->14->3->13->18->10->20->12->5->1->11->17
