20	37506	37098.147930922125	277	4	0.018012046813964844	19->8->16->17->11->14->2->1->9->4->18->5->6->10->3->12->15->20->13->7
20	37506	37098.147930922125	277	4	0.015626192092895508	19->8->16->17->11->14->2->1->9->4->18->5->6->10->3->12->15->20->13->7
20	37506	37098.147930922125	277	4	0.015625953674316406	19->8->16->17->11->14->2->1->9->4->18->5->6->10->3->12->15->20->13->7
20	37506	37098.147930922125	277	4	0.01562643051147461	19->8->16->17->11->14->2->1->9->4->18->5->6->10->3->12->15->20->13->7
20	37506	37098.147930922125	277	4	0.015623092651367188	19->8->16->17->11->14->2->1->9->4->18->5->6->10->3->12->15->20->13->7
20	37506	37098.147930922125	277	4	0.03125190734863281	19->8->16->17->11->14->2->1->9->4->18->5->6->10->3->12->15->20->13->7
20	37506	37098.147930922125	277	4	0.0423581600189209	19->8->16->17->11->14->2->1->9->4->18->5->6->10->3->12->15->20->13->7
20	37506	37098.147930922125	277	4	0.04687809944152832	19->8->16->17->11->14->2->1->9->4->18->5->6->10->3->12->15->20->13->7
20	37506	37098.147930922125	277	4	0.02007603645324707	19->8->16->17->11->14->2->1->9->4->18->5->6->10->3->12->15->20->13->7
20	37506	37098.147930922125	277	4	0.015627384185791016	19->8->16->17->11->14->2->1->9->4->18->5->6->10->3->12->15->20->13->7
20	37506	37098.147930922125	277	4	0.015625476837158203	19->8->16->17->11->14->2->1->9->4->18->5->6->10->3->12->15->20->13->7
20	37506	37098.147930922125	277	4	0.03125143051147461	19->8->16->17->11->14->2->1->9->4->18->5->6->10->3->12->15->20->13->7
20	37506	37098.147930922125	277	4	0.015624284744262695	19->8->16->17->11->14->2->1->9->4->18->5->6->10->3->12->15->20->13->7
20	37506	37098.147930922125	277	4	0.02362656593322754	19->8->16->17->11->14->2->1->9->4->18->5->6->10->3->12->15->20->13->7
20	37506	37098.147930922125	277	4	0.019012928009033203	19->8->16->17->11->14->2->1->9->4->18->5->6->10->3->12->15->20->13->7
20	37506	37098.147930922125	277	4	0.031252384185791016	19->8->16->17->11->14->2->1->9->4->18->5->6->10->3->12->15->20->13->7
20	37506	37098.147930922125	277	4	0.02686023712158203	19->8->16->17->11->14->2->1->9->4->18->5->6->10->3->12->15->20->13->7
20	37506	37098.147930922125	277	4	0.0156252384185791	19->8->16->17->11->14->2->1->9->4->18->5->6->10->3->12->15->20->13->7
20	37506	37098.147930922125	277	4	0.03125190734863281	19->8->16->17->11->14->2->1->9->4->18->5->6->10->3->12->15->20->13->7
20	37506	37098.147930922125	277	4	0.0156252384185791	19->8->16->17->11->14->2->1->9->4->18->5->6->10->3->12->15->20->13->7
20	37506	37098.147930922125	277	4	0.015625476837158203	19->8->16->17->11->14->2->1->9->4->18->5->6->10->3->12->15->20->13->7
20	37506	37098.147930922125	277	4	0.015623092651367188	19->8->16->17->11->14->2->1->9->4->18->5->6->10->3->12->15->20->13->7
20	37506	37098.147930922125	277	4	0.015634536743164062	19->8->16->17->11->14->2->1->9->4->18->5->6->10->3->12->15->20->13->7
20	37506	37098.147930922125	277	4	0.002502918243408203	19->8->16->17->11->14->2->1->9->4->18->5->6->10->3->12->15->20->13->7
20	37506	37098.147930922125	277	4	0.015626192092895508	19->8->16->17->11->14->2->1->9->4->18->5->6->10->3->12->15->20->13->7
20	37506	37098.147930922125	277	4	0.015625953674316406	19->8->16->17->11->14->2->1->9->4->18->5->6->10->3->12->15->20->13->7
20	37506	37098.147930922125	277	4	0.015624761581420898	19->8->16->17->11->14->2->1->9->4->18->5->6->10->3->12->15->20->13->7
20	37506	37098.147930922125	277	4	0.015625953674316406	19->8->16->17->11->14->2->1->9->4->18->5->6->10->3->12->15->20->13->7
20	37506	37098.147930922125	277	4	0.015626192092895508	19->8->16->17->11->14->2->1->9->4->18->5->6->10->3->12->15->20->13->7
20	37506	37098.147930922125	277	4	0.01562643051147461	19->8->16->17->11->14->2->1->9->4->18->5->6->10->3->12->15->20->13->7
20	37506	37098.147930922125	277	4	0.029346227645874023	19->8->16->17->11->14->2->1->9->4->18->5->6->10->3->12->15->20->13->7
20	37506	37098.147930922125	277	4	0.01562643051147461	19->8->16->17->11->14->2->1->9->4->18->5->6->10->3->12->15->20->13->7
20	37506	37098.147930922125	277	4	0.022270679473876953	19->8->16->17->11->14->2->1->9->4->18->5->6->10->3->12->15->20->13->7
20	37506	37098.147930922125	277	4	0.018010616302490234	19->8->16->17->11->14->2->1->9->4->18->5->6->10->3->12->15->20->13->7
20	37506	37098.147930922125	277	4	0.022685766220092773	19->8->16->17->11->14->2->1->9->4->18->5->6->10->3->12->15->20->13->7
20	37506	37098.147930922125	277	4	0.018011808395385742	19->8->16->17->11->14->2->1->9->4->18->5->6->10->3->12->15->20->13->7
20	37506	37098.147930922125	277	4	0.015624284744262695	19->8->16->17->11->14->2->1->9->4->18->5->6->10->3->12->15->20->13->7
20	37506	37098.147930922125	277	4	0.015625953674316406	19->8->16->17->11->14->2->1->9->4->18->5->6->10->3->12->15->20->13->7
20	37506	37098.147930922125	277	4	0.015625953674316406	19->8->16->17->11->14->2->1->9->4->18->5->6->10->3->12->15->20->13->7
20	37506	37098.147930922125	277	4	0.0156252384185791	19->8->16->17->11->14->2->1->9->4->18->5->6->10->3->12->15->20->13->7
20	37506	37098.147930922125	277	4	0.0170135498046875	19->8->16->17->11->14->2->1->9->4->18->5->6->10->3->12->15->20->13->7
20	8208	8134.450118657115	283	8	0.01801156997680664	19->4->16->9->17->11->14->2->8->15->13->20->6->1->18->12->10->7->5->3
