20	41746	39163.12154066804	7422	0	1.0155785083770752	1	
20	41746	39163.12154066804	7696	0	1.000826120376587	1	
20	41746	39163.12154066804	3483	0	0.5125296115875244	1	
20	41746	39163.12154066804	3505	0	0.5000264644622803	1	
20	41746	39163.12154066804	3578	0	0.5127372741699219	1	
20	41746	39163.12154066804	546	0	0.1005258560180664	1	
20	41746	39163.12154066804	202	0	0.10938072204589844	1	
20	41746	39163.12154066804	535	0	0.10052084922790527	1	
20	41746	39163.12154066804	208	0	0.10694050788879395	1	
20	41746	39163.12154066804	512	0	0.10329508781433105	1	
20	41746	39163.12154066804	582	0	0.10242486000061035	1	
20	41746	39163.12154066804	515	0	0.1010887622833252	1	
20	41746	39163.12154066804	575	0	0.10612034797668457	1	
20	41746	39163.12154066804	543	0	0.10016584396362305	1	
20	41746	39163.12154066804	560	0	0.10552644729614258	1	
20	41746	39163.12154066804	578	0	0.10160636901855469	1	
20	41746	39163.12154066804	616	0	0.10561132431030273	1	
20	41746	39163.12154066804	586	0	0.10661053657531738	1	
20	41746	39163.12154066804	629	0	0.11025071144104004	1	
20	41746	39163.12154066804	564	0	0.10083270072937012	1	
20	41746	39163.12154066804	613	0	0.10937881469726562	1	
20	41746	39163.12154066804	586	0	0.10185098648071289	1	
20	41746	39163.12154066804	613	0	0.11118435859680176	1	
20	41746	39163.12154066804	613	0	0.10938048362731934	1	
20	41746	39163.12154066804	546	0	0.1000676155090332	1	
20	41746	39163.12154066804	600	0	0.10333919525146484	1	
20	41746	39163.12154066804	597	0	0.10937976837158203	1	
20	41746	39163.12154066804	519	0	0.10325288772583008	1	
20	41746	39163.12154066804	597	0	0.10937929153442383	1	
20	41746	39163.12154066804	560	0	0.10937809944152832	1	
20	41746	39163.12154066804	586	0	0.10393548011779785	1	
20	41746	39163.12154066804	600	0	0.10937905311584473	1	
20	41746	39163.12154066804	703	0	0.11443495750427246	1	
20	41746	39163.12154066804	560	0	0.1053466796875	1	
20	41746	39163.12154066804	642	0	0.11279416084289551	1	
20	41746	39163.12154066804	620	0	0.10938048362731934	1	
20	41746	39163.12154066804	553	0	0.10938096046447754	1	
20	41746	39163.12154066804	616	0	0.10978913307189941	1	
20	41746	39163.12154066804	211	0	0.10688328742980957	1	
20	40475	39163.12154066804	9552	1	1.8112070560455322	1->2->9->3->4->8->5->7->10->16->11->13->12->14->18->17->15->19->20->6
20	41746	39163.12154066804	7743	0	1.0000536441802979	1	
20	40475	39163.12154066804	9552	1	1.7344672679901123	1->2->9->3->4->8->5->7->10->16->11->13->12->14->18->17->15->19->20->6
20	40475	39163.12154066804	9552	1	1.7711858749389648	1->2->9->3->4->8->5->7->10->16->11->13->12->14->18->17->15->19->20->6
20	40475	39163.12154066804	9552	1	1.8152134418487549	1->2->9->3->4->8->5->7->10->16->11->13->12->14->18->17->15->19->20->6
20	7684	7417.366097218472	40189	1	18.972684144973755	1->2->9->3->10->4->8->5->7->16->11->6->15->12->18->14->17->13->19->20
