20	27723	26994.760960972504	896	1	0.15625834465026855	1->7->3->8->4->18->15->12->6->9->10->20->14->13->11->17->16->19->2->5
20	27723	26994.760960972504	896	1	0.15625929832458496	1->7->3->8->4->18->15->12->6->9->10->20->14->13->11->17->16->19->2->5
20	27723	26994.760960972504	896	1	0.15625381469726562	1->7->3->8->4->18->15->12->6->9->10->20->14->13->11->17->16->19->2->5
20	27723	26994.760960972504	896	1	0.15284967422485352	1->7->3->8->4->18->15->12->6->9->10->20->14->13->11->17->16->19->2->5
20	27723	26994.760960972504	896	1	0.15625786781311035	1->7->3->8->4->18->15->12->6->9->10->20->14->13->11->17->16->19->2->5
20	28141	26994.760960972504	557	0	0.11032414436340332	1	
20	28141	26994.760960972504	198	0	0.10066676139831543	1	
20	28141	26994.760960972504	614	0	0.11025571823120117	1	
20	28141	26994.760960972504	221	0	0.10007739067077637	1	
20	28141	26994.760960972504	479	0	0.10072064399719238	1	
20	28141	26994.760960972504	523	0	0.10021305084228516	1	
20	28141	26994.760960972504	525	0	0.1059720516204834	1	
20	28141	26994.760960972504	569	0	0.10596728324890137	1	
20	28141	26994.760960972504	520	0	0.10697174072265625	1	
20	28141	26994.760960972504	547	0	0.10938024520874023	1	
20	28141	26994.760960972504	575	0	0.11410760879516602	1	
20	28141	26994.760960972504	557	0	0.10307931900024414	1	
20	28141	26994.760960972504	608	0	0.1094675064086914	1	
20	28141	26994.760960972504	520	0	0.10100698471069336	1	
20	28141	26994.760960972504	508	0	0.10937905311584473	1	
20	28141	26994.760960972504	549	0	0.10938024520874023	1	
20	28141	26994.760960972504	554	0	0.10937833786010742	1	
20	28141	26994.760960972504	575	0	0.10938024520874023	1	
20	28141	26994.760960972504	503	0	0.10529947280883789	1	
20	28141	26994.760960972504	537	0	0.10056757926940918	1	
20	28141	26994.760960972504	595	0	0.11491012573242188	1	
20	28141	26994.760960972504	559	0	0.10937857627868652	1	
20	28141	26994.760960972504	528	0	0.10528063774108887	1	
20	28141	26994.760960972504	572	0	0.10937976837158203	1	
20	28141	26994.760960972504	523	0	0.10937976837158203	1	
20	28141	26994.760960972504	569	0	0.10938358306884766	1	
20	28141	26994.760960972504	528	0	0.10080337524414062	1	
20	28141	26994.760960972504	550	0	0.10938000679016113	1	
20	28141	26994.760960972504	559	0	0.10937952995300293	1	
20	28141	26994.760960972504	550	0	0.10725975036621094	1	
20	28141	26994.760960972504	547	0	0.10770177841186523	1	
20	28141	26994.760960972504	503	0	0.10938310623168945	1	
20	28141	26994.760960972504	572	0	0.10937976837158203	1	
20	28141	26994.760960972504	565	0	0.1120157241821289	1	
20	27723	26994.760960972504	896	1	0.16110539436340332	1->7->3->8->4->18->15->12->6->9->10->20->14->13->11->17->16->19->2->5
20	27723	26994.760960972504	896	1	0.15625667572021484	1->7->3->8->4->18->15->12->6->9->10->20->14->13->11->17->16->19->2->5
20	27723	26994.760960972504	896	1	0.18750977516174316	1->7->3->8->4->18->15->12->6->9->10->20->14->13->11->17->16->19->2->5
20	27723	26994.760960972504	896	1	0.15610527992248535	1->7->3->8->4->18->15->12->6->9->10->20->14->13->11->17->16->19->2->5
20	27723	26994.760960972504	896	1	0.16310906410217285	1->7->3->8->4->18->15->12->6->9->10->20->14->13->11->17->16->19->2->5
20	7962	7589.224383643235	67879	4	58.14287352561951	1->7->5->8->17->18->6->3->12->16->9->10->20->14->13->11->4->2->19->15
