20	28132	27913.181818181816	44	1	0.01562643051147461	1->8->2->3->18->13->15->14->16->5->12->20->10->19->6->4->11->9->7->17
20	28132	27913.181818181816	44	1	0.0	1->8->2->3->18->13->15->14->16->5->12->20->10->19->6->4->11->9->7->17
20	28132	27913.181818181816	44	1	0.019727230072021484	1->8->2->3->18->13->15->14->16->5->12->20->10->19->6->4->11->9->7->17
20	28132	27913.181818181816	44	1	0.0	1->8->2->3->18->13->15->14->16->5->12->20->10->19->6->4->11->9->7->17
20	28132	27913.181818181816	44	1	0.0	1->8->2->3->18->13->15->14->16->5->12->20->10->19->6->4->11->9->7->17
20	28132	27913.181818181816	44	1	0.010006189346313477	1->8->2->3->18->13->15->14->16->5->12->20->10->19->6->4->11->9->7->17
20	28132	27913.181818181816	44	1	0.026018857955932617	1->8->2->3->18->13->15->14->16->5->12->20->10->19->6->4->11->9->7->17
20	28132	27913.181818181816	44	1	0.03133964538574219	1->8->2->3->18->13->15->14->16->5->12->20->10->19->6->4->11->9->7->17
20	28132	27913.181818181816	44	1	0.025159358978271484	1->8->2->3->18->13->15->14->16->5->12->20->10->19->6->4->11->9->7->17
20	28132	27913.181818181816	44	1	0.0	1->8->2->3->18->13->15->14->16->5->12->20->10->19->6->4->11->9->7->17
20	28132	27913.181818181816	44	1	0.0	1->8->2->3->18->13->15->14->16->5->12->20->10->19->6->4->11->9->7->17
20	28132	27913.181818181816	44	1	0.015626907348632812	1->8->2->3->18->13->15->14->16->5->12->20->10->19->6->4->11->9->7->17
20	28132	27913.181818181816	44	1	0.01000666618347168	1->8->2->3->18->13->15->14->16->5->12->20->10->19->6->4->11->9->7->17
20	28132	27913.181818181816	44	1	0.015624761581420898	1->8->2->3->18->13->15->14->16->5->12->20->10->19->6->4->11->9->7->17
20	28132	27913.181818181816	44	1	0.0	1->8->2->3->18->13->15->14->16->5->12->20->10->19->6->4->11->9->7->17
20	28132	27913.181818181816	44	1	0.0156252384185791	1->8->2->3->18->13->15->14->16->5->12->20->10->19->6->4->11->9->7->17
20	28132	27913.181818181816	44	1	0.0	1->8->2->3->18->13->15->14->16->5->12->20->10->19->6->4->11->9->7->17
20	28132	27913.181818181816	44	1	0.015625953674316406	1->8->2->3->18->13->15->14->16->5->12->20->10->19->6->4->11->9->7->17
20	28132	27913.181818181816	44	1	0.01562666893005371	1->8->2->3->18->13->15->14->16->5->12->20->10->19->6->4->11->9->7->17
20	28132	27913.181818181816	44	1	0.015625	1->8->2->3->18->13->15->14->16->5->12->20->10->19->6->4->11->9->7->17
20	28132	27913.181818181816	44	1	0.015627622604370117	1->8->2->3->18->13->15->14->16->5->12->20->10->19->6->4->11->9->7->17
20	28132	27913.181818181816	44	1	0.015625715255737305	1->8->2->3->18->13->15->14->16->5->12->20->10->19->6->4->11->9->7->17
20	28132	27913.181818181816	44	1	0.0	1->8->2->3->18->13->15->14->16->5->12->20->10->19->6->4->11->9->7->17
20	28132	27913.181818181816	44	1	0.0156252384185791	1->8->2->3->18->13->15->14->16->5->12->20->10->19->6->4->11->9->7->17
20	28132	27913.181818181816	44	1	0.015625953674316406	1->8->2->3->18->13->15->14->16->5->12->20->10->19->6->4->11->9->7->17
20	28132	27913.181818181816	44	1	0.0	1->8->2->3->18->13->15->14->16->5->12->20->10->19->6->4->11->9->7->17
20	28132	27913.181818181816	44	1	0.013348102569580078	1->8->2->3->18->13->15->14->16->5->12->20->10->19->6->4->11->9->7->17
20	28132	27913.181818181816	44	1	0.015626907348632812	1->8->2->3->18->13->15->14->16->5->12->20->10->19->6->4->11->9->7->17
20	28132	27913.181818181816	44	1	0.015627145767211914	1->8->2->3->18->13->15->14->16->5->12->20->10->19->6->4->11->9->7->17
20	28132	27913.181818181816	44	1	0.015625476837158203	1->8->2->3->18->13->15->14->16->5->12->20->10->19->6->4->11->9->7->17
20	28132	27913.181818181816	44	1	0.015627145767211914	1->8->2->3->18->13->15->14->16->5->12->20->10->19->6->4->11->9->7->17
20	28132	27913.181818181816	44	1	0.0	1->8->2->3->18->13->15->14->16->5->12->20->10->19->6->4->11->9->7->17
20	28132	27913.181818181816	44	1	0.015623807907104492	1->8->2->3->18->13->15->14->16->5->12->20->10->19->6->4->11->9->7->17
20	28132	27913.181818181816	44	1	0.0	1->8->2->3->18->13->15->14->16->5->12->20->10->19->6->4->11->9->7->17
20	28132	27913.181818181816	44	1	0.015625953674316406	1->8->2->3->18->13->15->14->16->5->12->20->10->19->6->4->11->9->7->17
20	28132	27913.181818181816	44	1	0.01268768310546875	1->8->2->3->18->13->15->14->16->5->12->20->10->19->6->4->11->9->7->17
20	28132	27913.181818181816	44	1	0.01562666893005371	1->8->2->3->18->13->15->14->16->5->12->20->10->19->6->4->11->9->7->17
20	28132	27913.181818181816	44	1	0.0	1->8->2->3->18->13->15->14->16->5->12->20->10->19->6->4->11->9->7->17
20	28132	27913.181818181816	44	1	0.01562356948852539	1->8->2->3->18->13->15->14->16->5->12->20->10->19->6->4->11->9->7->17
20	28132	27913.181818181816	44	1	0.015625476837158203	1->8->2->3->18->13->15->14->16->5->12->20->10->19->6->4->11->9->7->17
20	28132	27913.181818181816	44	1	0.010007381439208984	1->8->2->3->18->13->15->14->16->5->12->20->10->19->6->4->11->9->7->17
20	5809	5798.849529780564	62	2	0.012007951736450195	1->8->2->7->18->13->14->15->3->5->16->10->11->6->4->20->9->12->19->17
