20	38664	37705.497884281736	698	1	0.06383991241455078	3->6->2->12->17->4->10->18->11->19->20->15->9->14->8->7->16->13->5->1
20	38664	37705.497884281736	698	1	0.06250357627868652	3->6->2->12->17->4->10->18->11->19->20->15->9->14->8->7->16->13->5->1
20	38664	37705.497884281736	698	1	0.06250452995300293	3->6->2->12->17->4->10->18->11->19->20->15->9->14->8->7->16->13->5->1
20	38664	37705.497884281736	698	1	0.046877145767211914	3->6->2->12->17->4->10->18->11->19->20->15->9->14->8->7->16->13->5->1
20	38664	37705.497884281736	698	1	0.06763672828674316	3->6->2->12->17->4->10->18->11->19->20->15->9->14->8->7->16->13->5->1
20	38664	37705.497884281736	698	1	0.046877384185791016	3->6->2->12->17->4->10->18->11->19->20->15->9->14->8->7->16->13->5->1
20	44930	37705.497884281736	586	0	0.10043144226074219	1	
20	44930	37705.497884281736	677	0	0.1007997989654541	1	
20	38664	37705.497884281736	698	1	0.05286359786987305	3->6->2->12->17->4->10->18->11->19->20->15->9->14->8->7->16->13->5->1
20	38664	37705.497884281736	698	1	0.04056429862976074	3->6->2->12->17->4->10->18->11->19->20->15->9->14->8->7->16->13->5->1
20	38664	37705.497884281736	698	1	0.0566558837890625	3->6->2->12->17->4->10->18->11->19->20->15->9->14->8->7->16->13->5->1
20	38664	37705.497884281736	698	1	0.03933429718017578	3->6->2->12->17->4->10->18->11->19->20->15->9->14->8->7->16->13->5->1
20	38664	37705.497884281736	698	1	0.046877145767211914	3->6->2->12->17->4->10->18->11->19->20->15->9->14->8->7->16->13->5->1
20	38664	37705.497884281736	698	1	0.046875	3->6->2->12->17->4->10->18->11->19->20->15->9->14->8->7->16->13->5->1
20	38664	37705.497884281736	698	1	0.0414886474609375	3->6->2->12->17->4->10->18->11->19->20->15->9->14->8->7->16->13->5->1
20	38664	37705.497884281736	698	1	0.03527975082397461	3->6->2->12->17->4->10->18->11->19->20->15->9->14->8->7->16->13->5->1
20	38664	37705.497884281736	698	1	0.04687857627868652	3->6->2->12->17->4->10->18->11->19->20->15->9->14->8->7->16->13->5->1
20	38664	37705.497884281736	698	1	0.04052853584289551	3->6->2->12->17->4->10->18->11->19->20->15->9->14->8->7->16->13->5->1
20	38664	37705.497884281736	698	1	0.04687976837158203	3->6->2->12->17->4->10->18->11->19->20->15->9->14->8->7->16->13->5->1
20	38664	37705.497884281736	698	1	0.04687809944152832	3->6->2->12->17->4->10->18->11->19->20->15->9->14->8->7->16->13->5->1
20	38664	37705.497884281736	698	1	0.04687929153442383	3->6->2->12->17->4->10->18->11->19->20->15->9->14->8->7->16->13->5->1
20	38664	37705.497884281736	698	1	0.04687666893005371	3->6->2->12->17->4->10->18->11->19->20->15->9->14->8->7->16->13->5->1
20	38664	37705.497884281736	698	1	0.04687690734863281	3->6->2->12->17->4->10->18->11->19->20->15->9->14->8->7->16->13->5->1
20	38664	37705.497884281736	698	1	0.06250572204589844	3->6->2->12->17->4->10->18->11->19->20->15->9->14->8->7->16->13->5->1
20	38664	37705.497884281736	698	1	0.04687666893005371	3->6->2->12->17->4->10->18->11->19->20->15->9->14->8->7->16->13->5->1
20	38664	37705.497884281736	698	1	0.04687786102294922	3->6->2->12->17->4->10->18->11->19->20->15->9->14->8->7->16->13->5->1
20	38664	37705.497884281736	698	1	0.046877145767211914	3->6->2->12->17->4->10->18->11->19->20->15->9->14->8->7->16->13->5->1
20	38664	37705.497884281736	698	1	0.0434412956237793	3->6->2->12->17->4->10->18->11->19->20->15->9->14->8->7->16->13->5->1
20	38664	37705.497884281736	698	1	0.07031679153442383	3->6->2->12->17->4->10->18->11->19->20->15->9->14->8->7->16->13->5->1
20	38664	37705.497884281736	698	1	0.06250166893005371	3->6->2->12->17->4->10->18->11->19->20->15->9->14->8->7->16->13->5->1
20	38664	37705.497884281736	698	1	0.04687952995300293	3->6->2->12->17->4->10->18->11->19->20->15->9->14->8->7->16->13->5->1
20	38664	37705.497884281736	698	1	0.04717516899108887	3->6->2->12->17->4->10->18->11->19->20->15->9->14->8->7->16->13->5->1
20	38664	37705.497884281736	698	1	0.046877145767211914	3->6->2->12->17->4->10->18->11->19->20->15->9->14->8->7->16->13->5->1
20	38664	37705.497884281736	698	1	0.04687762260437012	3->6->2->12->17->4->10->18->11->19->20->15->9->14->8->7->16->13->5->1
20	38664	37705.497884281736	698	1	0.06250405311584473	3->6->2->12->17->4->10->18->11->19->20->15->9->14->8->7->16->13->5->1
20	38664	37705.497884281736	698	1	0.06003928184509277	3->6->2->12->17->4->10->18->11->19->20->15->9->14->8->7->16->13->5->1
20	38664	37705.497884281736	698	1	0.06250429153442383	3->6->2->12->17->4->10->18->11->19->20->15->9->14->8->7->16->13->5->1
20	38664	37705.497884281736	698	1	0.06250500679016113	3->6->2->12->17->4->10->18->11->19->20->15->9->14->8->7->16->13->5->1
20	38664	37705.497884281736	698	1	0.06250214576721191	3->6->2->12->17->4->10->18->11->19->20->15->9->14->8->7->16->13->5->1
20	38664	37705.497884281736	698	1	0.04687786102294922	3->6->2->12->17->4->10->18->11->19->20->15->9->14->8->7->16->13->5->1
20	38664	37705.497884281736	698	1	0.05003547668457031	3->6->2->12->17->4->10->18->11->19->20->15->9->14->8->7->16->13->5->1
20	7943	7619.384023194278	285	1	0.025016307830810547	3->6->5->17->19->2->9->10->8->18->11->20->4->12->7->13->14->16->15->1
