20	34818	33616.67061087061	734	1	0.08256363868713379	1->6->4->10->17->13->5->12->20->7->9->14->3->19->16->11->15->18->8->2
20	34818	33616.67061087061	734	1	0.0903172492980957	1->6->4->10->17->13->5->12->20->7->9->14->3->19->16->11->15->18->8->2
20	34818	33616.67061087061	734	1	0.08784866333007812	1->6->4->10->17->13->5->12->20->7->9->14->3->19->16->11->15->18->8->2
20	34818	33616.67061087061	734	1	0.07813119888305664	1->6->4->10->17->13->5->12->20->7->9->14->3->19->16->11->15->18->8->2
20	34818	33616.67061087061	734	1	0.09103584289550781	1->6->4->10->17->13->5->12->20->7->9->14->3->19->16->11->15->18->8->2
20	34818	33616.67061087061	734	1	0.09956240653991699	1->6->4->10->17->13->5->12->20->7->9->14->3->19->16->11->15->18->8->2
20	36698	33616.67061087061	295	0	0.11159753799438477	1	
20	36698	33616.67061087061	264	0	0.10105037689208984	1	
20	34818	33616.67061087061	734	1	0.09375739097595215	1->6->4->10->17->13->5->12->20->7->9->14->3->19->16->11->15->18->8->2
20	34818	33616.67061087061	734	1	0.08879232406616211	1->6->4->10->17->13->5->12->20->7->9->14->3->19->16->11->15->18->8->2
20	34818	33616.67061087061	734	1	0.07748913764953613	1->6->4->10->17->13->5->12->20->7->9->14->3->19->16->11->15->18->8->2
20	34818	33616.67061087061	734	1	0.09375309944152832	1->6->4->10->17->13->5->12->20->7->9->14->3->19->16->11->15->18->8->2
20	34818	33616.67061087061	734	1	0.07813096046447754	1->6->4->10->17->13->5->12->20->7->9->14->3->19->16->11->15->18->8->2
20	34818	33616.67061087061	734	1	0.07812976837158203	1->6->4->10->17->13->5->12->20->7->9->14->3->19->16->11->15->18->8->2
20	34818	33616.67061087061	734	1	0.0807650089263916	1->6->4->10->17->13->5->12->20->7->9->14->3->19->16->11->15->18->8->2
20	34818	33616.67061087061	734	1	0.09375596046447754	1->6->4->10->17->13->5->12->20->7->9->14->3->19->16->11->15->18->8->2
20	34818	33616.67061087061	734	1	0.09375405311584473	1->6->4->10->17->13->5->12->20->7->9->14->3->19->16->11->15->18->8->2
20	34818	33616.67061087061	734	1	0.09001541137695312	1->6->4->10->17->13->5->12->20->7->9->14->3->19->16->11->15->18->8->2
20	34818	33616.67061087061	734	1	0.09375429153442383	1->6->4->10->17->13->5->12->20->7->9->14->3->19->16->11->15->18->8->2
20	34818	33616.67061087061	734	1	0.09375286102294922	1->6->4->10->17->13->5->12->20->7->9->14->3->19->16->11->15->18->8->2
20	34818	33616.67061087061	734	1	0.09375452995300293	1->6->4->10->17->13->5->12->20->7->9->14->3->19->16->11->15->18->8->2
20	34818	33616.67061087061	734	1	0.09375333786010742	1->6->4->10->17->13->5->12->20->7->9->14->3->19->16->11->15->18->8->2
20	34818	33616.67061087061	734	1	0.09548687934875488	1->6->4->10->17->13->5->12->20->7->9->14->3->19->16->11->15->18->8->2
20	34818	33616.67061087061	734	1	0.08464336395263672	1->6->4->10->17->13->5->12->20->7->9->14->3->19->16->11->15->18->8->2
20	34818	33616.67061087061	734	1	0.07813024520874023	1->6->4->10->17->13->5->12->20->7->9->14->3->19->16->11->15->18->8->2
20	34818	33616.67061087061	734	1	0.09367609024047852	1->6->4->10->17->13->5->12->20->7->9->14->3->19->16->11->15->18->8->2
20	34818	33616.67061087061	734	1	0.09771609306335449	1->6->4->10->17->13->5->12->20->7->9->14->3->19->16->11->15->18->8->2
20	34818	33616.67061087061	734	1	0.08911514282226562	1->6->4->10->17->13->5->12->20->7->9->14->3->19->16->11->15->18->8->2
20	34818	33616.67061087061	734	1	0.07824993133544922	1->6->4->10->17->13->5->12->20->7->9->14->3->19->16->11->15->18->8->2
20	34818	33616.67061087061	734	1	0.0834815502166748	1->6->4->10->17->13->5->12->20->7->9->14->3->19->16->11->15->18->8->2
20	34818	33616.67061087061	734	1	0.09375524520874023	1->6->4->10->17->13->5->12->20->7->9->14->3->19->16->11->15->18->8->2
20	34818	33616.67061087061	734	1	0.09375452995300293	1->6->4->10->17->13->5->12->20->7->9->14->3->19->16->11->15->18->8->2
20	34818	33616.67061087061	734	1	0.09375596046447754	1->6->4->10->17->13->5->12->20->7->9->14->3->19->16->11->15->18->8->2
20	34818	33616.67061087061	734	1	0.09375500679016113	1->6->4->10->17->13->5->12->20->7->9->14->3->19->16->11->15->18->8->2
20	34818	33616.67061087061	734	1	0.09014081954956055	1->6->4->10->17->13->5->12->20->7->9->14->3->19->16->11->15->18->8->2
20	34818	33616.67061087061	734	1	0.08034276962280273	1->6->4->10->17->13->5->12->20->7->9->14->3->19->16->11->15->18->8->2
20	34818	33616.67061087061	734	1	0.07812881469726562	1->6->4->10->17->13->5->12->20->7->9->14->3->19->16->11->15->18->8->2
20	34818	33616.67061087061	734	1	0.07964229583740234	1->6->4->10->17->13->5->12->20->7->9->14->3->19->16->11->15->18->8->2
20	34818	33616.67061087061	734	1	0.09375548362731934	1->6->4->10->17->13->5->12->20->7->9->14->3->19->16->11->15->18->8->2
20	34818	33616.67061087061	734	1	0.09375333786010742	1->6->4->10->17->13->5->12->20->7->9->14->3->19->16->11->15->18->8->2
20	34818	33616.67061087061	734	1	0.09006714820861816	1->6->4->10->17->13->5->12->20->7->9->14->3->19->16->11->15->18->8->2
20	7478	7371.924025974025	906	2	0.12808680534362793	1->8->6->10->4->17->13->5->20->12->7->14->9->11->19->16->3->15->18->2
