20	18473	17961.813255166053	1032	1	0.12500762939453125	1->6->7->2->3->4->13->11->9->10->8->5->15->18->12->14->19->17->20->16
20	18473	17961.813255166053	1032	1	0.14063119888305664	1->6->7->2->3->4->13->11->9->10->8->5->15->18->12->14->19->17->20->16
20	18473	17961.813255166053	1032	1	0.12500882148742676	1->6->7->2->3->4->13->11->9->10->8->5->15->18->12->14->19->17->20->16
20	18473	17961.813255166053	1032	1	0.13578176498413086	1->6->7->2->3->4->13->11->9->10->8->5->15->18->12->14->19->17->20->16
20	18473	17961.813255166053	1032	1	0.14063453674316406	1->6->7->2->3->4->13->11->9->10->8->5->15->18->12->14->19->17->20->16
20	19832	17961.813255166053	861	0	0.10938024520874023	1	
20	19832	17961.813255166053	186	0	0.10067582130432129	1	
20	19832	17961.813255166053	841	0	0.10938286781311035	1	
20	19832	17961.813255166053	169	0	0.10052275657653809	1	
20	19832	17961.813255166053	846	0	0.10938119888305664	1	
20	19832	17961.813255166053	712	0	0.10592103004455566	1	
20	19832	17961.813255166053	779	0	0.10071229934692383	1	
20	19832	17961.813255166053	809	0	0.1000373363494873	1	
20	19832	17961.813255166053	672	0	0.1002814769744873	1	
20	19832	17961.813255166053	676	0	0.10110092163085938	1	
20	19832	17961.813255166053	897	0	0.10465574264526367	1	
20	19832	17961.813255166053	726	0	0.10034751892089844	1	
20	19832	17961.813255166053	802	0	0.10997724533081055	1	
20	19832	17961.813255166053	708	0	0.10082316398620605	1	
20	19832	17961.813255166053	775	0	0.10938477516174316	1	
20	19832	17961.813255166053	809	0	0.10938072204589844	1	
20	19832	17961.813255166053	786	0	0.10938358306884766	1	
20	19832	17961.813255166053	825	0	0.10937952995300293	1	
20	19832	17961.813255166053	738	0	0.10900259017944336	1	
20	19832	17961.813255166053	754	0	0.1000669002532959	1	
20	19832	17961.813255166053	816	0	0.10938310623168945	1	
20	19832	17961.813255166053	816	0	0.10991859436035156	1	
20	19832	17961.813255166053	861	0	0.11526131629943848	1	
20	19832	17961.813255166053	806	0	0.10833549499511719	1	
20	19832	17961.813255166053	746	0	0.10938024520874023	1	
20	19832	17961.813255166053	694	0	0.10007810592651367	1	
20	19832	17961.813255166053	802	0	0.10938119888305664	1	
20	19832	17961.813255166053	857	0	0.10937905311584473	1	
20	19832	17961.813255166053	758	0	0.10938024520874023	1	
20	19832	17961.813255166053	806	0	0.11001467704772949	1	
20	19832	17961.813255166053	850	0	0.10938191413879395	1	
20	19832	17961.813255166053	794	0	0.10938024520874023	1	
20	19832	17961.813255166053	798	0	0.10938167572021484	1	
20	19832	17961.813255166053	742	0	0.10938024520874023	1	
20	18473	17961.813255166053	1032	1	0.13608884811401367	1->6->7->2->3->4->13->11->9->10->8->5->15->18->12->14->19->17->20->16
20	18473	17961.813255166053	1032	1	0.12500786781311035	1->6->7->2->3->4->13->11->9->10->8->5->15->18->12->14->19->17->20->16
20	18473	17961.813255166053	1032	1	0.15625667572021484	1->6->7->2->3->4->13->11->9->10->8->5->15->18->12->14->19->17->20->16
20	18473	17961.813255166053	1032	1	0.13008713722229004	1->6->7->2->3->4->13->11->9->10->8->5->15->18->12->14->19->17->20->16
20	18473	17961.813255166053	1032	1	0.13408923149108887	1->6->7->2->3->4->13->11->9->10->8->5->15->18->12->14->19->17->20->16
20	6545	6277.059374851218	8398	1	1.9523060321807861	1->6->7->2->4->3->13->11->10->5->9->8->14->18->12->15->19->17->16->20
