20	36764	35395.54413652496	663	1	0.0643620491027832	1->6->8->14->2->5->4->17->12->11->20->16->19->15->18->13->10->7->9->3
20	36764	35395.54413652496	663	1	0.06250381469726562	1->6->8->14->2->5->4->17->12->11->20->16->19->15->18->13->10->7->9->3
20	36764	35395.54413652496	663	1	0.07267236709594727	1->6->8->14->2->5->4->17->12->11->20->16->19->15->18->13->10->7->9->3
20	36764	35395.54413652496	663	1	0.07812905311584473	1->6->8->14->2->5->4->17->12->11->20->16->19->15->18->13->10->7->9->3
20	36764	35395.54413652496	663	1	0.06250143051147461	1->6->8->14->2->5->4->17->12->11->20->16->19->15->18->13->10->7->9->3
20	36764	35395.54413652496	663	1	0.06598472595214844	1->6->8->14->2->5->4->17->12->11->20->16->19->15->18->13->10->7->9->3
20	39512	35395.54413652496	326	0	0.10195684432983398	1	
20	36764	35395.54413652496	663	1	0.07709550857543945	1->6->8->14->2->5->4->17->12->11->20->16->19->15->18->13->10->7->9->3
20	39512	35395.54413652496	312	0	0.10707449913024902	1	
20	36764	35395.54413652496	663	1	0.06136035919189453	1->6->8->14->2->5->4->17->12->11->20->16->19->15->18->13->10->7->9->3
20	36764	35395.54413652496	663	1	0.07085561752319336	1->6->8->14->2->5->4->17->12->11->20->16->19->15->18->13->10->7->9->3
20	36764	35395.54413652496	663	1	0.07905125617980957	1->6->8->14->2->5->4->17->12->11->20->16->19->15->18->13->10->7->9->3
20	36764	35395.54413652496	663	1	0.07813024520874023	1->6->8->14->2->5->4->17->12->11->20->16->19->15->18->13->10->7->9->3
20	36764	35395.54413652496	663	1	0.08478331565856934	1->6->8->14->2->5->4->17->12->11->20->16->19->15->18->13->10->7->9->3
20	36764	35395.54413652496	663	1	0.07812929153442383	1->6->8->14->2->5->4->17->12->11->20->16->19->15->18->13->10->7->9->3
20	36764	35395.54413652496	663	1	0.07456803321838379	1->6->8->14->2->5->4->17->12->11->20->16->19->15->18->13->10->7->9->3
20	36764	35395.54413652496	663	1	0.06852149963378906	1->6->8->14->2->5->4->17->12->11->20->16->19->15->18->13->10->7->9->3
20	36764	35395.54413652496	663	1	0.06388735771179199	1->6->8->14->2->5->4->17->12->11->20->16->19->15->18->13->10->7->9->3
20	36764	35395.54413652496	663	1	0.07480192184448242	1->6->8->14->2->5->4->17->12->11->20->16->19->15->18->13->10->7->9->3
20	36764	35395.54413652496	663	1	0.07812857627868652	1->6->8->14->2->5->4->17->12->11->20->16->19->15->18->13->10->7->9->3
20	36764	35395.54413652496	663	1	0.07813024520874023	1->6->8->14->2->5->4->17->12->11->20->16->19->15->18->13->10->7->9->3
20	36764	35395.54413652496	663	1	0.07918071746826172	1->6->8->14->2->5->4->17->12->11->20->16->19->15->18->13->10->7->9->3
20	36764	35395.54413652496	663	1	0.062497854232788086	1->6->8->14->2->5->4->17->12->11->20->16->19->15->18->13->10->7->9->3
20	36764	35395.54413652496	663	1	0.07812762260437012	1->6->8->14->2->5->4->17->12->11->20->16->19->15->18->13->10->7->9->3
20	36764	35395.54413652496	663	1	0.07454991340637207	1->6->8->14->2->5->4->17->12->11->20->16->19->15->18->13->10->7->9->3
20	36764	35395.54413652496	663	1	0.07812809944152832	1->6->8->14->2->5->4->17->12->11->20->16->19->15->18->13->10->7->9->3
20	36764	35395.54413652496	663	1	0.07813024520874023	1->6->8->14->2->5->4->17->12->11->20->16->19->15->18->13->10->7->9->3
20	36764	35395.54413652496	663	1	0.05943608283996582	1->6->8->14->2->5->4->17->12->11->20->16->19->15->18->13->10->7->9->3
20	36764	35395.54413652496	663	1	0.07795023918151855	1->6->8->14->2->5->4->17->12->11->20->16->19->15->18->13->10->7->9->3
20	36764	35395.54413652496	663	1	0.07812929153442383	1->6->8->14->2->5->4->17->12->11->20->16->19->15->18->13->10->7->9->3
20	36764	35395.54413652496	663	1	0.08425712585449219	1->6->8->14->2->5->4->17->12->11->20->16->19->15->18->13->10->7->9->3
20	36764	35395.54413652496	663	1	0.07812929153442383	1->6->8->14->2->5->4->17->12->11->20->16->19->15->18->13->10->7->9->3
20	36764	35395.54413652496	663	1	0.07813143730163574	1->6->8->14->2->5->4->17->12->11->20->16->19->15->18->13->10->7->9->3
20	36764	35395.54413652496	663	1	0.07812809944152832	1->6->8->14->2->5->4->17->12->11->20->16->19->15->18->13->10->7->9->3
20	36764	35395.54413652496	663	1	0.07412052154541016	1->6->8->14->2->5->4->17->12->11->20->16->19->15->18->13->10->7->9->3
20	36764	35395.54413652496	663	1	0.07812881469726562	1->6->8->14->2->5->4->17->12->11->20->16->19->15->18->13->10->7->9->3
20	36764	35395.54413652496	663	1	0.07812881469726562	1->6->8->14->2->5->4->17->12->11->20->16->19->15->18->13->10->7->9->3
20	36764	35395.54413652496	663	1	0.06250143051147461	1->6->8->14->2->5->4->17->12->11->20->16->19->15->18->13->10->7->9->3
20	36764	35395.54413652496	663	1	0.08007001876831055	1->6->8->14->2->5->4->17->12->11->20->16->19->15->18->13->10->7->9->3
20	36764	35395.54413652496	663	1	0.07812881469726562	1->6->8->14->2->5->4->17->12->11->20->16->19->15->18->13->10->7->9->3
20	36764	35395.54413652496	663	1	0.07204699516296387	1->6->8->14->2->5->4->17->12->11->20->16->19->15->18->13->10->7->9->3
20	36764	35395.54413652496	663	1	0.07812929153442383	1->6->8->14->2->5->4->17->12->11->20->16->19->15->18->13->10->7->9->3
20	36764	35395.54413652496	663	1	0.0781257152557373	1->6->8->14->2->5->4->17->12->11->20->16->19->15->18->13->10->7->9->3
20	36764	35395.54413652496	663	1	0.1000673770904541	1->6->8->14->2->5->4->17->12->11->20->16->19->15->18->13->10->7->9->3
20	36764	35395.54413652496	663	1	0.07505035400390625	1->6->8->14->2->5->4->17->12->11->20->16->19->15->18->13->10->7->9->3
20	8409	8142.217155381647	751	2	0.07805252075195312	1->2->6->8->14->5->7->4->12->9->17->20->16->19->11->3->13->10->15->18
20	8409	8142.217155381647	751	2	0.09206366539001465	1->2->6->8->14->5->7->4->12->9->17->20->16->19->11->3->13->10->15->18
