20	39922	39588.70532161994	105	1	0.015624046325683594	1->2->11->9->6->18->3->20->10->13->8->14->15->7->19->4->16->5->17->12
20	39922	39588.70532161994	105	1	0.015625953674316406	1->2->11->9->6->18->3->20->10->13->8->14->15->7->19->4->16->5->17->12
20	39922	39588.70532161994	105	1	0.015626192092895508	1->2->11->9->6->18->3->20->10->13->8->14->15->7->19->4->16->5->17->12
20	39922	39588.70532161994	105	1	0.01562356948852539	1->2->11->9->6->18->3->20->10->13->8->14->15->7->19->4->16->5->17->12
20	39922	39588.70532161994	105	1	0.015625715255737305	1->2->11->9->6->18->3->20->10->13->8->14->15->7->19->4->16->5->17->12
20	39922	39588.70532161994	105	1	0.01562643051147461	1->2->11->9->6->18->3->20->10->13->8->14->15->7->19->4->16->5->17->12
20	39922	39588.70532161994	105	1	0.04687833786010742	1->2->11->9->6->18->3->20->10->13->8->14->15->7->19->4->16->5->17->12
20	39922	39588.70532161994	105	1	0.0430302619934082	1->2->11->9->6->18->3->20->10->13->8->14->15->7->19->4->16->5->17->12
20	39922	39588.70532161994	105	1	0.015625	1->2->11->9->6->18->3->20->10->13->8->14->15->7->19->4->16->5->17->12
20	39922	39588.70532161994	105	1	0.015946388244628906	1->2->11->9->6->18->3->20->10->13->8->14->15->7->19->4->16->5->17->12
20	39922	39588.70532161994	105	1	0.015626907348632812	1->2->11->9->6->18->3->20->10->13->8->14->15->7->19->4->16->5->17->12
20	39922	39588.70532161994	105	1	0.029994964599609375	1->2->11->9->6->18->3->20->10->13->8->14->15->7->19->4->16->5->17->12
20	39922	39588.70532161994	105	1	0.015627384185791016	1->2->11->9->6->18->3->20->10->13->8->14->15->7->19->4->16->5->17->12
20	39922	39588.70532161994	105	1	0.016010522842407227	1->2->11->9->6->18->3->20->10->13->8->14->15->7->19->4->16->5->17->12
20	39922	39588.70532161994	105	1	0.015625715255737305	1->2->11->9->6->18->3->20->10->13->8->14->15->7->19->4->16->5->17->12
20	39922	39588.70532161994	105	1	0.015627145767211914	1->2->11->9->6->18->3->20->10->13->8->14->15->7->19->4->16->5->17->12
20	39922	39588.70532161994	105	1	0.016011953353881836	1->2->11->9->6->18->3->20->10->13->8->14->15->7->19->4->16->5->17->12
20	39922	39588.70532161994	105	1	0.01562666893005371	1->2->11->9->6->18->3->20->10->13->8->14->15->7->19->4->16->5->17->12
20	39922	39588.70532161994	105	1	0.015624284744262695	1->2->11->9->6->18->3->20->10->13->8->14->15->7->19->4->16->5->17->12
20	39922	39588.70532161994	105	1	0.015626192092895508	1->2->11->9->6->18->3->20->10->13->8->14->15->7->19->4->16->5->17->12
20	39922	39588.70532161994	105	1	0.015625476837158203	1->2->11->9->6->18->3->20->10->13->8->14->15->7->19->4->16->5->17->12
20	39922	39588.70532161994	105	1	0.01562643051147461	1->2->11->9->6->18->3->20->10->13->8->14->15->7->19->4->16->5->17->12
20	39922	39588.70532161994	105	1	0.015625476837158203	1->2->11->9->6->18->3->20->10->13->8->14->15->7->19->4->16->5->17->12
20	39922	39588.70532161994	105	1	0.015627384185791016	1->2->11->9->6->18->3->20->10->13->8->14->15->7->19->4->16->5->17->12
20	39922	39588.70532161994	105	1	0.015627384185791016	1->2->11->9->6->18->3->20->10->13->8->14->15->7->19->4->16->5->17->12
20	39922	39588.70532161994	105	1	0.015626907348632812	1->2->11->9->6->18->3->20->10->13->8->14->15->7->19->4->16->5->17->12
20	39922	39588.70532161994	105	1	0.015624761581420898	1->2->11->9->6->18->3->20->10->13->8->14->15->7->19->4->16->5->17->12
20	39922	39588.70532161994	105	1	0.015625953674316406	1->2->11->9->6->18->3->20->10->13->8->14->15->7->19->4->16->5->17->12
20	39922	39588.70532161994	105	1	0.04688096046447754	1->2->11->9->6->18->3->20->10->13->8->14->15->7->19->4->16->5->17->12
20	39922	39588.70532161994	105	1	0.01562666893005371	1->2->11->9->6->18->3->20->10->13->8->14->15->7->19->4->16->5->17->12
20	39922	39588.70532161994	105	1	0.026032209396362305	1->2->11->9->6->18->3->20->10->13->8->14->15->7->19->4->16->5->17->12
20	39922	39588.70532161994	105	1	0.03125166893005371	1->2->11->9->6->18->3->20->10->13->8->14->15->7->19->4->16->5->17->12
20	39922	39588.70532161994	105	1	0.01562786102294922	1->2->11->9->6->18->3->20->10->13->8->14->15->7->19->4->16->5->17->12
20	39922	39588.70532161994	105	1	0.025707006454467773	1->2->11->9->6->18->3->20->10->13->8->14->15->7->19->4->16->5->17->12
20	39922	39588.70532161994	105	1	0.0	1->2->11->9->6->18->3->20->10->13->8->14->15->7->19->4->16->5->17->12
20	39922	39588.70532161994	105	1	0.015625715255737305	1->2->11->9->6->18->3->20->10->13->8->14->15->7->19->4->16->5->17->12
20	39922	39588.70532161994	105	1	0.015624523162841797	1->2->11->9->6->18->3->20->10->13->8->14->15->7->19->4->16->5->17->12
20	39922	39588.70532161994	105	1	0.015627622604370117	1->2->11->9->6->18->3->20->10->13->8->14->15->7->19->4->16->5->17->12
20	39922	39588.70532161994	105	1	0.015626192092895508	1->2->11->9->6->18->3->20->10->13->8->14->15->7->19->4->16->5->17->12
20	39922	39588.70532161994	105	1	0.015626907348632812	1->2->11->9->6->18->3->20->10->13->8->14->15->7->19->4->16->5->17->12
20	39922	39588.70532161994	105	1	0.032021284103393555	1->2->11->9->6->18->3->20->10->13->8->14->15->7->19->4->16->5->17->12
20	8763	8713.278404903866	96	2	0.016010522842407227	1->2->11->9->4->7->3->12->20->16->6->15->18->10->8->19->13->17->14->5
