20	41925	40666.95127974561	442	1	0.16263556480407715	1->3->10->2->5->12->15->8->6->13->11->9->14->17->20->7->19->18->4->16
20	41925	40666.95127974561	442	1	0.15626001358032227	1->3->10->2->5->12->15->8->6->13->11->9->14->17->20->7->19->18->4->16
20	41925	40666.95127974561	442	1	0.1576840877532959	1->3->10->2->5->12->15->8->6->13->11->9->14->17->20->7->19->18->4->16
20	41925	40666.95127974561	442	1	0.15613198280334473	1->3->10->2->5->12->15->8->6->13->11->9->14->17->20->7->19->18->4->16
20	41925	40666.95127974561	442	1	0.15625953674316406	1->3->10->2->5->12->15->8->6->13->11->9->14->17->20->7->19->18->4->16
20	42065	40666.95127974561	258	0	0.10842084884643555	1	
20	42065	40666.95127974561	139	0	0.10709500312805176	1	
20	42065	40666.95127974561	270	0	0.10253119468688965	1	
20	42065	40666.95127974561	131	0	0.10630488395690918	1	
20	42065	40666.95127974561	276	0	0.10972023010253906	1	
20	42065	40666.95127974561	268	0	0.1121821403503418	1	
20	42065	40666.95127974561	247	0	0.10938024520874023	1	
20	42065	40666.95127974561	265	0	0.1062629222869873	1	
20	42065	40666.95127974561	264	0	0.10004425048828125	1	
20	42065	40666.95127974561	259	0	0.10937952995300293	1	
20	42065	40666.95127974561	256	0	0.10461163520812988	1	
20	42065	40666.95127974561	275	0	0.1020197868347168	1	
20	42065	40666.95127974561	255	0	0.10395407676696777	1	
20	42065	40666.95127974561	274	0	0.10370802879333496	1	
20	42065	40666.95127974561	261	0	0.10938000679016113	1	
20	42065	40666.95127974561	259	0	0.10937976837158203	1	
20	42065	40666.95127974561	268	0	0.10937976837158203	1	
20	42065	40666.95127974561	282	0	0.10937952995300293	1	
20	42065	40666.95127974561	252	0	0.10419225692749023	1	
20	42065	40666.95127974561	265	0	0.1000669002532959	1	
20	42065	40666.95127974561	259	0	0.10349345207214355	1	
20	42065	40666.95127974561	268	0	0.10937881469726562	1	
20	42065	40666.95127974561	277	0	0.11035776138305664	1	
20	42065	40666.95127974561	272	0	0.10938048362731934	1	
20	42065	40666.95127974561	264	0	0.10938119888305664	1	
20	42065	40666.95127974561	291	0	0.10938239097595215	1	
20	42065	40666.95127974561	242	0	0.10063457489013672	1	
20	42065	40666.95127974561	266	0	0.10937976837158203	1	
20	42065	40666.95127974561	247	0	0.12500643730163574	1	
20	42065	40666.95127974561	266	0	0.10937976837158203	1	
20	42065	40666.95127974561	280	0	0.10937881469726562	1	
20	42065	40666.95127974561	261	0	0.10938072204589844	1	
20	42065	40666.95127974561	291	0	0.10938143730163574	1	
20	42065	40666.95127974561	292	0	0.10833859443664551	1	
20	41925	40666.95127974561	442	1	0.17188239097595215	1->3->10->2->5->12->15->8->6->13->11->9->14->17->20->7->19->18->4->16
20	41925	40666.95127974561	442	1	0.16110777854919434	1->3->10->2->5->12->15->8->6->13->11->9->14->17->20->7->19->18->4->16
20	41925	40666.95127974561	442	1	0.15625810623168945	1->3->10->2->5->12->15->8->6->13->11->9->14->17->20->7->19->18->4->16
20	41925	40666.95127974561	442	1	0.15626096725463867	1->3->10->2->5->12->15->8->6->13->11->9->14->17->20->7->19->18->4->16
20	41925	40666.95127974561	442	1	0.15510129928588867	1->3->10->2->5->12->15->8->6->13->11->9->14->17->20->7->19->18->4->16
20	41925	40666.95127974561	442	1	0.16511082649230957	1->3->10->2->5->12->15->8->6->13->11->9->14->17->20->7->19->18->4->16
20	7347	7145.389649541409	629	1	0.16811227798461914	1->3->10->2->5->12->15->8->4->9->6->11->14->16->17->20->7->19->13->18
20	7347	7145.389649541409	629	1	0.18012022972106934	1->3->10->2->5->12->15->8->4->9->6->11->14->16->17->20->7->19->13->18
