20	37117	34848.661603223576	8984	0	1.0097219944000244	1	
20	37117	34848.661603223576	9117	0	1.0002977848052979	1	
20	37117	34848.661603223576	4779	0	0.5114259719848633	1	
20	37117	34848.661603223576	4746	0	0.5119216442108154	1	
20	37117	34848.661603223576	4746	0	0.5016472339630127	1	
20	37117	34848.661603223576	735	0	0.10066604614257812	1	
20	37117	34848.661603223576	296	0	0.10511660575866699	1	
20	37117	34848.661603223576	740	0	0.10235857963562012	1	
20	37117	34848.661603223576	309	0	0.10654950141906738	1	
20	37117	34848.661603223576	951	0	0.1152656078338623	1	
20	37117	34848.661603223576	709	0	0.10938286781311035	1	
20	37117	34848.661603223576	714	0	0.10020852088928223	1	
20	37117	34848.661603223576	747	0	0.10037922859191895	1	
20	37117	34848.661603223576	843	0	0.10949921607971191	1	
20	37117	34848.661603223576	709	0	0.10013270378112793	1	
20	37117	34848.661603223576	740	0	0.10032439231872559	1	
20	37117	34848.661603223576	812	0	0.10568833351135254	1	
20	37117	34848.661603223576	730	0	0.10063028335571289	1	
20	37117	34848.661603223576	812	0	0.10394454002380371	1	
20	37117	34848.661603223576	691	0	0.10079717636108398	1	
20	37117	34848.661603223576	812	0	0.1111459732055664	1	
20	37117	34848.661603223576	691	0	0.10007548332214355	1	
20	37117	34848.661603223576	795	0	0.11375713348388672	1	
20	37117	34848.661603223576	783	0	0.10938191413879395	1	
20	37117	34848.661603223576	801	0	0.1000666618347168	1	
20	37117	34848.661603223576	824	0	0.10938358306884766	1	
20	37117	34848.661603223576	835	0	0.10938215255737305	1	
20	37117	34848.661603223576	795	0	0.10938167572021484	1	
20	37117	34848.661603223576	801	0	0.10938334465026855	1	
20	37117	34848.661603223576	795	0	0.10938048362731934	1	
20	37117	34848.661603223576	830	0	0.11334633827209473	1	
20	37117	34848.661603223576	835	0	0.10938072204589844	1	
20	37117	34848.661603223576	740	0	0.10068964958190918	1	
20	37117	34848.661603223576	709	0	0.10558056831359863	1	
20	37117	34848.661603223576	856	0	0.10937976837158203	1	
20	37117	34848.661603223576	839	0	0.10938072204589844	1	
20	37117	34848.661603223576	818	0	0.10522031784057617	1	
20	37117	34848.661603223576	795	0	0.1059713363647461	1	
20	37117	34848.661603223576	777	0	0.10689210891723633	1	
20	36355	34848.661603223576	22646	1	6.778532981872559	1->6->4->7->2->15->11->13->5->10->12->17->18->16->19->8->14->3->20->9
20	37117	34848.661603223576	8859	0	1.000044584274292	1	
20	36355	34848.661603223576	22646	1	6.562851667404175	1->6->4->7->2->15->11->13->5->10->12->17->18->16->19->8->14->3->20->9
20	36355	34848.661603223576	22646	1	6.890606641769409	1->6->4->7->2->15->11->13->5->10->12->17->18->16->19->8->14->3->20->9
20	36355	34848.661603223576	22646	1	7.136771202087402	1->6->4->7->2->15->11->13->5->10->12->17->18->16->19->8->14->3->20->9
20	7930	7593.90332171424	428348	1	1800.0009870529175	1	
