20	34818	33297.542803492805	3783	1	0.45069265365600586	1->6->4->10->17->13->5->12->20->7->9->14->3->19->16->11->15->18->8->2
20	34818	33297.542803492805	3783	1	0.43752193450927734	1->6->4->10->17->13->5->12->20->7->9->14->3->19->16->11->15->18->8->2
20	34818	33297.542803492805	3783	1	0.44547533988952637	1->6->4->10->17->13->5->12->20->7->9->14->3->19->16->11->15->18->8->2
20	34818	33297.542803492805	3783	1	0.45376110076904297	1->6->4->10->17->13->5->12->20->7->9->14->3->19->16->11->15->18->8->2
20	34818	33297.542803492805	3783	1	0.44696569442749023	1->6->4->10->17->13->5->12->20->7->9->14->3->19->16->11->15->18->8->2
20	36698	33297.542803492805	1032	0	0.10642886161804199	1	
20	36698	33297.542803492805	313	0	0.10697507858276367	1	
20	36698	33297.542803492805	1038	0	0.10996651649475098	1	
20	36698	33297.542803492805	285	0	0.11099004745483398	1	
20	36698	33297.542803492805	987	0	0.11520075798034668	1	
20	36698	33297.542803492805	900	0	0.1127018928527832	1	
20	36698	33297.542803492805	821	0	0.10938024520874023	1	
20	36698	33297.542803492805	1086	0	0.11321210861206055	1	
20	36698	33297.542803492805	1082	0	0.11404800415039062	1	
20	36698	33297.542803492805	786	0	0.10058164596557617	1	
20	36698	33297.542803492805	982	0	0.10938048362731934	1	
20	36698	33297.542803492805	894	0	0.10938167572021484	1	
20	36698	33297.542803492805	881	0	0.10365819931030273	1	
20	36698	33297.542803492805	802	0	0.10146450996398926	1	
20	36698	33297.542803492805	1043	0	0.11549758911132812	1	
20	36698	33297.542803492805	909	0	0.10938310623168945	1	
20	36698	33297.542803492805	900	0	0.10938239097595215	1	
20	36698	33297.542803492805	920	0	0.10938167572021484	1	
20	36698	33297.542803492805	909	0	0.10937976837158203	1	
20	36698	33297.542803492805	715	0	0.10057878494262695	1	
20	36698	33297.542803492805	821	0	0.1030271053314209	1	
20	36698	33297.542803492805	881	0	0.11238455772399902	1	
20	36698	33297.542803492805	903	0	0.10494804382324219	1	
20	36698	33297.542803492805	808	0	0.10073280334472656	1	
20	36698	33297.542803492805	857	0	0.10938191413879395	1	
20	36698	33297.542803492805	925	0	0.1112978458404541	1	
20	36698	33297.542803492805	894	0	0.10938191413879395	1	
20	36698	33297.542803492805	900	0	0.10938167572021484	1	
20	36698	33297.542803492805	869	0	0.10938024520874023	1	
20	36698	33297.542803492805	925	0	0.10938119888305664	1	
20	36698	33297.542803492805	795	0	0.10153722763061523	1	
20	36698	33297.542803492805	857	0	0.10938048362731934	1	
20	36698	33297.542803492805	987	0	0.11346936225891113	1	
20	36698	33297.542803492805	648	0	0.10938096046447754	1	
20	34818	33297.542803492805	3783	1	0.46030569076538086	1->6->4->10->17->13->5->12->20->7->9->14->3->19->16->11->15->18->8->2
20	34818	33297.542803492805	3783	1	0.446427583694458	1->6->4->10->17->13->5->12->20->7->9->14->3->19->16->11->15->18->8->2
20	34818	33297.542803492805	3783	1	0.43752455711364746	1->6->4->10->17->13->5->12->20->7->9->14->3->19->16->11->15->18->8->2
20	34818	33297.542803492805	3783	1	0.4573054313659668	1->6->4->10->17->13->5->12->20->7->9->14->3->19->16->11->15->18->8->2
20	34818	33297.542803492805	3783	1	0.47531700134277344	1->6->4->10->17->13->5->12->20->7->9->14->3->19->16->11->15->18->8->2
20	7478	7307.764310689311	3130	2	0.441295862197876	1->8->6->10->4->17->13->5->20->12->7->14->9->11->19->16->3->15->18->2
