20	31578	30433.67380135078	171	1	0.015619993209838867	1->5->9->16->11->14->12->7->18->2->6->13->15->10->19->8->17->3->4->20
20	31578	30433.67380135078	171	1	0.0	1->5->9->16->11->14->12->7->18->2->6->13->15->10->19->8->17->3->4->20
20	31578	30433.67380135078	171	1	0.015626192092895508	1->5->9->16->11->14->12->7->18->2->6->13->15->10->19->8->17->3->4->20
20	31578	30433.67380135078	171	1	0.01562643051147461	1->5->9->16->11->14->12->7->18->2->6->13->15->10->19->8->17->3->4->20
20	31578	30433.67380135078	171	1	0.0	1->5->9->16->11->14->12->7->18->2->6->13->15->10->19->8->17->3->4->20
20	31578	30433.67380135078	171	1	0.0006470680236816406	1->5->9->16->11->14->12->7->18->2->6->13->15->10->19->8->17->3->4->20
20	31578	30433.67380135078	171	1	0.03592061996459961	1->5->9->16->11->14->12->7->18->2->6->13->15->10->19->8->17->3->4->20
20	31578	30433.67380135078	171	1	0.015626907348632812	1->5->9->16->11->14->12->7->18->2->6->13->15->10->19->8->17->3->4->20
20	31578	30433.67380135078	171	1	0.031252384185791016	1->5->9->16->11->14->12->7->18->2->6->13->15->10->19->8->17->3->4->20
20	31578	30433.67380135078	171	1	0.01562643051147461	1->5->9->16->11->14->12->7->18->2->6->13->15->10->19->8->17->3->4->20
20	31578	30433.67380135078	171	1	0.011007547378540039	1->5->9->16->11->14->12->7->18->2->6->13->15->10->19->8->17->3->4->20
20	31578	30433.67380135078	171	1	0.0024385452270507812	1->5->9->16->11->14->12->7->18->2->6->13->15->10->19->8->17->3->4->20
20	31578	30433.67380135078	171	1	0.006331682205200195	1->5->9->16->11->14->12->7->18->2->6->13->15->10->19->8->17->3->4->20
20	31578	30433.67380135078	171	1	0.0	1->5->9->16->11->14->12->7->18->2->6->13->15->10->19->8->17->3->4->20
20	31578	30433.67380135078	171	1	0.0044040679931640625	1->5->9->16->11->14->12->7->18->2->6->13->15->10->19->8->17->3->4->20
20	31578	30433.67380135078	171	1	0.015627622604370117	1->5->9->16->11->14->12->7->18->2->6->13->15->10->19->8->17->3->4->20
20	31578	30433.67380135078	171	1	0.015625953674316406	1->5->9->16->11->14->12->7->18->2->6->13->15->10->19->8->17->3->4->20
20	31578	30433.67380135078	171	1	0.0	1->5->9->16->11->14->12->7->18->2->6->13->15->10->19->8->17->3->4->20
20	31578	30433.67380135078	171	1	0.0	1->5->9->16->11->14->12->7->18->2->6->13->15->10->19->8->17->3->4->20
20	31578	30433.67380135078	171	1	0.0	1->5->9->16->11->14->12->7->18->2->6->13->15->10->19->8->17->3->4->20
20	31578	30433.67380135078	171	1	0.0	1->5->9->16->11->14->12->7->18->2->6->13->15->10->19->8->17->3->4->20
20	31578	30433.67380135078	171	1	0.015624046325683594	1->5->9->16->11->14->12->7->18->2->6->13->15->10->19->8->17->3->4->20
20	31578	30433.67380135078	171	1	0.015625715255737305	1->5->9->16->11->14->12->7->18->2->6->13->15->10->19->8->17->3->4->20
20	31578	30433.67380135078	171	1	0.015625	1->5->9->16->11->14->12->7->18->2->6->13->15->10->19->8->17->3->4->20
20	31578	30433.67380135078	171	1	0.012007474899291992	1->5->9->16->11->14->12->7->18->2->6->13->15->10->19->8->17->3->4->20
20	31578	30433.67380135078	171	1	0.0	1->5->9->16->11->14->12->7->18->2->6->13->15->10->19->8->17->3->4->20
20	31578	30433.67380135078	171	1	0.01562666893005371	1->5->9->16->11->14->12->7->18->2->6->13->15->10->19->8->17->3->4->20
20	31578	30433.67380135078	171	1	0.01562809944152832	1->5->9->16->11->14->12->7->18->2->6->13->15->10->19->8->17->3->4->20
20	31578	30433.67380135078	171	1	0.011005163192749023	1->5->9->16->11->14->12->7->18->2->6->13->15->10->19->8->17->3->4->20
20	31578	30433.67380135078	171	1	0.0	1->5->9->16->11->14->12->7->18->2->6->13->15->10->19->8->17->3->4->20
20	31578	30433.67380135078	171	1	0.015627622604370117	1->5->9->16->11->14->12->7->18->2->6->13->15->10->19->8->17->3->4->20
20	31578	30433.67380135078	171	1	0.0	1->5->9->16->11->14->12->7->18->2->6->13->15->10->19->8->17->3->4->20
20	31578	30433.67380135078	171	1	0.0156252384185791	1->5->9->16->11->14->12->7->18->2->6->13->15->10->19->8->17->3->4->20
20	31578	30433.67380135078	171	1	0.0	1->5->9->16->11->14->12->7->18->2->6->13->15->10->19->8->17->3->4->20
20	31578	30433.67380135078	171	1	0.01562809944152832	1->5->9->16->11->14->12->7->18->2->6->13->15->10->19->8->17->3->4->20
20	31578	30433.67380135078	171	1	0.01100015640258789	1->5->9->16->11->14->12->7->18->2->6->13->15->10->19->8->17->3->4->20
20	31578	30433.67380135078	171	1	0.0	1->5->9->16->11->14->12->7->18->2->6->13->15->10->19->8->17->3->4->20
20	31578	30433.67380135078	171	1	0.01562666893005371	1->5->9->16->11->14->12->7->18->2->6->13->15->10->19->8->17->3->4->20
20	31578	30433.67380135078	171	1	0.0	1->5->9->16->11->14->12->7->18->2->6->13->15->10->19->8->17->3->4->20
20	31578	30433.67380135078	171	1	0.01562643051147461	1->5->9->16->11->14->12->7->18->2->6->13->15->10->19->8->17->3->4->20
20	31578	30433.67380135078	171	1	0.010007381439208984	1->5->9->16->11->14->12->7->18->2->6->13->15->10->19->8->17->3->4->20
20	31578	30433.67380135078	171	1	0.015625476837158203	1->5->9->16->11->14->12->7->18->2->6->13->15->10->19->8->17->3->4->20
20	31578	30433.67380135078	171	1	0.0	1->5->9->16->11->14->12->7->18->2->6->13->15->10->19->8->17->3->4->20
20	31578	30433.67380135078	171	1	0.010006427764892578	1->5->9->16->11->14->12->7->18->2->6->13->15->10->19->8->17->3->4->20
20	31578	30433.67380135078	171	1	0.011007308959960938	1->5->9->16->11->14->12->7->18->2->6->13->15->10->19->8->17->3->4->20
20	9480	9134.373901284653	396	2	0.026018142700195312	2->5->19->16->10->11->14->13->6->17->12->9->18->7->3->1->15->8->4->20
20	9480	9134.373901284653	396	2	0.030019044876098633	2->5->19->16->10->11->14->13->6->17->12->9->18->7->3->1->15->8->4->20
