20	38363	36513.07918269889	2177	1	0.20081615447998047	1->17->3->7->14->12->18->13->15->16->5->20->19->10->4->8->6->9->2->11
20	38363	36513.07918269889	2177	1	0.20313572883605957	1->17->3->7->14->12->18->13->15->16->5->20->19->10->4->8->6->9->2->11
20	38363	36513.07918269889	2177	1	0.21066594123840332	1->17->3->7->14->12->18->13->15->16->5->20->19->10->4->8->6->9->2->11
20	38363	36513.07918269889	2177	1	0.20313549041748047	1->17->3->7->14->12->18->13->15->16->5->20->19->10->4->8->6->9->2->11
20	38363	36513.07918269889	2177	1	0.1875019073486328	1->17->3->7->14->12->18->13->15->16->5->20->19->10->4->8->6->9->2->11
20	41780	36513.07918269889	1408	0	0.10586190223693848	1	
20	41780	36513.07918269889	639	0	0.11262202262878418	1	
20	41780	36513.07918269889	1535	0	0.1034553050994873	1	
20	41780	36513.07918269889	519	0	0.10512757301330566	1	
20	41780	36513.07918269889	1441	0	0.10430169105529785	1	
20	41780	36513.07918269889	1363	0	0.10938191413879395	1	
20	41780	36513.07918269889	1169	0	0.1007089614868164	1	
20	41780	36513.07918269889	1288	0	0.10059428215026855	1	
20	41780	36513.07918269889	1197	0	0.10136532783508301	1	
20	41780	36513.07918269889	1159	0	0.10162210464477539	1	
20	41780	36513.07918269889	1441	0	0.10084724426269531	1	
20	41780	36513.07918269889	1512	0	0.1016993522644043	1	
20	41780	36513.07918269889	1491	0	0.11352276802062988	1	
20	41780	36513.07918269889	1452	0	0.11533308029174805	1	
20	41780	36513.07918269889	1419	0	0.11351823806762695	1	
20	41780	36513.07918269889	1363	0	0.10938072204589844	1	
20	41780	36513.07918269889	1386	0	0.10938191413879395	1	
20	41780	36513.07918269889	1545	0	0.10938191413879395	1	
20	41780	36513.07918269889	1482	0	0.10938024520874023	1	
20	41780	36513.07918269889	1051	0	0.1000664234161377	1	
20	41780	36513.07918269889	1277	0	0.10938024520874023	1	
20	41780	36513.07918269889	1397	0	0.10938167572021484	1	
20	41780	36513.07918269889	1255	0	0.10938000679016113	1	
20	41780	36513.07918269889	1245	0	0.10938119888305664	1	
20	41780	36513.07918269889	1374	0	0.10838079452514648	1	
20	41780	36513.07918269889	1386	0	0.10938072204589844	1	
20	41780	36513.07918269889	1482	0	0.11033105850219727	1	
20	41780	36513.07918269889	1419	0	0.10703921318054199	1	
20	41780	36513.07918269889	1011	0	0.10000443458557129	1	
20	41780	36513.07918269889	1657	0	0.1144709587097168	1	
20	41780	36513.07918269889	1512	0	0.10938262939453125	1	
20	41780	36513.07918269889	1266	0	0.10903525352478027	1	
20	41780	36513.07918269889	1524	0	0.10938167572021484	1	
20	41780	36513.07918269889	1462	0	0.10848045349121094	1	
20	38363	36513.07918269889	2177	1	0.21514177322387695	1->17->3->7->14->12->18->13->15->16->5->20->19->10->4->8->6->9->2->11
20	38363	36513.07918269889	2177	1	0.20813989639282227	1->17->3->7->14->12->18->13->15->16->5->20->19->10->4->8->6->9->2->11
20	38363	36513.07918269889	2177	1	0.20313668251037598	1->17->3->7->14->12->18->13->15->16->5->20->19->10->4->8->6->9->2->11
20	38363	36513.07918269889	2177	1	0.20313549041748047	1->17->3->7->14->12->18->13->15->16->5->20->19->10->4->8->6->9->2->11
20	38363	36513.07918269889	2177	1	0.19913434982299805	1->17->3->7->14->12->18->13->15->16->5->20->19->10->4->8->6->9->2->11
20	38363	36513.07918269889	2177	1	0.21814513206481934	1->17->3->7->14->12->18->13->15->16->5->20->19->10->4->8->6->9->2->11
20	8975	8770.74508732263	2122	1	0.26517462730407715	1->13->3->12->7->2->6->9->18->15->17->16->20->19->11->5->8->10->14->4
20	8975	8770.74508732263	2122	1	0.30320191383361816	1->13->3->12->7->2->6->9->18->15->17->16->20->19->11->5->8->10->14->4
