20	26518	25813.478979772022	231	2	0.06935310363769531	1->12->17->4->8->10->9->7->13->14->11->20->16->2->18->6->15->5->3->19
20	26518	25813.478979772022	231	2	0.06250357627868652	1->12->17->4->8->10->9->7->13->14->11->20->16->2->18->6->15->5->3->19
20	26518	25813.478979772022	231	2	0.06250286102294922	1->12->17->4->8->10->9->7->13->14->11->20->16->2->18->6->15->5->3->19
20	26518	25813.478979772022	231	2	0.06062889099121094	1->12->17->4->8->10->9->7->13->14->11->20->16->2->18->6->15->5->3->19
20	26518	25813.478979772022	231	2	0.0579524040222168	1->12->17->4->8->10->9->7->13->14->11->20->16->2->18->6->15->5->3->19
20	26518	25813.478979772022	231	2	0.06250333786010742	1->12->17->4->8->10->9->7->13->14->11->20->16->2->18->6->15->5->3->19
20	26970	25813.478979772022	137	0	0.11220073699951172	1	
20	26970	25813.478979772022	119	0	0.1085195541381836	1	
20	26518	25813.478979772022	231	2	0.07038378715515137	1->12->17->4->8->10->9->7->13->14->11->20->16->2->18->6->15->5->3->19
20	26518	25813.478979772022	231	2	0.066314697265625	1->12->17->4->8->10->9->7->13->14->11->20->16->2->18->6->15->5->3->19
20	26518	25813.478979772022	231	2	0.06250309944152832	1->12->17->4->8->10->9->7->13->14->11->20->16->2->18->6->15->5->3->19
20	26518	25813.478979772022	231	2	0.06250143051147461	1->12->17->4->8->10->9->7->13->14->11->20->16->2->18->6->15->5->3->19
20	26518	25813.478979772022	231	2	0.0697474479675293	1->12->17->4->8->10->9->7->13->14->11->20->16->2->18->6->15->5->3->19
20	26518	25813.478979772022	231	2	0.06250500679016113	1->12->17->4->8->10->9->7->13->14->11->20->16->2->18->6->15->5->3->19
20	26518	25813.478979772022	231	2	0.07863521575927734	1->12->17->4->8->10->9->7->13->14->11->20->16->2->18->6->15->5->3->19
20	26518	25813.478979772022	231	2	0.07143068313598633	1->12->17->4->8->10->9->7->13->14->11->20->16->2->18->6->15->5->3->19
20	26518	25813.478979772022	231	2	0.06560254096984863	1->12->17->4->8->10->9->7->13->14->11->20->16->2->18->6->15->5->3->19
20	26518	25813.478979772022	231	2	0.06813597679138184	1->12->17->4->8->10->9->7->13->14->11->20->16->2->18->6->15->5->3->19
20	26518	25813.478979772022	231	2	0.06250667572021484	1->12->17->4->8->10->9->7->13->14->11->20->16->2->18->6->15->5->3->19
20	26518	25813.478979772022	231	2	0.06250452995300293	1->12->17->4->8->10->9->7->13->14->11->20->16->2->18->6->15->5->3->19
20	26518	25813.478979772022	231	2	0.059545040130615234	1->12->17->4->8->10->9->7->13->14->11->20->16->2->18->6->15->5->3->19
20	26518	25813.478979772022	231	2	0.05736684799194336	1->12->17->4->8->10->9->7->13->14->11->20->16->2->18->6->15->5->3->19
20	26518	25813.478979772022	231	2	0.06250262260437012	1->12->17->4->8->10->9->7->13->14->11->20->16->2->18->6->15->5->3->19
20	26518	25813.478979772022	231	2	0.0690159797668457	1->12->17->4->8->10->9->7->13->14->11->20->16->2->18->6->15->5->3->19
20	26518	25813.478979772022	231	2	0.06250238418579102	1->12->17->4->8->10->9->7->13->14->11->20->16->2->18->6->15->5->3->19
20	26518	25813.478979772022	231	2	0.0625007152557373	1->12->17->4->8->10->9->7->13->14->11->20->16->2->18->6->15->5->3->19
20	26518	25813.478979772022	231	2	0.07812809944152832	1->12->17->4->8->10->9->7->13->14->11->20->16->2->18->6->15->5->3->19
20	26518	25813.478979772022	231	2	0.06250262260437012	1->12->17->4->8->10->9->7->13->14->11->20->16->2->18->6->15->5->3->19
20	26970	25813.478979772022	165	0	0.10937905311584473	1	
20	26518	25813.478979772022	231	2	0.06250429153442383	1->12->17->4->8->10->9->7->13->14->11->20->16->2->18->6->15->5->3->19
20	26518	25813.478979772022	231	2	0.07514047622680664	1->12->17->4->8->10->9->7->13->14->11->20->16->2->18->6->15->5->3->19
20	26518	25813.478979772022	231	2	0.059978485107421875	1->12->17->4->8->10->9->7->13->14->11->20->16->2->18->6->15->5->3->19
20	26518	25813.478979772022	231	2	0.07812857627868652	1->12->17->4->8->10->9->7->13->14->11->20->16->2->18->6->15->5->3->19
20	26518	25813.478979772022	231	2	0.06250309944152832	1->12->17->4->8->10->9->7->13->14->11->20->16->2->18->6->15->5->3->19
20	26518	25813.478979772022	231	2	0.06250262260437012	1->12->17->4->8->10->9->7->13->14->11->20->16->2->18->6->15->5->3->19
20	26518	25813.478979772022	231	2	0.07695293426513672	1->12->17->4->8->10->9->7->13->14->11->20->16->2->18->6->15->5->3->19
20	26518	25813.478979772022	231	2	0.05809974670410156	1->12->17->4->8->10->9->7->13->14->11->20->16->2->18->6->15->5->3->19
20	26518	25813.478979772022	231	2	0.06250119209289551	1->12->17->4->8->10->9->7->13->14->11->20->16->2->18->6->15->5->3->19
20	26518	25813.478979772022	231	2	0.06250309944152832	1->12->17->4->8->10->9->7->13->14->11->20->16->2->18->6->15->5->3->19
20	26518	25813.478979772022	231	2	0.06250333786010742	1->12->17->4->8->10->9->7->13->14->11->20->16->2->18->6->15->5->3->19
20	26518	25813.478979772022	231	2	0.06404352188110352	1->12->17->4->8->10->9->7->13->14->11->20->16->2->18->6->15->5->3->19
20	7432	7248.094778096055	2984	1	0.3092067241668701	1->12->4->10->17->8->9->7->6->18->14->20->11->15->5->3->16->2->13->19
