20	45062	43880.30375440689	396	2	0.031250715255737305	11->2->4->7->5->13->15->16->19->18->6->12->17->14->10->20->8->3->9->1
20	45062	43880.30375440689	396	2	0.031250715255737305	11->2->4->7->5->13->15->16->19->18->6->12->17->14->10->20->8->3->9->1
20	45062	43880.30375440689	396	2	0.0312504768371582	11->2->4->7->5->13->15->16->19->18->6->12->17->14->10->20->8->3->9->1
20	45062	43880.30375440689	396	2	0.031249284744262695	11->2->4->7->5->13->15->16->19->18->6->12->17->14->10->20->8->3->9->1
20	45062	43880.30375440689	396	2	0.031250715255737305	11->2->4->7->5->13->15->16->19->18->6->12->17->14->10->20->8->3->9->1
20	45062	43880.30375440689	396	2	0.015625476837158203	11->2->4->7->5->13->15->16->19->18->6->12->17->14->10->20->8->3->9->1
20	45062	43880.30375440689	396	2	0.0845344066619873	11->2->4->7->5->13->15->16->19->18->6->12->17->14->10->20->8->3->9->1
20	45062	43880.30375440689	396	2	0.030019760131835938	11->2->4->7->5->13->15->16->19->18->6->12->17->14->10->20->8->3->9->1
20	45062	43880.30375440689	396	2	0.06669998168945312	11->2->4->7->5->13->15->16->19->18->6->12->17->14->10->20->8->3->9->1
20	45062	43880.30375440689	396	2	0.03002166748046875	11->2->4->7->5->13->15->16->19->18->6->12->17->14->10->20->8->3->9->1
20	45062	43880.30375440689	396	2	0.03125	11->2->4->7->5->13->15->16->19->18->6->12->17->14->10->20->8->3->9->1
20	45062	43880.30375440689	396	2	0.032021284103393555	11->2->4->7->5->13->15->16->19->18->6->12->17->14->10->20->8->3->9->1
20	45062	43880.30375440689	396	2	0.04296135902404785	11->2->4->7->5->13->15->16->19->18->6->12->17->14->10->20->8->3->9->1
20	45062	43880.30375440689	396	2	0.03801441192626953	11->2->4->7->5->13->15->16->19->18->6->12->17->14->10->20->8->3->9->1
20	45062	43880.30375440689	396	2	0.029837608337402344	11->2->4->7->5->13->15->16->19->18->6->12->17->14->10->20->8->3->9->1
20	45062	43880.30375440689	396	2	0.03125119209289551	11->2->4->7->5->13->15->16->19->18->6->12->17->14->10->20->8->3->9->1
20	45062	43880.30375440689	396	2	0.03148055076599121	11->2->4->7->5->13->15->16->19->18->6->12->17->14->10->20->8->3->9->1
20	45062	43880.30375440689	396	2	0.027301549911499023	11->2->4->7->5->13->15->16->19->18->6->12->17->14->10->20->8->3->9->1
20	45062	43880.30375440689	396	2	0.03125	11->2->4->7->5->13->15->16->19->18->6->12->17->14->10->20->8->3->9->1
20	45062	43880.30375440689	396	2	0.031249523162841797	11->2->4->7->5->13->15->16->19->18->6->12->17->14->10->20->8->3->9->1
20	45062	43880.30375440689	396	2	0.03125333786010742	11->2->4->7->5->13->15->16->19->18->6->12->17->14->10->20->8->3->9->1
20	45062	43880.30375440689	396	2	0.03125262260437012	11->2->4->7->5->13->15->16->19->18->6->12->17->14->10->20->8->3->9->1
20	45062	43880.30375440689	396	2	0.04726409912109375	11->2->4->7->5->13->15->16->19->18->6->12->17->14->10->20->8->3->9->1
20	45062	43880.30375440689	396	2	0.031250953674316406	11->2->4->7->5->13->15->16->19->18->6->12->17->14->10->20->8->3->9->1
20	45062	43880.30375440689	396	2	0.0310208797454834	11->2->4->7->5->13->15->16->19->18->6->12->17->14->10->20->8->3->9->1
20	45062	43880.30375440689	396	2	0.046885013580322266	11->2->4->7->5->13->15->16->19->18->6->12->17->14->10->20->8->3->9->1
20	45062	43880.30375440689	396	2	0.03125119209289551	11->2->4->7->5->13->15->16->19->18->6->12->17->14->10->20->8->3->9->1
20	45062	43880.30375440689	396	2	0.03125166893005371	11->2->4->7->5->13->15->16->19->18->6->12->17->14->10->20->8->3->9->1
20	45062	43880.30375440689	396	2	0.03125166893005371	11->2->4->7->5->13->15->16->19->18->6->12->17->14->10->20->8->3->9->1
20	45062	43880.30375440689	396	2	0.031252384185791016	11->2->4->7->5->13->15->16->19->18->6->12->17->14->10->20->8->3->9->1
20	45062	43880.30375440689	396	2	0.031250715255737305	11->2->4->7->5->13->15->16->19->18->6->12->17->14->10->20->8->3->9->1
20	45062	43880.30375440689	396	2	0.03125286102294922	11->2->4->7->5->13->15->16->19->18->6->12->17->14->10->20->8->3->9->1
20	45062	43880.30375440689	396	2	0.031250953674316406	11->2->4->7->5->13->15->16->19->18->6->12->17->14->10->20->8->3->9->1
20	45062	43880.30375440689	396	2	0.029784202575683594	11->2->4->7->5->13->15->16->19->18->6->12->17->14->10->20->8->3->9->1
20	45062	43880.30375440689	396	2	0.031250953674316406	11->2->4->7->5->13->15->16->19->18->6->12->17->14->10->20->8->3->9->1
20	45062	43880.30375440689	396	2	0.03125333786010742	11->2->4->7->5->13->15->16->19->18->6->12->17->14->10->20->8->3->9->1
20	45062	43880.30375440689	396	2	0.03125262260437012	11->2->4->7->5->13->15->16->19->18->6->12->17->14->10->20->8->3->9->1
20	45062	43880.30375440689	396	2	0.031252145767211914	11->2->4->7->5->13->15->16->19->18->6->12->17->14->10->20->8->3->9->1
20	45062	43880.30375440689	396	2	0.031252145767211914	11->2->4->7->5->13->15->16->19->18->6->12->17->14->10->20->8->3->9->1
20	45062	43880.30375440689	396	2	0.031250715255737305	11->2->4->7->5->13->15->16->19->18->6->12->17->14->10->20->8->3->9->1
20	45062	43880.30375440689	396	2	0.03102278709411621	11->2->4->7->5->13->15->16->19->18->6->12->17->14->10->20->8->3->9->1
20	45062	43880.30375440689	396	2	0.0312497615814209	11->2->4->7->5->13->15->16->19->18->6->12->17->14->10->20->8->3->9->1
20	45062	43880.30375440689	396	2	0.03125333786010742	11->2->4->7->5->13->15->16->19->18->6->12->17->14->10->20->8->3->9->1
20	45062	43880.30375440689	396	2	0.02901911735534668	11->2->4->7->5->13->15->16->19->18->6->12->17->14->10->20->8->3->9->1
20	45062	43880.30375440689	396	2	0.03902554512023926	11->2->4->7->5->13->15->16->19->18->6->12->17->14->10->20->8->3->9->1
20	8988	8807.554196160381	248	2	0.026018381118774414	1->2->11->7->5->10->13->4->16->19->18->12->14->15->6->17->20->8->3->9
20	8988	8807.554196160381	248	2	0.031016826629638672	1->2->11->7->5->10->13->4->16->19->18->12->14->15->6->17->20->8->3->9
