20	42758	41719.47086132261	338	1	0.09820127487182617	1->4->8->13->5->6->9->15->18->7->10->2->14->11->20->19->3->17->16->12
20	42758	41719.47086132261	338	1	0.09375572204589844	1->4->8->13->5->6->9->15->18->7->10->2->14->11->20->19->3->17->16->12
20	42758	41719.47086132261	338	1	0.09375500679016113	1->4->8->13->5->6->9->15->18->7->10->2->14->11->20->19->3->17->16->12
20	42758	41719.47086132261	338	1	0.09342646598815918	1->4->8->13->5->6->9->15->18->7->10->2->14->11->20->19->3->17->16->12
20	42758	41719.47086132261	338	1	0.07796025276184082	1->4->8->13->5->6->9->15->18->7->10->2->14->11->20->19->3->17->16->12
20	42918	41719.47086132261	333	0	0.10093140602111816	1	
20	42918	41719.47086132261	158	0	0.11191153526306152	1	
20	42918	41719.47086132261	121	0	0.10037732124328613	1	
20	42758	41719.47086132261	338	1	0.08287167549133301	1->4->8->13->5->6->9->15->18->7->10->2->14->11->20->19->3->17->16->12
20	42758	41719.47086132261	338	1	0.0902562141418457	1->4->8->13->5->6->9->15->18->7->10->2->14->11->20->19->3->17->16->12
20	42758	41719.47086132261	338	1	0.09375405311584473	1->4->8->13->5->6->9->15->18->7->10->2->14->11->20->19->3->17->16->12
20	42918	41719.47086132261	333	0	0.10075092315673828	1	
20	42758	41719.47086132261	338	1	0.09232711791992188	1->4->8->13->5->6->9->15->18->7->10->2->14->11->20->19->3->17->16->12
20	42758	41719.47086132261	338	1	0.08951377868652344	1->4->8->13->5->6->9->15->18->7->10->2->14->11->20->19->3->17->16->12
20	42758	41719.47086132261	338	1	0.0841212272644043	1->4->8->13->5->6->9->15->18->7->10->2->14->11->20->19->3->17->16->12
20	42758	41719.47086132261	338	1	0.09949302673339844	1->4->8->13->5->6->9->15->18->7->10->2->14->11->20->19->3->17->16->12
20	42758	41719.47086132261	338	1	0.10272884368896484	1	
20	42758	41719.47086132261	338	1	0.09137439727783203	1->4->8->13->5->6->9->15->18->7->10->2->14->11->20->19->3->17->16->12
20	42758	41719.47086132261	338	1	0.09052634239196777	1->4->8->13->5->6->9->15->18->7->10->2->14->11->20->19->3->17->16->12
20	42758	41719.47086132261	338	1	0.09375476837158203	1->4->8->13->5->6->9->15->18->7->10->2->14->11->20->19->3->17->16->12
20	42758	41719.47086132261	338	1	0.09375405311584473	1->4->8->13->5->6->9->15->18->7->10->2->14->11->20->19->3->17->16->12
20	42758	41719.47086132261	338	1	0.09375476837158203	1->4->8->13->5->6->9->15->18->7->10->2->14->11->20->19->3->17->16->12
20	42758	41719.47086132261	338	1	0.09375309944152832	1->4->8->13->5->6->9->15->18->7->10->2->14->11->20->19->3->17->16->12
20	42918	41719.47086132261	313	0	0.10016489028930664	1	
20	42758	41719.47086132261	338	1	0.09163522720336914	1->4->8->13->5->6->9->15->18->7->10->2->14->11->20->19->3->17->16->12
20	42918	41719.47086132261	334	0	0.10370635986328125	1	
20	42758	41719.47086132261	338	1	0.09375357627868652	1->4->8->13->5->6->9->15->18->7->10->2->14->11->20->19->3->17->16->12
20	42758	41719.47086132261	338	1	0.09375452995300293	1->4->8->13->5->6->9->15->18->7->10->2->14->11->20->19->3->17->16->12
20	42758	41719.47086132261	338	1	0.09375333786010742	1->4->8->13->5->6->9->15->18->7->10->2->14->11->20->19->3->17->16->12
20	42758	41719.47086132261	338	1	0.09375286102294922	1->4->8->13->5->6->9->15->18->7->10->2->14->11->20->19->3->17->16->12
20	42758	41719.47086132261	338	1	0.0908653736114502	1->4->8->13->5->6->9->15->18->7->10->2->14->11->20->19->3->17->16->12
20	42758	41719.47086132261	338	1	0.09375452995300293	1->4->8->13->5->6->9->15->18->7->10->2->14->11->20->19->3->17->16->12
20	42758	41719.47086132261	338	1	0.07813048362731934	1->4->8->13->5->6->9->15->18->7->10->2->14->11->20->19->3->17->16->12
20	42758	41719.47086132261	338	1	0.09375691413879395	1->4->8->13->5->6->9->15->18->7->10->2->14->11->20->19->3->17->16->12
20	42758	41719.47086132261	338	1	0.0937509536743164	1->4->8->13->5->6->9->15->18->7->10->2->14->11->20->19->3->17->16->12
20	42918	41719.47086132261	331	0	0.1008758544921875	1	
20	42758	41719.47086132261	338	1	0.09364604949951172	1->4->8->13->5->6->9->15->18->7->10->2->14->11->20->19->3->17->16->12
20	42758	41719.47086132261	338	1	0.07812786102294922	1->4->8->13->5->6->9->15->18->7->10->2->14->11->20->19->3->17->16->12
20	42758	41719.47086132261	338	1	0.09375357627868652	1->4->8->13->5->6->9->15->18->7->10->2->14->11->20->19->3->17->16->12
20	42758	41719.47086132261	338	1	0.09375286102294922	1->4->8->13->5->6->9->15->18->7->10->2->14->11->20->19->3->17->16->12
20	42758	41719.47086132261	338	1	0.09105896949768066	1->4->8->13->5->6->9->15->18->7->10->2->14->11->20->19->3->17->16->12
20	8142	7901.09641185673	3719	2	0.5133447647094727	1->8->4->13->9->6->15->19->3->5->7->10->2->11->14->20->12->17->16->18
