20	34927	34097.27097902098	361	2	0.020012855529785156	19->8->18->2->14->3->20->16->15->11->6->5->10->4->12->13->9->17->1->7
20	34927	34097.27097902098	361	2	0.032375335693359375	19->8->18->2->14->3->20->16->15->11->6->5->10->4->12->13->9->17->1->7
20	34927	34097.27097902098	361	2	0.03125119209289551	19->8->18->2->14->3->20->16->15->11->6->5->10->4->12->13->9->17->1->7
20	34927	34097.27097902098	361	2	0.015625476837158203	19->8->18->2->14->3->20->16->15->11->6->5->10->4->12->13->9->17->1->7
20	34927	34097.27097902098	361	2	0.03125143051147461	19->8->18->2->14->3->20->16->15->11->6->5->10->4->12->13->9->17->1->7
20	34927	34097.27097902098	361	2	0.015626192092895508	19->8->18->2->14->3->20->16->15->11->6->5->10->4->12->13->9->17->1->7
20	34927	34097.27097902098	361	2	0.04687786102294922	19->8->18->2->14->3->20->16->15->11->6->5->10->4->12->13->9->17->1->7
20	34927	34097.27097902098	361	2	0.04687690734863281	19->8->18->2->14->3->20->16->15->11->6->5->10->4->12->13->9->17->1->7
20	34927	34097.27097902098	361	2	0.01703166961669922	19->8->18->2->14->3->20->16->15->11->6->5->10->4->12->13->9->17->1->7
20	34927	34097.27097902098	361	2	0.03125119209289551	19->8->18->2->14->3->20->16->15->11->6->5->10->4->12->13->9->17->1->7
20	34927	34097.27097902098	361	2	0.03125143051147461	19->8->18->2->14->3->20->16->15->11->6->5->10->4->12->13->9->17->1->7
20	34927	34097.27097902098	361	2	0.0156252384185791	19->8->18->2->14->3->20->16->15->11->6->5->10->4->12->13->9->17->1->7
20	34927	34097.27097902098	361	2	0.019292831420898438	19->8->18->2->14->3->20->16->15->11->6->5->10->4->12->13->9->17->1->7
20	34927	34097.27097902098	361	2	0.02101421356201172	19->8->18->2->14->3->20->16->15->11->6->5->10->4->12->13->9->17->1->7
20	34927	34097.27097902098	361	2	0.00973963737487793	19->8->18->2->14->3->20->16->15->11->6->5->10->4->12->13->9->17->1->7
20	34927	34097.27097902098	361	2	0.015625715255737305	19->8->18->2->14->3->20->16->15->11->6->5->10->4->12->13->9->17->1->7
20	34927	34097.27097902098	361	2	0.0156252384185791	19->8->18->2->14->3->20->16->15->11->6->5->10->4->12->13->9->17->1->7
20	34927	34097.27097902098	361	2	0.01903080940246582	19->8->18->2->14->3->20->16->15->11->6->5->10->4->12->13->9->17->1->7
20	34927	34097.27097902098	361	2	0.01562666893005371	19->8->18->2->14->3->20->16->15->11->6->5->10->4->12->13->9->17->1->7
20	34927	34097.27097902098	361	2	0.01562643051147461	19->8->18->2->14->3->20->16->15->11->6->5->10->4->12->13->9->17->1->7
20	34927	34097.27097902098	361	2	0.015626907348632812	19->8->18->2->14->3->20->16->15->11->6->5->10->4->12->13->9->17->1->7
20	34927	34097.27097902098	361	2	0.01562786102294922	19->8->18->2->14->3->20->16->15->11->6->5->10->4->12->13->9->17->1->7
20	34927	34097.27097902098	361	2	0.0156252384185791	19->8->18->2->14->3->20->16->15->11->6->5->10->4->12->13->9->17->1->7
20	34927	34097.27097902098	361	2	0.01562643051147461	19->8->18->2->14->3->20->16->15->11->6->5->10->4->12->13->9->17->1->7
20	34927	34097.27097902098	361	2	0.012519359588623047	19->8->18->2->14->3->20->16->15->11->6->5->10->4->12->13->9->17->1->7
20	34927	34097.27097902098	361	2	0.031250953674316406	19->8->18->2->14->3->20->16->15->11->6->5->10->4->12->13->9->17->1->7
20	34927	34097.27097902098	361	2	0.015624046325683594	19->8->18->2->14->3->20->16->15->11->6->5->10->4->12->13->9->17->1->7
20	34927	34097.27097902098	361	2	0.015624523162841797	19->8->18->2->14->3->20->16->15->11->6->5->10->4->12->13->9->17->1->7
20	34927	34097.27097902098	361	2	0.022070646286010742	19->8->18->2->14->3->20->16->15->11->6->5->10->4->12->13->9->17->1->7
20	34927	34097.27097902098	361	2	0.031250715255737305	19->8->18->2->14->3->20->16->15->11->6->5->10->4->12->13->9->17->1->7
20	34927	34097.27097902098	361	2	0.015627622604370117	19->8->18->2->14->3->20->16->15->11->6->5->10->4->12->13->9->17->1->7
20	34927	34097.27097902098	361	2	0.015624046325683594	19->8->18->2->14->3->20->16->15->11->6->5->10->4->12->13->9->17->1->7
20	34927	34097.27097902098	361	2	0.007513523101806641	19->8->18->2->14->3->20->16->15->11->6->5->10->4->12->13->9->17->1->7
20	34927	34097.27097902098	361	2	0.015628576278686523	19->8->18->2->14->3->20->16->15->11->6->5->10->4->12->13->9->17->1->7
20	34927	34097.27097902098	361	2	0.019012451171875	19->8->18->2->14->3->20->16->15->11->6->5->10->4->12->13->9->17->1->7
20	34927	34097.27097902098	361	2	0.021013975143432617	19->8->18->2->14->3->20->16->15->11->6->5->10->4->12->13->9->17->1->7
20	34927	34097.27097902098	361	2	0.015627145767211914	19->8->18->2->14->3->20->16->15->11->6->5->10->4->12->13->9->17->1->7
20	34927	34097.27097902098	361	2	0.02489018440246582	19->8->18->2->14->3->20->16->15->11->6->5->10->4->12->13->9->17->1->7
20	34927	34097.27097902098	361	2	0.01009988784790039	19->8->18->2->14->3->20->16->15->11->6->5->10->4->12->13->9->17->1->7
20	34927	34097.27097902098	361	2	0.01562643051147461	19->8->18->2->14->3->20->16->15->11->6->5->10->4->12->13->9->17->1->7
20	34927	34097.27097902098	361	2	0.020011425018310547	19->8->18->2->14->3->20->16->15->11->6->5->10->4->12->13->9->17->1->7
20	6766	6721.583917375728	375	8	0.021013736724853516	19->8->18->2->14->3->20->12->9->15->4->6->7->17->11->13->5->10->16->1
