20	35286	34591.71019227695	712	2	0.046877384185791016	1->6->4->8->9->5->7->19->14->18->17->11->3->10->12->13->20->15->16->2
20	35286	34591.71019227695	712	2	0.06250357627868652	1->6->4->8->9->5->7->19->14->18->17->11->3->10->12->13->20->15->16->2
20	35286	34591.71019227695	712	2	0.04687690734863281	1->6->4->8->9->5->7->19->14->18->17->11->3->10->12->13->20->15->16->2
20	35286	34591.71019227695	712	2	0.04687905311584473	1->6->4->8->9->5->7->19->14->18->17->11->3->10->12->13->20->15->16->2
20	35286	34591.71019227695	712	2	0.046877384185791016	1->6->4->8->9->5->7->19->14->18->17->11->3->10->12->13->20->15->16->2
20	35286	34591.71019227695	712	2	0.04028511047363281	1->6->4->8->9->5->7->19->14->18->17->11->3->10->12->13->20->15->16->2
20	44073	34591.71019227695	606	0	0.10354781150817871	1	
20	44073	34591.71019227695	555	0	0.10020971298217773	1	
20	35286	34591.71019227695	712	2	0.04960060119628906	1->6->4->8->9->5->7->19->14->18->17->11->3->10->12->13->20->15->16->2
20	35286	34591.71019227695	712	2	0.06157684326171875	1->6->4->8->9->5->7->19->14->18->17->11->3->10->12->13->20->15->16->2
20	35286	34591.71019227695	712	2	0.054297447204589844	1->6->4->8->9->5->7->19->14->18->17->11->3->10->12->13->20->15->16->2
20	35286	34591.71019227695	712	2	0.04687666893005371	1->6->4->8->9->5->7->19->14->18->17->11->3->10->12->13->20->15->16->2
20	35286	34591.71019227695	712	2	0.046878814697265625	1->6->4->8->9->5->7->19->14->18->17->11->3->10->12->13->20->15->16->2
20	35286	34591.71019227695	712	2	0.05681467056274414	1->6->4->8->9->5->7->19->14->18->17->11->3->10->12->13->20->15->16->2
20	35286	34591.71019227695	712	2	0.046875953674316406	1->6->4->8->9->5->7->19->14->18->17->11->3->10->12->13->20->15->16->2
20	35286	34591.71019227695	712	2	0.05303692817687988	1->6->4->8->9->5->7->19->14->18->17->11->3->10->12->13->20->15->16->2
20	35286	34591.71019227695	712	2	0.06384444236755371	1->6->4->8->9->5->7->19->14->18->17->11->3->10->12->13->20->15->16->2
20	35286	34591.71019227695	712	2	0.050681352615356445	1->6->4->8->9->5->7->19->14->18->17->11->3->10->12->13->20->15->16->2
20	35286	34591.71019227695	712	2	0.04687833786010742	1->6->4->8->9->5->7->19->14->18->17->11->3->10->12->13->20->15->16->2
20	35286	34591.71019227695	712	2	0.04688262939453125	1->6->4->8->9->5->7->19->14->18->17->11->3->10->12->13->20->15->16->2
20	35286	34591.71019227695	712	2	0.04687809944152832	1->6->4->8->9->5->7->19->14->18->17->11->3->10->12->13->20->15->16->2
20	35286	34591.71019227695	712	2	0.04687643051147461	1->6->4->8->9->5->7->19->14->18->17->11->3->10->12->13->20->15->16->2
20	35286	34591.71019227695	712	2	0.06250452995300293	1->6->4->8->9->5->7->19->14->18->17->11->3->10->12->13->20->15->16->2
20	35286	34591.71019227695	712	2	0.03726601600646973	1->6->4->8->9->5->7->19->14->18->17->11->3->10->12->13->20->15->16->2
20	35286	34591.71019227695	712	2	0.06250190734863281	1->6->4->8->9->5->7->19->14->18->17->11->3->10->12->13->20->15->16->2
20	35286	34591.71019227695	712	2	0.04687643051147461	1->6->4->8->9->5->7->19->14->18->17->11->3->10->12->13->20->15->16->2
20	35286	34591.71019227695	712	2	0.06250429153442383	1->6->4->8->9->5->7->19->14->18->17->11->3->10->12->13->20->15->16->2
20	35286	34591.71019227695	712	2	0.04687619209289551	1->6->4->8->9->5->7->19->14->18->17->11->3->10->12->13->20->15->16->2
20	35286	34591.71019227695	712	2	0.05925107002258301	1->6->4->8->9->5->7->19->14->18->17->11->3->10->12->13->20->15->16->2
20	35286	34591.71019227695	712	2	0.07813096046447754	1->6->4->8->9->5->7->19->14->18->17->11->3->10->12->13->20->15->16->2
20	35286	34591.71019227695	712	2	0.06250333786010742	1->6->4->8->9->5->7->19->14->18->17->11->3->10->12->13->20->15->16->2
20	35286	34591.71019227695	712	2	0.06250166893005371	1->6->4->8->9->5->7->19->14->18->17->11->3->10->12->13->20->15->16->2
20	35286	34591.71019227695	712	2	0.046875715255737305	1->6->4->8->9->5->7->19->14->18->17->11->3->10->12->13->20->15->16->2
20	35286	34591.71019227695	712	2	0.04796123504638672	1->6->4->8->9->5->7->19->14->18->17->11->3->10->12->13->20->15->16->2
20	35286	34591.71019227695	712	2	0.046875953674316406	1->6->4->8->9->5->7->19->14->18->17->11->3->10->12->13->20->15->16->2
20	35286	34591.71019227695	712	2	0.03664803504943848	1->6->4->8->9->5->7->19->14->18->17->11->3->10->12->13->20->15->16->2
20	35286	34591.71019227695	712	2	0.04606175422668457	1->6->4->8->9->5->7->19->14->18->17->11->3->10->12->13->20->15->16->2
20	35286	34591.71019227695	712	2	0.045281171798706055	1->6->4->8->9->5->7->19->14->18->17->11->3->10->12->13->20->15->16->2
20	35286	34591.71019227695	712	2	0.0468754768371582	1->6->4->8->9->5->7->19->14->18->17->11->3->10->12->13->20->15->16->2
20	35286	34591.71019227695	712	2	0.046877384185791016	1->6->4->8->9->5->7->19->14->18->17->11->3->10->12->13->20->15->16->2
20	35286	34591.71019227695	712	2	0.052034616470336914	1->6->4->8->9->5->7->19->14->18->17->11->3->10->12->13->20->15->16->2
20	8256	7991.558548424162	470	1	0.07104730606079102	1->6->4->5->12->3->7->9->14->17->18->19->15->2->8->16->13->20->11->10
