20	35286	34171.126569001324	1401	2	0.09399771690368652	1->6->4->8->9->5->7->19->14->18->17->11->3->10->12->13->20->15->16->2
20	35286	34171.126569001324	1401	2	0.10938310623168945	1->6->4->8->9->5->7->19->14->18->17->11->3->10->12->13->20->15->16->2
20	35286	34171.126569001324	1401	2	0.10938239097595215	1->6->4->8->9->5->7->19->14->18->17->11->3->10->12->13->20->15->16->2
20	35286	34171.126569001324	1401	2	0.10938048362731934	1->6->4->8->9->5->7->19->14->18->17->11->3->10->12->13->20->15->16->2
20	35286	34171.126569001324	1401	2	0.09375548362731934	1->6->4->8->9->5->7->19->14->18->17->11->3->10->12->13->20->15->16->2
20	35286	34171.126569001324	1401	2	0.09550905227661133	1->6->4->8->9->5->7->19->14->18->17->11->3->10->12->13->20->15->16->2
20	44073	34171.126569001324	703	0	0.11277031898498535	1	
20	35286	34171.126569001324	1401	2	0.10043001174926758	1	
20	44073	34171.126569001324	605	0	0.1014566421508789	1	
20	35286	34171.126569001324	1401	2	0.09375691413879395	1->6->4->8->9->5->7->19->14->18->17->11->3->10->12->13->20->15->16->2
20	35286	34171.126569001324	1401	2	0.10037016868591309	1	
20	35286	34171.126569001324	1401	2	0.1138615608215332	1	
20	35286	34171.126569001324	1401	2	0.10079622268676758	1	
20	35286	34171.126569001324	1401	2	0.10984134674072266	1	
20	35286	34171.126569001324	1401	2	0.11319136619567871	1	
20	35286	34171.126569001324	1401	2	0.10051846504211426	1	
20	35286	34171.126569001324	1401	2	0.10018420219421387	1	
20	35286	34171.126569001324	1401	2	0.10059928894042969	1	
20	35286	34171.126569001324	1401	2	0.10074257850646973	1	
20	35286	34171.126569001324	1401	2	0.10938310623168945	1	
20	35286	34171.126569001324	1401	2	0.10938096046447754	1	
20	35286	34171.126569001324	1401	2	0.09375619888305664	1->6->4->8->9->5->7->19->14->18->17->11->3->10->12->13->20->15->16->2
20	35286	34171.126569001324	1401	2	0.09783673286437988	1->6->4->8->9->5->7->19->14->18->17->11->3->10->12->13->20->15->16->2
20	35286	34171.126569001324	1401	2	0.10937976837158203	1	
20	35286	34171.126569001324	1401	2	0.1000669002532959	1	
20	35286	34171.126569001324	1401	2	0.10938072204589844	1	
20	35286	34171.126569001324	1401	2	0.11021232604980469	1	
20	35286	34171.126569001324	1401	2	0.10937929153442383	1	
20	35286	34171.126569001324	1401	2	0.10937952995300293	1	
20	35286	34171.126569001324	1401	2	0.10938167572021484	1	
20	35286	34171.126569001324	1401	2	0.09375476837158203	1->6->4->8->9->5->7->19->14->18->17->11->3->10->12->13->20->15->16->2
20	35286	34171.126569001324	1401	2	0.10938048362731934	1	
20	35286	34171.126569001324	1401	2	0.09375572204589844	1->6->4->8->9->5->7->19->14->18->17->11->3->10->12->13->20->15->16->2
20	35286	34171.126569001324	1401	2	0.10938072204589844	1	
20	35286	34171.126569001324	1401	2	0.10938119888305664	1	
20	35286	34171.126569001324	1401	2	0.10031580924987793	1	
20	35286	34171.126569001324	1401	2	0.11232662200927734	1	
20	35286	34171.126569001324	1401	2	0.09375524520874023	1->6->4->8->9->5->7->19->14->18->17->11->3->10->12->13->20->15->16->2
20	35286	34171.126569001324	1401	2	0.09375476837158203	1->6->4->8->9->5->7->19->14->18->17->11->3->10->12->13->20->15->16->2
20	35286	34171.126569001324	1401	2	0.10024833679199219	1->6->4->8->9->5->7->19->14->18->17->11->3->10->12->13->20->15->16->2
20	35286	34171.126569001324	1401	2	0.11007428169250488	1->6->4->8->9->5->7->19->14->18->17->11->3->10->12->13->20->15->16->2
20	35286	34171.126569001324	1401	2	0.10937905311584473	1->6->4->8->9->5->7->19->14->18->17->11->3->10->12->13->20->15->16->2
20	35286	34171.126569001324	1401	2	0.10938119888305664	1->6->4->8->9->5->7->19->14->18->17->11->3->10->12->13->20->15->16->2
20	35286	34171.126569001324	1401	2	0.1070713996887207	1->6->4->8->9->5->7->19->14->18->17->11->3->10->12->13->20->15->16->2
20	35286	34171.126569001324	1401	2	0.11307454109191895	1->6->4->8->9->5->7->19->14->18->17->11->3->10->12->13->20->15->16->2
20	8256	7944.04771965332	783	1	0.11707758903503418	1->6->4->5->12->3->7->9->14->17->18->19->15->2->8->16->13->20->11->10
20	8256	7944.04771965332	783	1	0.12908673286437988	1->6->4->5->12->3->7->9->14->17->18->19->15->2->8->16->13->20->11->10
