20	39922	39397.20053814134	171	1	0.03125810623168945	1->2->11->9->6->18->3->20->10->13->8->14->15->7->19->4->16->5->17->12
20	39922	39397.20053814134	171	1	0.028326988220214844	1->2->11->9->6->18->3->20->10->13->8->14->15->7->19->4->16->5->17->12
20	39922	39397.20053814134	171	1	0.0312497615814209	1->2->11->9->6->18->3->20->10->13->8->14->15->7->19->4->16->5->17->12
20	39922	39397.20053814134	171	1	0.03125262260437012	1->2->11->9->6->18->3->20->10->13->8->14->15->7->19->4->16->5->17->12
20	39922	39397.20053814134	171	1	0.03124833106994629	1->2->11->9->6->18->3->20->10->13->8->14->15->7->19->4->16->5->17->12
20	39922	39397.20053814134	171	1	0.046413421630859375	1->2->11->9->6->18->3->20->10->13->8->14->15->7->19->4->16->5->17->12
20	39922	39397.20053814134	171	1	0.07812929153442383	1->2->11->9->6->18->3->20->10->13->8->14->15->7->19->4->16->5->17->12
20	39922	39397.20053814134	171	1	0.025733470916748047	1->2->11->9->6->18->3->20->10->13->8->14->15->7->19->4->16->5->17->12
20	39922	39397.20053814134	171	1	0.07044267654418945	1->2->11->9->6->18->3->20->10->13->8->14->15->7->19->4->16->5->17->12
20	39922	39397.20053814134	171	1	0.0312497615814209	1->2->11->9->6->18->3->20->10->13->8->14->15->7->19->4->16->5->17->12
20	39922	39397.20053814134	171	1	0.031252145767211914	1->2->11->9->6->18->3->20->10->13->8->14->15->7->19->4->16->5->17->12
20	39922	39397.20053814134	171	1	0.03125166893005371	1->2->11->9->6->18->3->20->10->13->8->14->15->7->19->4->16->5->17->12
20	39922	39397.20053814134	171	1	0.03402376174926758	1->2->11->9->6->18->3->20->10->13->8->14->15->7->19->4->16->5->17->12
20	39922	39397.20053814134	171	1	0.031250715255737305	1->2->11->9->6->18->3->20->10->13->8->14->15->7->19->4->16->5->17->12
20	39922	39397.20053814134	171	1	0.042443037033081055	1->2->11->9->6->18->3->20->10->13->8->14->15->7->19->4->16->5->17->12
20	39922	39397.20053814134	171	1	0.031826019287109375	1->2->11->9->6->18->3->20->10->13->8->14->15->7->19->4->16->5->17->12
20	39922	39397.20053814134	171	1	0.03125309944152832	1->2->11->9->6->18->3->20->10->13->8->14->15->7->19->4->16->5->17->12
20	39922	39397.20053814134	171	1	0.022043943405151367	1->2->11->9->6->18->3->20->10->13->8->14->15->7->19->4->16->5->17->12
20	39922	39397.20053814134	171	1	0.02496170997619629	1->2->11->9->6->18->3->20->10->13->8->14->15->7->19->4->16->5->17->12
20	39922	39397.20053814134	171	1	0.03125166893005371	1->2->11->9->6->18->3->20->10->13->8->14->15->7->19->4->16->5->17->12
20	39922	39397.20053814134	171	1	0.03125166893005371	1->2->11->9->6->18->3->20->10->13->8->14->15->7->19->4->16->5->17->12
20	39922	39397.20053814134	171	1	0.03125143051147461	1->2->11->9->6->18->3->20->10->13->8->14->15->7->19->4->16->5->17->12
20	39922	39397.20053814134	171	1	0.03125	1->2->11->9->6->18->3->20->10->13->8->14->15->7->19->4->16->5->17->12
20	39922	39397.20053814134	171	1	0.03125333786010742	1->2->11->9->6->18->3->20->10->13->8->14->15->7->19->4->16->5->17->12
20	39922	39397.20053814134	171	1	0.032021522521972656	1->2->11->9->6->18->3->20->10->13->8->14->15->7->19->4->16->5->17->12
20	39922	39397.20053814134	171	1	0.03125119209289551	1->2->11->9->6->18->3->20->10->13->8->14->15->7->19->4->16->5->17->12
20	39922	39397.20053814134	171	1	0.046877145767211914	1->2->11->9->6->18->3->20->10->13->8->14->15->7->19->4->16->5->17->12
20	39922	39397.20053814134	171	1	0.03125166893005371	1->2->11->9->6->18->3->20->10->13->8->14->15->7->19->4->16->5->17->12
20	39922	39397.20053814134	171	1	0.03125262260437012	1->2->11->9->6->18->3->20->10->13->8->14->15->7->19->4->16->5->17->12
20	39922	39397.20053814134	171	1	0.031250715255737305	1->2->11->9->6->18->3->20->10->13->8->14->15->7->19->4->16->5->17->12
20	39922	39397.20053814134	171	1	0.03125190734863281	1->2->11->9->6->18->3->20->10->13->8->14->15->7->19->4->16->5->17->12
20	39922	39397.20053814134	171	1	0.03125166893005371	1->2->11->9->6->18->3->20->10->13->8->14->15->7->19->4->16->5->17->12
20	39922	39397.20053814134	171	1	0.03125190734863281	1->2->11->9->6->18->3->20->10->13->8->14->15->7->19->4->16->5->17->12
20	39922	39397.20053814134	171	1	0.03125166893005371	1->2->11->9->6->18->3->20->10->13->8->14->15->7->19->4->16->5->17->12
20	39922	39397.20053814134	171	1	0.03125	1->2->11->9->6->18->3->20->10->13->8->14->15->7->19->4->16->5->17->12
20	39922	39397.20053814134	171	1	0.03125309944152832	1->2->11->9->6->18->3->20->10->13->8->14->15->7->19->4->16->5->17->12
20	39922	39397.20053814134	171	1	0.03125166893005371	1->2->11->9->6->18->3->20->10->13->8->14->15->7->19->4->16->5->17->12
20	39922	39397.20053814134	171	1	0.03125286102294922	1->2->11->9->6->18->3->20->10->13->8->14->15->7->19->4->16->5->17->12
20	39922	39397.20053814134	171	1	0.031249046325683594	1->2->11->9->6->18->3->20->10->13->8->14->15->7->19->4->16->5->17->12
20	39922	39397.20053814134	171	1	0.03125	1->2->11->9->6->18->3->20->10->13->8->14->15->7->19->4->16->5->17->12
20	39922	39397.20053814134	171	1	0.032021284103393555	1->2->11->9->6->18->3->20->10->13->8->14->15->7->19->4->16->5->17->12
20	39922	39397.20053814134	171	1	0.031250715255737305	1->2->11->9->6->18->3->20->10->13->8->14->15->7->19->4->16->5->17->12
20	39922	39397.20053814134	171	1	0.031250715255737305	1->2->11->9->6->18->3->20->10->13->8->14->15->7->19->4->16->5->17->12
20	39922	39397.20053814134	171	1	0.03302288055419922	1->2->11->9->6->18->3->20->10->13->8->14->15->7->19->4->16->5->17->12
20	39922	39397.20053814134	171	1	0.03302192687988281	1->2->11->9->6->18->3->20->10->13->8->14->15->7->19->4->16->5->17->12
20	8763	8673.014085214712	107	2	0.02101445198059082	1->2->11->9->4->7->3->12->20->16->6->15->18->10->8->19->13->17->14->5
20	8763	8673.014085214712	107	2	0.024011611938476562	1->2->11->9->4->7->3->12->20->16->6->15->18->10->8->19->13->17->14->5
