20	42758	41305.19834145943	1978	1	0.6036744117736816	1->4->8->13->5->6->9->15->18->7->10->2->14->11->20->19->3->17->16->12
20	42758	41305.19834145943	1978	1	0.5894012451171875	1->4->8->13->5->6->9->15->18->7->10->2->14->11->20->19->3->17->16->12
20	42918	41305.19834145943	1770	0	0.5080611705780029	1	
20	42918	41305.19834145943	1769	0	0.5000264644622803	1	
20	42918	41305.19834145943	1798	0	0.5096151828765869	1	
20	42918	41305.19834145943	389	0	0.10029029846191406	1	
20	42918	41305.19834145943	89	0	0.10091471672058105	1	
20	42918	41305.19834145943	339	0	0.10027766227722168	1	
20	42918	41305.19834145943	74	0	0.10280060768127441	1	
20	42918	41305.19834145943	405	0	0.10526823997497559	1	
20	42918	41305.19834145943	370	0	0.10325384140014648	1	
20	42918	41305.19834145943	370	0	0.10938024520874023	1	
20	42918	41305.19834145943	399	0	0.10938000679016113	1	
20	42918	41305.19834145943	366	0	0.10938072204589844	1	
20	42918	41305.19834145943	343	0	0.10479211807250977	1	
20	42918	41305.19834145943	348	0	0.10026669502258301	1	
20	42918	41305.19834145943	343	0	0.10088944435119629	1	
20	42918	41305.19834145943	380	0	0.10008621215820312	1	
20	42918	41305.19834145943	337	0	0.10081362724304199	1	
20	42918	41305.19834145943	350	0	0.10937952995300293	1	
20	42918	41305.19834145943	383	0	0.10938215255737305	1	
20	42918	41305.19834145943	370	0	0.10938119888305664	1	
20	42918	41305.19834145943	391	0	0.10938310623168945	1	
20	42918	41305.19834145943	380	0	0.10937976837158203	1	
20	42918	41305.19834145943	373	0	0.1005702018737793	1	
20	42918	41305.19834145943	341	0	0.10019183158874512	1	
20	42918	41305.19834145943	394	0	0.10938119888305664	1	
20	42918	41305.19834145943	377	0	0.10938096046447754	1	
20	42918	41305.19834145943	391	0	0.10938119888305664	1	
20	42918	41305.19834145943	343	0	0.10147881507873535	1	
20	42918	41305.19834145943	366	0	0.10938048362731934	1	
20	42918	41305.19834145943	394	0	0.10938262939453125	1	
20	42918	41305.19834145943	397	0	0.10938096046447754	1	
20	42918	41305.19834145943	319	0	0.10032820701599121	1	
20	42918	41305.19834145943	448	0	0.11343789100646973	1	
20	42918	41305.19834145943	410	0	0.11293959617614746	1	
20	42918	41305.19834145943	377	0	0.10937952995300293	1	
20	42918	41305.19834145943	388	0	0.10938167572021484	1	
20	42918	41305.19834145943	363	0	0.10769438743591309	1	
20	42758	41305.19834145943	1978	1	0.6044037342071533	1->4->8->13->5->6->9->15->18->7->10->2->14->11->20->19->3->17->16->12
20	42758	41305.19834145943	1978	1	0.5781536102294922	1->4->8->13->5->6->9->15->18->7->10->2->14->11->20->19->3->17->16->12
20	42758	41305.19834145943	1978	1	0.5937826633453369	1->4->8->13->5->6->9->15->18->7->10->2->14->11->20->19->3->17->16->12
20	42758	41305.19834145943	1978	1	0.58939528465271	1->4->8->13->5->6->9->15->18->7->10->2->14->11->20->19->3->17->16->12
20	42758	41305.19834145943	1978	1	0.6134097576141357	1->4->8->13->5->6->9->15->18->7->10->2->14->11->20->19->3->17->16->12
20	8142	7794.072627510948	18990	2	5.191470384597778	1->8->4->13->9->6->15->19->3->5->7->10->2->11->14->20->12->17->16->18
