20	27723	27322.374783548392	355	1	0.06979918479919434	1->7->3->8->4->18->15->12->6->9->10->20->14->13->11->17->16->19->2->5
20	27723	27322.374783548392	355	1	0.06250381469726562	1->7->3->8->4->18->15->12->6->9->10->20->14->13->11->17->16->19->2->5
20	27723	27322.374783548392	355	1	0.07812905311584473	1->7->3->8->4->18->15->12->6->9->10->20->14->13->11->17->16->19->2->5
20	27723	27322.374783548392	355	1	0.06250190734863281	1->7->3->8->4->18->15->12->6->9->10->20->14->13->11->17->16->19->2->5
20	27723	27322.374783548392	355	1	0.07158350944519043	1->7->3->8->4->18->15->12->6->9->10->20->14->13->11->17->16->19->2->5
20	27723	27322.374783548392	355	1	0.0761408805847168	1->7->3->8->4->18->15->12->6->9->10->20->14->13->11->17->16->19->2->5
20	28141	27322.374783548392	142	0	0.10144448280334473	1	
20	28141	27322.374783548392	154	0	0.10050201416015625	1	
20	27723	27322.374783548392	355	1	0.06015634536743164	1->7->3->8->4->18->15->12->6->9->10->20->14->13->11->17->16->19->2->5
20	27723	27322.374783548392	355	1	0.06271171569824219	1->7->3->8->4->18->15->12->6->9->10->20->14->13->11->17->16->19->2->5
20	27723	27322.374783548392	355	1	0.06250452995300293	1->7->3->8->4->18->15->12->6->9->10->20->14->13->11->17->16->19->2->5
20	27723	27322.374783548392	355	1	0.07813000679016113	1->7->3->8->4->18->15->12->6->9->10->20->14->13->11->17->16->19->2->5
20	27723	27322.374783548392	355	1	0.061588287353515625	1->7->3->8->4->18->15->12->6->9->10->20->14->13->11->17->16->19->2->5
20	27723	27322.374783548392	355	1	0.06856536865234375	1->7->3->8->4->18->15->12->6->9->10->20->14->13->11->17->16->19->2->5
20	27723	27322.374783548392	355	1	0.07812905311584473	1->7->3->8->4->18->15->12->6->9->10->20->14->13->11->17->16->19->2->5
20	27723	27322.374783548392	355	1	0.07939863204956055	1->7->3->8->4->18->15->12->6->9->10->20->14->13->11->17->16->19->2->5
20	27723	27322.374783548392	355	1	0.06917119026184082	1->7->3->8->4->18->15->12->6->9->10->20->14->13->11->17->16->19->2->5
20	27723	27322.374783548392	355	1	0.0699160099029541	1->7->3->8->4->18->15->12->6->9->10->20->14->13->11->17->16->19->2->5
20	27723	27322.374783548392	355	1	0.06250262260437012	1->7->3->8->4->18->15->12->6->9->10->20->14->13->11->17->16->19->2->5
20	27723	27322.374783548392	355	1	0.06250309944152832	1->7->3->8->4->18->15->12->6->9->10->20->14->13->11->17->16->19->2->5
20	27723	27322.374783548392	355	1	0.06250357627868652	1->7->3->8->4->18->15->12->6->9->10->20->14->13->11->17->16->19->2->5
20	27723	27322.374783548392	355	1	0.06250190734863281	1->7->3->8->4->18->15->12->6->9->10->20->14->13->11->17->16->19->2->5
20	27723	27322.374783548392	355	1	0.06250262260437012	1->7->3->8->4->18->15->12->6->9->10->20->14->13->11->17->16->19->2->5
20	27723	27322.374783548392	355	1	0.06808328628540039	1->7->3->8->4->18->15->12->6->9->10->20->14->13->11->17->16->19->2->5
20	27723	27322.374783548392	355	1	0.06250524520874023	1->7->3->8->4->18->15->12->6->9->10->20->14->13->11->17->16->19->2->5
20	27723	27322.374783548392	355	1	0.06250452995300293	1->7->3->8->4->18->15->12->6->9->10->20->14->13->11->17->16->19->2->5
20	27723	27322.374783548392	355	1	0.07812976837158203	1->7->3->8->4->18->15->12->6->9->10->20->14->13->11->17->16->19->2->5
20	27723	27322.374783548392	355	1	0.06250262260437012	1->7->3->8->4->18->15->12->6->9->10->20->14->13->11->17->16->19->2->5
20	27723	27322.374783548392	355	1	0.08607935905456543	1->7->3->8->4->18->15->12->6->9->10->20->14->13->11->17->16->19->2->5
20	27723	27322.374783548392	355	1	0.07813024520874023	1->7->3->8->4->18->15->12->6->9->10->20->14->13->11->17->16->19->2->5
20	27723	27322.374783548392	355	1	0.06250214576721191	1->7->3->8->4->18->15->12->6->9->10->20->14->13->11->17->16->19->2->5
20	27723	27322.374783548392	355	1	0.06250262260437012	1->7->3->8->4->18->15->12->6->9->10->20->14->13->11->17->16->19->2->5
20	27723	27322.374783548392	355	1	0.07163834571838379	1->7->3->8->4->18->15->12->6->9->10->20->14->13->11->17->16->19->2->5
20	27723	27322.374783548392	355	1	0.0597841739654541	1->7->3->8->4->18->15->12->6->9->10->20->14->13->11->17->16->19->2->5
20	27723	27322.374783548392	355	1	0.052730560302734375	1->7->3->8->4->18->15->12->6->9->10->20->14->13->11->17->16->19->2->5
20	27723	27322.374783548392	355	1	0.06250405311584473	1->7->3->8->4->18->15->12->6->9->10->20->14->13->11->17->16->19->2->5
20	27723	27322.374783548392	355	1	0.07605767250061035	1->7->3->8->4->18->15->12->6->9->10->20->14->13->11->17->16->19->2->5
20	27723	27322.374783548392	355	1	0.058966636657714844	1->7->3->8->4->18->15->12->6->9->10->20->14->13->11->17->16->19->2->5
20	27723	27322.374783548392	355	1	0.07812905311584473	1->7->3->8->4->18->15->12->6->9->10->20->14->13->11->17->16->19->2->5
20	27723	27322.374783548392	355	1	0.06250500679016113	1->7->3->8->4->18->15->12->6->9->10->20->14->13->11->17->16->19->2->5
20	27723	27322.374783548392	355	1	0.06804704666137695	1->7->3->8->4->18->15->12->6->9->10->20->14->13->11->17->16->19->2->5
20	7962	7710.4795944972175	16655	4	4.402945280075073	1->7->5->8->17->18->6->3->12->16->9->13->20->14->10->11->4->2->19->15
