20	36966	35882.11012308288	209	1	0.009254217147827148	3->18->16->10->8->11->15->20->9->17->12->5->13->4->2->14->7->1->6->19
20	36966	35882.11012308288	209	1	0.015625476837158203	3->18->16->10->8->11->15->20->9->17->12->5->13->4->2->14->7->1->6->19
20	36966	35882.11012308288	209	1	0.046376705169677734	3->18->16->10->8->11->15->20->9->17->12->5->13->4->2->14->7->1->6->19
20	36966	35882.11012308288	209	1	0.015625	3->18->16->10->8->11->15->20->9->17->12->5->13->4->2->14->7->1->6->19
20	36966	35882.11012308288	209	1	0.015624523162841797	3->18->16->10->8->11->15->20->9->17->12->5->13->4->2->14->7->1->6->19
20	36966	35882.11012308288	209	1	0.015624284744262695	3->18->16->10->8->11->15->20->9->17->12->5->13->4->2->14->7->1->6->19
20	36966	35882.11012308288	209	1	0.02619147300720215	3->18->16->10->8->11->15->20->9->17->12->5->13->4->2->14->7->1->6->19
20	36966	35882.11012308288	209	1	0.011005640029907227	3->18->16->10->8->11->15->20->9->17->12->5->13->4->2->14->7->1->6->19
20	36966	35882.11012308288	209	1	0.01828622817993164	3->18->16->10->8->11->15->20->9->17->12->5->13->4->2->14->7->1->6->19
20	36966	35882.11012308288	209	1	0.015624761581420898	3->18->16->10->8->11->15->20->9->17->12->5->13->4->2->14->7->1->6->19
20	36966	35882.11012308288	209	1	0.015625953674316406	3->18->16->10->8->11->15->20->9->17->12->5->13->4->2->14->7->1->6->19
20	36966	35882.11012308288	209	1	0.0	3->18->16->10->8->11->15->20->9->17->12->5->13->4->2->14->7->1->6->19
20	36966	35882.11012308288	209	1	0.015624523162841797	3->18->16->10->8->11->15->20->9->17->12->5->13->4->2->14->7->1->6->19
20	36966	35882.11012308288	209	1	0.012007713317871094	3->18->16->10->8->11->15->20->9->17->12->5->13->4->2->14->7->1->6->19
20	36966	35882.11012308288	209	1	0.015626907348632812	3->18->16->10->8->11->15->20->9->17->12->5->13->4->2->14->7->1->6->19
20	36966	35882.11012308288	209	1	0.0156252384185791	3->18->16->10->8->11->15->20->9->17->12->5->13->4->2->14->7->1->6->19
20	36966	35882.11012308288	209	1	0.017820119857788086	3->18->16->10->8->11->15->20->9->17->12->5->13->4->2->14->7->1->6->19
20	36966	35882.11012308288	209	1	0.015625715255737305	3->18->16->10->8->11->15->20->9->17->12->5->13->4->2->14->7->1->6->19
20	36966	35882.11012308288	209	1	0.0	3->18->16->10->8->11->15->20->9->17->12->5->13->4->2->14->7->1->6->19
20	36966	35882.11012308288	209	1	0.015627622604370117	3->18->16->10->8->11->15->20->9->17->12->5->13->4->2->14->7->1->6->19
20	36966	35882.11012308288	209	1	0.011008501052856445	3->18->16->10->8->11->15->20->9->17->12->5->13->4->2->14->7->1->6->19
20	36966	35882.11012308288	209	1	0.015624046325683594	3->18->16->10->8->11->15->20->9->17->12->5->13->4->2->14->7->1->6->19
20	36966	35882.11012308288	209	1	0.0	3->18->16->10->8->11->15->20->9->17->12->5->13->4->2->14->7->1->6->19
20	36966	35882.11012308288	209	1	0.0	3->18->16->10->8->11->15->20->9->17->12->5->13->4->2->14->7->1->6->19
20	36966	35882.11012308288	209	1	0.010506629943847656	3->18->16->10->8->11->15->20->9->17->12->5->13->4->2->14->7->1->6->19
20	36966	35882.11012308288	209	1	0.015626192092895508	3->18->16->10->8->11->15->20->9->17->12->5->13->4->2->14->7->1->6->19
20	36966	35882.11012308288	209	1	0.015624284744262695	3->18->16->10->8->11->15->20->9->17->12->5->13->4->2->14->7->1->6->19
20	36966	35882.11012308288	209	1	0.015625	3->18->16->10->8->11->15->20->9->17->12->5->13->4->2->14->7->1->6->19
20	36966	35882.11012308288	209	1	0.0	3->18->16->10->8->11->15->20->9->17->12->5->13->4->2->14->7->1->6->19
20	36966	35882.11012308288	209	1	0.0	3->18->16->10->8->11->15->20->9->17->12->5->13->4->2->14->7->1->6->19
20	36966	35882.11012308288	209	1	0.0	3->18->16->10->8->11->15->20->9->17->12->5->13->4->2->14->7->1->6->19
20	36966	35882.11012308288	209	1	0.015626907348632812	3->18->16->10->8->11->15->20->9->17->12->5->13->4->2->14->7->1->6->19
20	36966	35882.11012308288	209	1	0.0	3->18->16->10->8->11->15->20->9->17->12->5->13->4->2->14->7->1->6->19
20	36966	35882.11012308288	209	1	0.015624046325683594	3->18->16->10->8->11->15->20->9->17->12->5->13->4->2->14->7->1->6->19
20	36966	35882.11012308288	209	1	0.0	3->18->16->10->8->11->15->20->9->17->12->5->13->4->2->14->7->1->6->19
20	36966	35882.11012308288	209	1	0.015625953674316406	3->18->16->10->8->11->15->20->9->17->12->5->13->4->2->14->7->1->6->19
20	36966	35882.11012308288	209	1	0.01562809944152832	3->18->16->10->8->11->15->20->9->17->12->5->13->4->2->14->7->1->6->19
20	36966	35882.11012308288	209	1	0.01562356948852539	3->18->16->10->8->11->15->20->9->17->12->5->13->4->2->14->7->1->6->19
20	36966	35882.11012308288	209	1	0.0	3->18->16->10->8->11->15->20->9->17->12->5->13->4->2->14->7->1->6->19
20	36966	35882.11012308288	209	1	0.0	3->18->16->10->8->11->15->20->9->17->12->5->13->4->2->14->7->1->6->19
20	36966	35882.11012308288	209	1	0.011007308959960938	3->18->16->10->8->11->15->20->9->17->12->5->13->4->2->14->7->1->6->19
20	36966	35882.11012308288	209	1	0.015625715255737305	3->18->16->10->8->11->15->20->9->17->12->5->13->4->2->14->7->1->6->19
20	36966	35882.11012308288	209	1	0.015625715255737305	3->18->16->10->8->11->15->20->9->17->12->5->13->4->2->14->7->1->6->19
20	36966	35882.11012308288	209	1	0.010007619857788086	3->18->16->10->8->11->15->20->9->17->12->5->13->4->2->14->7->1->6->19
20	36966	35882.11012308288	209	1	0.01100921630859375	3->18->16->10->8->11->15->20->9->17->12->5->13->4->2->14->7->1->6->19
20	7143	7111.301315789474	198	1	0.011006832122802734	3->2->16->10->8->11->20->12->14->9->4->15->19->18->17->13->6->7->1->5
20	7143	7111.301315789474	198	1	0.011005163192749023	3->2->16->10->8->11->20->12->14->9->4->15->19->18->17->13->6->7->1->5
