20	43394	42254.7438484117	1648	1	0.19488525390625	10->7->2->9->3->19->4->16->14->13->20->17->1->12->11->15->8->5->6->18
20	43394	42254.7438484117	1648	1	0.1910724639892578	10->7->2->9->3->19->4->16->14->13->20->17->1->12->11->15->8->5->6->18
20	43394	42254.7438484117	1648	1	0.20313644409179688	10->7->2->9->3->19->4->16->14->13->20->17->1->12->11->15->8->5->6->18
20	43394	42254.7438484117	1648	1	0.20313501358032227	10->7->2->9->3->19->4->16->14->13->20->17->1->12->11->15->8->5->6->18
20	43394	42254.7438484117	1648	1	0.20313334465026855	10->7->2->9->3->19->4->16->14->13->20->17->1->12->11->15->8->5->6->18
20	45236	42254.7438484117	971	0	0.1006460189819336	1	
20	45236	42254.7438484117	413	0	0.11373233795166016	1	
20	45236	42254.7438484117	401	0	0.11050844192504883	1	
20	45236	42254.7438484117	855	0	0.10323619842529297	1	
20	45236	42254.7438484117	982	0	0.11278390884399414	1	
20	45236	42254.7438484117	930	0	0.10004425048828125	1	
20	45236	42254.7438484117	924	0	0.10046148300170898	1	
20	45236	42254.7438484117	982	0	0.10078907012939453	1	
20	45236	42254.7438484117	880	0	0.1000363826751709	1	
20	45236	42254.7438484117	945	0	0.10344767570495605	1	
20	45236	42254.7438484117	924	0	0.10938072204589844	1	
20	45236	42254.7438484117	930	0	0.10067296028137207	1	
20	45236	42254.7438484117	971	0	0.10937976837158203	1	
20	45236	42254.7438484117	958	0	0.10459733009338379	1	
20	45236	42254.7438484117	958	0	0.10937833786010742	1	
20	45236	42254.7438484117	863	0	0.10069561004638672	1	
20	45236	42254.7438484117	1020	0	0.10938096046447754	1	
20	45236	42254.7438484117	1041	0	0.10938000679016113	1	
20	45236	42254.7438484117	848	0	0.10078549385070801	1	
20	45236	42254.7438484117	1003	0	0.10938119888305664	1	
20	45236	42254.7438484117	951	0	0.10938143730163574	1	
20	45236	42254.7438484117	987	0	0.10938215255737305	1	
20	45236	42254.7438484117	886	0	0.10937952995300293	1	
20	45236	42254.7438484117	763	0	0.10029006004333496	1	
20	45236	42254.7438484117	1014	0	0.10938024520874023	1	
20	45236	42254.7438484117	1008	0	0.10937857627868652	1	
20	45236	42254.7438484117	976	0	0.10938000679016113	1	
20	45236	42254.7438484117	886	0	0.10938262939453125	1	
20	45236	42254.7438484117	958	0	0.10938215255737305	1	
20	45236	42254.7438484117	958	0	0.10747289657592773	1	
20	45236	42254.7438484117	965	0	0.10336589813232422	1	
20	45236	42254.7438484117	886	0	0.10614657402038574	1	
20	45236	42254.7438484117	872	0	0.10047698020935059	1	
20	43394	42254.7438484117	1648	1	0.19465041160583496	10->7->2->9->3->19->4->16->14->13->20->17->1->12->11->15->8->5->6->18
20	43394	42254.7438484117	1648	1	0.20313477516174316	10->7->2->9->3->19->4->16->14->13->20->17->1->12->11->15->8->5->6->18
20	43394	42254.7438484117	1648	1	0.19713354110717773	10->7->2->9->3->19->4->16->14->13->20->17->1->12->11->15->8->5->6->18
20	9068	8821.75921880277	658	2	0.048032522201538086	6->7->2->9->15->4->19->8->16->14->3->13->18->10->20->12->5->1->11->17
