20	38664	37055.02674415796	2943	1	0.25865697860717773	3->6->2->12->17->4->10->18->11->19->20->15->9->14->8->7->16->13->5->1
20	38664	37055.02674415796	2943	1	0.26433444023132324	3->6->2->12->17->4->10->18->11->19->20->15->9->14->8->7->16->13->5->1
20	38664	37055.02674415796	2943	1	0.2874753475189209	3->6->2->12->17->4->10->18->11->19->20->15->9->14->8->7->16->13->5->1
20	38664	37055.02674415796	2943	1	0.2589075565338135	3->6->2->12->17->4->10->18->11->19->20->15->9->14->8->7->16->13->5->1
20	38664	37055.02674415796	2943	1	0.2500131130218506	3->6->2->12->17->4->10->18->11->19->20->15->9->14->8->7->16->13->5->1
20	44930	37055.02674415796	1759	0	0.10553550720214844	1	
20	44930	37055.02674415796	718	0	0.11466836929321289	1	
20	44930	37055.02674415796	1583	0	0.10084199905395508	1	
20	44930	37055.02674415796	606	0	0.11256122589111328	1	
20	44930	37055.02674415796	1927	0	0.11102151870727539	1	
20	44930	37055.02674415796	1634	0	0.10916709899902344	1	
20	44930	37055.02674415796	1739	0	0.11494135856628418	1	
20	44930	37055.02674415796	1768	0	0.1091306209564209	1	
20	44930	37055.02674415796	1867	0	0.10938143730163574	1	
20	44930	37055.02674415796	1498	0	0.10002636909484863	1	
20	44930	37055.02674415796	1821	0	0.1053769588470459	1	
20	44930	37055.02674415796	1410	0	0.11252689361572266	1	
20	44930	37055.02674415796	1811	0	0.10866284370422363	1	
20	44930	37055.02674415796	1528	0	0.10030794143676758	1	
20	44930	37055.02674415796	1739	0	0.1061561107635498	1	
20	44930	37055.02674415796	1759	0	0.1155397891998291	1	
20	44930	37055.02674415796	1566	0	0.1007697582244873	1	
20	44930	37055.02674415796	1832	0	0.10938119888305664	1	
20	44930	37055.02674415796	1907	0	0.11425518989562988	1	
20	44930	37055.02674415796	1610	0	0.1000680923461914	1	
20	44930	37055.02674415796	1368	0	0.10938000679016113	1	
20	44930	37055.02674415796	1768	0	0.10938215255737305	1	
20	44930	37055.02674415796	1538	0	0.10012531280517578	1	
20	44930	37055.02674415796	1739	0	0.10938119888305664	1	
20	44930	37055.02674415796	1583	0	0.10028314590454102	1	
20	44930	37055.02674415796	1768	0	0.10895228385925293	1	
20	44930	37055.02674415796	1986	0	0.11542248725891113	1	
20	44930	37055.02674415796	1351	0	0.1021425724029541	1	
20	44930	37055.02674415796	739	0	0.10940694808959961	1	
20	44930	37055.02674415796	2096	0	0.11486458778381348	1	
20	44930	37055.02674415796	1841	0	0.10938191413879395	1	
20	44930	37055.02674415796	1498	0	0.10262799263000488	1	
20	44930	37055.02674415796	1857	0	0.10520005226135254	1	
20	44930	37055.02674415796	1436	0	0.10390090942382812	1	
20	38664	37055.02674415796	2943	1	0.26674675941467285	3->6->2->12->17->4->10->18->11->19->20->15->9->14->8->7->16->13->5->1
20	38664	37055.02674415796	2943	1	0.2661781311035156	3->6->2->12->17->4->10->18->11->19->20->15->9->14->8->7->16->13->5->1
20	38664	37055.02674415796	2943	1	0.2656378746032715	3->6->2->12->17->4->10->18->11->19->20->15->9->14->8->7->16->13->5->1
20	38664	37055.02674415796	2943	1	0.2812638282775879	3->6->2->12->17->4->10->18->11->19->20->15->9->14->8->7->16->13->5->1
20	38664	37055.02674415796	2943	1	0.2551705837249756	3->6->2->12->17->4->10->18->11->19->20->15->9->14->8->7->16->13->5->1
20	38664	37055.02674415796	2943	1	0.288191556930542	3->6->2->12->17->4->10->18->11->19->20->15->9->14->8->7->16->13->5->1
20	7943	7534.588760115346	393	1	0.03302264213562012	3->6->5->17->19->2->9->10->8->18->11->20->4->12->7->13->14->16->15->1
20	7943	7534.588760115346	393	1	0.03702402114868164	3->6->5->17->19->2->9->10->8->18->11->20->4->12->7->13->14->16->15->1
