20	53974	51636.37928248666	641	1	0.046878814697265625	5->2->8->7->4->9->14->11->12->18->19->13->15->6->10->16->17->3->20->1
20	53974	51636.37928248666	641	1	0.04687643051147461	5->2->8->7->4->9->14->11->12->18->19->13->15->6->10->16->17->3->20->1
20	53974	51636.37928248666	641	1	0.06250548362731934	5->2->8->7->4->9->14->11->12->18->19->13->15->6->10->16->17->3->20->1
20	53974	51636.37928248666	641	1	0.04243159294128418	5->2->8->7->4->9->14->11->12->18->19->13->15->6->10->16->17->3->20->1
20	53974	51636.37928248666	641	1	0.05898404121398926	5->2->8->7->4->9->14->11->12->18->19->13->15->6->10->16->17->3->20->1
20	53974	51636.37928248666	641	1	0.04687786102294922	5->2->8->7->4->9->14->11->12->18->19->13->15->6->10->16->17->3->20->1
20	64155	51636.37928248666	459	0	0.10344600677490234	1	
20	64155	51636.37928248666	543	0	0.10938072204589844	1	
20	53974	51636.37928248666	641	1	0.054117441177368164	5->2->8->7->4->9->14->11->12->18->19->13->15->6->10->16->17->3->20->1
20	53974	51636.37928248666	641	1	0.06801629066467285	5->2->8->7->4->9->14->11->12->18->19->13->15->6->10->16->17->3->20->1
20	53974	51636.37928248666	641	1	0.06541752815246582	5->2->8->7->4->9->14->11->12->18->19->13->15->6->10->16->17->3->20->1
20	53974	51636.37928248666	641	1	0.052587032318115234	5->2->8->7->4->9->14->11->12->18->19->13->15->6->10->16->17->3->20->1
20	53974	51636.37928248666	641	1	0.046877145767211914	5->2->8->7->4->9->14->11->12->18->19->13->15->6->10->16->17->3->20->1
20	53974	51636.37928248666	641	1	0.04910612106323242	5->2->8->7->4->9->14->11->12->18->19->13->15->6->10->16->17->3->20->1
20	53974	51636.37928248666	641	1	0.046875715255737305	5->2->8->7->4->9->14->11->12->18->19->13->15->6->10->16->17->3->20->1
20	53974	51636.37928248666	641	1	0.06321167945861816	5->2->8->7->4->9->14->11->12->18->19->13->15->6->10->16->17->3->20->1
20	53974	51636.37928248666	641	1	0.04687857627868652	5->2->8->7->4->9->14->11->12->18->19->13->15->6->10->16->17->3->20->1
20	53974	51636.37928248666	641	1	0.06250572204589844	5->2->8->7->4->9->14->11->12->18->19->13->15->6->10->16->17->3->20->1
20	53974	51636.37928248666	641	1	0.06250357627868652	5->2->8->7->4->9->14->11->12->18->19->13->15->6->10->16->17->3->20->1
20	53974	51636.37928248666	641	1	0.05430865287780762	5->2->8->7->4->9->14->11->12->18->19->13->15->6->10->16->17->3->20->1
20	53974	51636.37928248666	641	1	0.05196833610534668	5->2->8->7->4->9->14->11->12->18->19->13->15->6->10->16->17->3->20->1
20	53974	51636.37928248666	641	1	0.053432464599609375	5->2->8->7->4->9->14->11->12->18->19->13->15->6->10->16->17->3->20->1
20	53974	51636.37928248666	641	1	0.05560159683227539	5->2->8->7->4->9->14->11->12->18->19->13->15->6->10->16->17->3->20->1
20	53974	51636.37928248666	641	1	0.04165005683898926	5->2->8->7->4->9->14->11->12->18->19->13->15->6->10->16->17->3->20->1
20	53974	51636.37928248666	641	1	0.06324195861816406	5->2->8->7->4->9->14->11->12->18->19->13->15->6->10->16->17->3->20->1
20	53974	51636.37928248666	641	1	0.04688000679016113	5->2->8->7->4->9->14->11->12->18->19->13->15->6->10->16->17->3->20->1
20	53974	51636.37928248666	641	1	0.04687666893005371	5->2->8->7->4->9->14->11->12->18->19->13->15->6->10->16->17->3->20->1
20	53974	51636.37928248666	641	1	0.04687857627868652	5->2->8->7->4->9->14->11->12->18->19->13->15->6->10->16->17->3->20->1
20	53974	51636.37928248666	641	1	0.0695037841796875	5->2->8->7->4->9->14->11->12->18->19->13->15->6->10->16->17->3->20->1
20	53974	51636.37928248666	641	1	0.06250405311584473	5->2->8->7->4->9->14->11->12->18->19->13->15->6->10->16->17->3->20->1
20	53974	51636.37928248666	641	1	0.06250476837158203	5->2->8->7->4->9->14->11->12->18->19->13->15->6->10->16->17->3->20->1
20	53974	51636.37928248666	641	1	0.06250429153442383	5->2->8->7->4->9->14->11->12->18->19->13->15->6->10->16->17->3->20->1
20	53974	51636.37928248666	641	1	0.046877145767211914	5->2->8->7->4->9->14->11->12->18->19->13->15->6->10->16->17->3->20->1
20	53974	51636.37928248666	641	1	0.04687833786010742	5->2->8->7->4->9->14->11->12->18->19->13->15->6->10->16->17->3->20->1
20	53974	51636.37928248666	641	1	0.06250476837158203	5->2->8->7->4->9->14->11->12->18->19->13->15->6->10->16->17->3->20->1
20	53974	51636.37928248666	641	1	0.04687786102294922	5->2->8->7->4->9->14->11->12->18->19->13->15->6->10->16->17->3->20->1
20	53974	51636.37928248666	641	1	0.058886051177978516	5->2->8->7->4->9->14->11->12->18->19->13->15->6->10->16->17->3->20->1
20	53974	51636.37928248666	641	1	0.046877384185791016	5->2->8->7->4->9->14->11->12->18->19->13->15->6->10->16->17->3->20->1
20	53974	51636.37928248666	641	1	0.04687643051147461	5->2->8->7->4->9->14->11->12->18->19->13->15->6->10->16->17->3->20->1
20	53974	51636.37928248666	641	1	0.06250405311584473	5->2->8->7->4->9->14->11->12->18->19->13->15->6->10->16->17->3->20->1
20	53974	51636.37928248666	641	1	0.053037405014038086	5->2->8->7->4->9->14->11->12->18->19->13->15->6->10->16->17->3->20->1
20	9783	9593.157772312876	260	4	0.0310213565826416	1->8->2->3->4->7->14->17->9->12->11->19->13->15->10->20->16->18->5->6
