20	40608	39371.61413100073	158	1	0.0	1->2->7->20->9->11->8->16->13->19->3->17->12->4->10->18->14->15->5->6
20	40608	39371.61413100073	158	1	0.015627145767211914	1->2->7->20->9->11->8->16->13->19->3->17->12->4->10->18->14->15->5->6
20	40608	39371.61413100073	158	1	0.0	1->2->7->20->9->11->8->16->13->19->3->17->12->4->10->18->14->15->5->6
20	40608	39371.61413100073	158	1	0.01562786102294922	1->2->7->20->9->11->8->16->13->19->3->17->12->4->10->18->14->15->5->6
20	40608	39371.61413100073	158	1	0.015627622604370117	1->2->7->20->9->11->8->16->13->19->3->17->12->4->10->18->14->15->5->6
20	40608	39371.61413100073	158	1	0.01562666893005371	1->2->7->20->9->11->8->16->13->19->3->17->12->4->10->18->14->15->5->6
20	40608	39371.61413100073	158	1	0.044089317321777344	1->2->7->20->9->11->8->16->13->19->3->17->12->4->10->18->14->15->5->6
20	40608	39371.61413100073	158	1	0.03125262260437012	1->2->7->20->9->11->8->16->13->19->3->17->12->4->10->18->14->15->5->6
20	40608	39371.61413100073	158	1	0.02035665512084961	1->2->7->20->9->11->8->16->13->19->3->17->12->4->10->18->14->15->5->6
20	40608	39371.61413100073	158	1	0.0156252384185791	1->2->7->20->9->11->8->16->13->19->3->17->12->4->10->18->14->15->5->6
20	40608	39371.61413100073	158	1	0.015625715255737305	1->2->7->20->9->11->8->16->13->19->3->17->12->4->10->18->14->15->5->6
20	40608	39371.61413100073	158	1	0.0	1->2->7->20->9->11->8->16->13->19->3->17->12->4->10->18->14->15->5->6
20	40608	39371.61413100073	158	1	0.013009071350097656	1->2->7->20->9->11->8->16->13->19->3->17->12->4->10->18->14->15->5->6
20	40608	39371.61413100073	158	1	0.014011144638061523	1->2->7->20->9->11->8->16->13->19->3->17->12->4->10->18->14->15->5->6
20	40608	39371.61413100073	158	1	0.015627384185791016	1->2->7->20->9->11->8->16->13->19->3->17->12->4->10->18->14->15->5->6
20	40608	39371.61413100073	158	1	0.019760847091674805	1->2->7->20->9->11->8->16->13->19->3->17->12->4->10->18->14->15->5->6
20	40608	39371.61413100073	158	1	0.015625953674316406	1->2->7->20->9->11->8->16->13->19->3->17->12->4->10->18->14->15->5->6
20	40608	39371.61413100073	158	1	0.01562666893005371	1->2->7->20->9->11->8->16->13->19->3->17->12->4->10->18->14->15->5->6
20	40608	39371.61413100073	158	1	0.019701242446899414	1->2->7->20->9->11->8->16->13->19->3->17->12->4->10->18->14->15->5->6
20	40608	39371.61413100073	158	1	0.01562786102294922	1->2->7->20->9->11->8->16->13->19->3->17->12->4->10->18->14->15->5->6
20	40608	39371.61413100073	158	1	0.0	1->2->7->20->9->11->8->16->13->19->3->17->12->4->10->18->14->15->5->6
20	40608	39371.61413100073	158	1	0.0205686092376709	1->2->7->20->9->11->8->16->13->19->3->17->12->4->10->18->14->15->5->6
20	40608	39371.61413100073	158	1	0.0156252384185791	1->2->7->20->9->11->8->16->13->19->3->17->12->4->10->18->14->15->5->6
20	40608	39371.61413100073	158	1	0.012006282806396484	1->2->7->20->9->11->8->16->13->19->3->17->12->4->10->18->14->15->5->6
20	40608	39371.61413100073	158	1	0.015627622604370117	1->2->7->20->9->11->8->16->13->19->3->17->12->4->10->18->14->15->5->6
20	40608	39371.61413100073	158	1	0.015624046325683594	1->2->7->20->9->11->8->16->13->19->3->17->12->4->10->18->14->15->5->6
20	40608	39371.61413100073	158	1	0.01562666893005371	1->2->7->20->9->11->8->16->13->19->3->17->12->4->10->18->14->15->5->6
20	40608	39371.61413100073	158	1	0.015625953674316406	1->2->7->20->9->11->8->16->13->19->3->17->12->4->10->18->14->15->5->6
20	40608	39371.61413100073	158	1	0.0156252384185791	1->2->7->20->9->11->8->16->13->19->3->17->12->4->10->18->14->15->5->6
20	40608	39371.61413100073	158	1	0.015625953674316406	1->2->7->20->9->11->8->16->13->19->3->17->12->4->10->18->14->15->5->6
20	40608	39371.61413100073	158	1	0.015629053115844727	1->2->7->20->9->11->8->16->13->19->3->17->12->4->10->18->14->15->5->6
20	40608	39371.61413100073	158	1	0.015626192092895508	1->2->7->20->9->11->8->16->13->19->3->17->12->4->10->18->14->15->5->6
20	40608	39371.61413100073	158	1	0.015625715255737305	1->2->7->20->9->11->8->16->13->19->3->17->12->4->10->18->14->15->5->6
20	40608	39371.61413100073	158	1	0.015625953674316406	1->2->7->20->9->11->8->16->13->19->3->17->12->4->10->18->14->15->5->6
20	40608	39371.61413100073	158	1	0.01562643051147461	1->2->7->20->9->11->8->16->13->19->3->17->12->4->10->18->14->15->5->6
20	40608	39371.61413100073	158	1	0.031258344650268555	1->2->7->20->9->11->8->16->13->19->3->17->12->4->10->18->14->15->5->6
20	40608	39371.61413100073	158	1	0.015625953674316406	1->2->7->20->9->11->8->16->13->19->3->17->12->4->10->18->14->15->5->6
20	40608	39371.61413100073	158	1	0.013008832931518555	1->2->7->20->9->11->8->16->13->19->3->17->12->4->10->18->14->15->5->6
20	40608	39371.61413100073	158	1	0.015625715255737305	1->2->7->20->9->11->8->16->13->19->3->17->12->4->10->18->14->15->5->6
20	40608	39371.61413100073	158	1	0.015627622604370117	1->2->7->20->9->11->8->16->13->19->3->17->12->4->10->18->14->15->5->6
20	40608	39371.61413100073	158	1	0.012007951736450195	1->2->7->20->9->11->8->16->13->19->3->17->12->4->10->18->14->15->5->6
20	9416	9196.376461654876	458	2	0.03402400016784668	1->2->7->20->9->12->19->10->8->16->13->14->18->5->4->17->6->11->3->15
