20	31578	30876.50072240133	171	1	0.01562666893005371	1->5->9->16->11->14->12->7->18->2->6->13->15->10->19->8->17->3->4->20
20	31578	30876.50072240133	171	1	0.023969650268554688	1->5->9->16->11->14->12->7->18->2->6->13->15->10->19->8->17->3->4->20
20	31578	30876.50072240133	171	1	0.015625953674316406	1->5->9->16->11->14->12->7->18->2->6->13->15->10->19->8->17->3->4->20
20	31578	30876.50072240133	171	1	0.015626192092895508	1->5->9->16->11->14->12->7->18->2->6->13->15->10->19->8->17->3->4->20
20	31578	30876.50072240133	171	1	0.01562643051147461	1->5->9->16->11->14->12->7->18->2->6->13->15->10->19->8->17->3->4->20
20	31578	30876.50072240133	171	1	0.018436431884765625	1->5->9->16->11->14->12->7->18->2->6->13->15->10->19->8->17->3->4->20
20	31578	30876.50072240133	171	1	0.031249523162841797	1->5->9->16->11->14->12->7->18->2->6->13->15->10->19->8->17->3->4->20
20	31578	30876.50072240133	171	1	0.027017831802368164	1->5->9->16->11->14->12->7->18->2->6->13->15->10->19->8->17->3->4->20
20	31578	30876.50072240133	171	1	0.01562666893005371	1->5->9->16->11->14->12->7->18->2->6->13->15->10->19->8->17->3->4->20
20	31578	30876.50072240133	171	1	0.015628337860107422	1->5->9->16->11->14->12->7->18->2->6->13->15->10->19->8->17->3->4->20
20	31578	30876.50072240133	171	1	0.015627622604370117	1->5->9->16->11->14->12->7->18->2->6->13->15->10->19->8->17->3->4->20
20	31578	30876.50072240133	171	1	0.009473323822021484	1->5->9->16->11->14->12->7->18->2->6->13->15->10->19->8->17->3->4->20
20	31578	30876.50072240133	171	1	0.01100921630859375	1->5->9->16->11->14->12->7->18->2->6->13->15->10->19->8->17->3->4->20
20	31578	30876.50072240133	171	1	0.0	1->5->9->16->11->14->12->7->18->2->6->13->15->10->19->8->17->3->4->20
20	31578	30876.50072240133	171	1	0.018164396286010742	1->5->9->16->11->14->12->7->18->2->6->13->15->10->19->8->17->3->4->20
20	31578	30876.50072240133	171	1	0.01562643051147461	1->5->9->16->11->14->12->7->18->2->6->13->15->10->19->8->17->3->4->20
20	31578	30876.50072240133	171	1	0.0	1->5->9->16->11->14->12->7->18->2->6->13->15->10->19->8->17->3->4->20
20	31578	30876.50072240133	171	1	0.015625953674316406	1->5->9->16->11->14->12->7->18->2->6->13->15->10->19->8->17->3->4->20
20	31578	30876.50072240133	171	1	0.015625476837158203	1->5->9->16->11->14->12->7->18->2->6->13->15->10->19->8->17->3->4->20
20	31578	30876.50072240133	171	1	0.01562643051147461	1->5->9->16->11->14->12->7->18->2->6->13->15->10->19->8->17->3->4->20
20	31578	30876.50072240133	171	1	0.01562643051147461	1->5->9->16->11->14->12->7->18->2->6->13->15->10->19->8->17->3->4->20
20	31578	30876.50072240133	171	1	0.0	1->5->9->16->11->14->12->7->18->2->6->13->15->10->19->8->17->3->4->20
20	31578	30876.50072240133	171	1	0.0	1->5->9->16->11->14->12->7->18->2->6->13->15->10->19->8->17->3->4->20
20	31578	30876.50072240133	171	1	0.015626192092895508	1->5->9->16->11->14->12->7->18->2->6->13->15->10->19->8->17->3->4->20
20	31578	30876.50072240133	171	1	0.0239870548248291	1->5->9->16->11->14->12->7->18->2->6->13->15->10->19->8->17->3->4->20
20	31578	30876.50072240133	171	1	0.015625715255737305	1->5->9->16->11->14->12->7->18->2->6->13->15->10->19->8->17->3->4->20
20	31578	30876.50072240133	171	1	0.0	1->5->9->16->11->14->12->7->18->2->6->13->15->10->19->8->17->3->4->20
20	31578	30876.50072240133	171	1	0.015626192092895508	1->5->9->16->11->14->12->7->18->2->6->13->15->10->19->8->17->3->4->20
20	31578	30876.50072240133	171	1	0.0	1->5->9->16->11->14->12->7->18->2->6->13->15->10->19->8->17->3->4->20
20	31578	30876.50072240133	171	1	0.0	1->5->9->16->11->14->12->7->18->2->6->13->15->10->19->8->17->3->4->20
20	31578	30876.50072240133	171	1	0.01562786102294922	1->5->9->16->11->14->12->7->18->2->6->13->15->10->19->8->17->3->4->20
20	31578	30876.50072240133	171	1	0.015625476837158203	1->5->9->16->11->14->12->7->18->2->6->13->15->10->19->8->17->3->4->20
20	31578	30876.50072240133	171	1	0.00407099723815918	1->5->9->16->11->14->12->7->18->2->6->13->15->10->19->8->17->3->4->20
20	31578	30876.50072240133	171	1	0.005040168762207031	1->5->9->16->11->14->12->7->18->2->6->13->15->10->19->8->17->3->4->20
20	31578	30876.50072240133	171	1	0.015626907348632812	1->5->9->16->11->14->12->7->18->2->6->13->15->10->19->8->17->3->4->20
20	31578	30876.50072240133	171	1	0.01562666893005371	1->5->9->16->11->14->12->7->18->2->6->13->15->10->19->8->17->3->4->20
20	31578	30876.50072240133	171	1	0.015627384185791016	1->5->9->16->11->14->12->7->18->2->6->13->15->10->19->8->17->3->4->20
20	31578	30876.50072240133	171	1	0.0	1->5->9->16->11->14->12->7->18->2->6->13->15->10->19->8->17->3->4->20
20	31578	30876.50072240133	171	1	0.0	1->5->9->16->11->14->12->7->18->2->6->13->15->10->19->8->17->3->4->20
20	31578	30876.50072240133	171	1	0.015625953674316406	1->5->9->16->11->14->12->7->18->2->6->13->15->10->19->8->17->3->4->20
20	31578	30876.50072240133	171	1	0.011006832122802734	1->5->9->16->11->14->12->7->18->2->6->13->15->10->19->8->17->3->4->20
20	9480	9215.23328108673	312	2	0.01901388168334961	2->5->19->16->10->11->14->13->6->17->12->9->18->7->3->1->15->8->4->20
