20	45062	44126.55373949801	308	2	0.015628576278686523	11->2->4->7->5->13->15->16->19->18->6->12->17->14->10->20->8->3->9->1
20	45062	44126.55373949801	308	2	0.017714500427246094	11->2->4->7->5->13->15->16->19->18->6->12->17->14->10->20->8->3->9->1
20	45062	44126.55373949801	308	2	0.03125119209289551	11->2->4->7->5->13->15->16->19->18->6->12->17->14->10->20->8->3->9->1
20	45062	44126.55373949801	308	2	0.03125	11->2->4->7->5->13->15->16->19->18->6->12->17->14->10->20->8->3->9->1
20	45062	44126.55373949801	308	2	0.03125143051147461	11->2->4->7->5->13->15->16->19->18->6->12->17->14->10->20->8->3->9->1
20	45062	44126.55373949801	308	2	0.015626192092895508	11->2->4->7->5->13->15->16->19->18->6->12->17->14->10->20->8->3->9->1
20	45062	44126.55373949801	308	2	0.059557437896728516	11->2->4->7->5->13->15->16->19->18->6->12->17->14->10->20->8->3->9->1
20	45062	44126.55373949801	308	2	0.06954216957092285	11->2->4->7->5->13->15->16->19->18->6->12->17->14->10->20->8->3->9->1
20	45062	44126.55373949801	308	2	0.033960819244384766	11->2->4->7->5->13->15->16->19->18->6->12->17->14->10->20->8->3->9->1
20	45062	44126.55373949801	308	2	0.03125262260437012	11->2->4->7->5->13->15->16->19->18->6->12->17->14->10->20->8->3->9->1
20	45062	44126.55373949801	308	2	0.03125190734863281	11->2->4->7->5->13->15->16->19->18->6->12->17->14->10->20->8->3->9->1
20	45062	44126.55373949801	308	2	0.01562643051147461	11->2->4->7->5->13->15->16->19->18->6->12->17->14->10->20->8->3->9->1
20	45062	44126.55373949801	308	2	0.02401280403137207	11->2->4->7->5->13->15->16->19->18->6->12->17->14->10->20->8->3->9->1
20	45062	44126.55373949801	308	2	0.018108129501342773	11->2->4->7->5->13->15->16->19->18->6->12->17->14->10->20->8->3->9->1
20	45062	44126.55373949801	308	2	0.015625953674316406	11->2->4->7->5->13->15->16->19->18->6->12->17->14->10->20->8->3->9->1
20	45062	44126.55373949801	308	2	0.025014638900756836	11->2->4->7->5->13->15->16->19->18->6->12->17->14->10->20->8->3->9->1
20	45062	44126.55373949801	308	2	0.03125262260437012	11->2->4->7->5->13->15->16->19->18->6->12->17->14->10->20->8->3->9->1
20	45062	44126.55373949801	308	2	0.015627145767211914	11->2->4->7->5->13->15->16->19->18->6->12->17->14->10->20->8->3->9->1
20	45062	44126.55373949801	308	2	0.01562666893005371	11->2->4->7->5->13->15->16->19->18->6->12->17->14->10->20->8->3->9->1
20	45062	44126.55373949801	308	2	0.015628576278686523	11->2->4->7->5->13->15->16->19->18->6->12->17->14->10->20->8->3->9->1
20	45062	44126.55373949801	308	2	0.031246185302734375	11->2->4->7->5->13->15->16->19->18->6->12->17->14->10->20->8->3->9->1
20	45062	44126.55373949801	308	2	0.015624284744262695	11->2->4->7->5->13->15->16->19->18->6->12->17->14->10->20->8->3->9->1
20	45062	44126.55373949801	308	2	0.031252145767211914	11->2->4->7->5->13->15->16->19->18->6->12->17->14->10->20->8->3->9->1
20	45062	44126.55373949801	308	2	0.024404525756835938	11->2->4->7->5->13->15->16->19->18->6->12->17->14->10->20->8->3->9->1
20	45062	44126.55373949801	308	2	0.03125405311584473	11->2->4->7->5->13->15->16->19->18->6->12->17->14->10->20->8->3->9->1
20	45062	44126.55373949801	308	2	0.031252145767211914	11->2->4->7->5->13->15->16->19->18->6->12->17->14->10->20->8->3->9->1
20	45062	44126.55373949801	308	2	0.03125286102294922	11->2->4->7->5->13->15->16->19->18->6->12->17->14->10->20->8->3->9->1
20	45062	44126.55373949801	308	2	0.015626192092895508	11->2->4->7->5->13->15->16->19->18->6->12->17->14->10->20->8->3->9->1
20	45062	44126.55373949801	308	2	0.015627384185791016	11->2->4->7->5->13->15->16->19->18->6->12->17->14->10->20->8->3->9->1
20	45062	44126.55373949801	308	2	0.031252384185791016	11->2->4->7->5->13->15->16->19->18->6->12->17->14->10->20->8->3->9->1
20	45062	44126.55373949801	308	2	0.031252145767211914	11->2->4->7->5->13->15->16->19->18->6->12->17->14->10->20->8->3->9->1
20	45062	44126.55373949801	308	2	0.031253814697265625	11->2->4->7->5->13->15->16->19->18->6->12->17->14->10->20->8->3->9->1
20	45062	44126.55373949801	308	2	0.015624284744262695	11->2->4->7->5->13->15->16->19->18->6->12->17->14->10->20->8->3->9->1
20	45062	44126.55373949801	308	2	0.040348052978515625	11->2->4->7->5->13->15->16->19->18->6->12->17->14->10->20->8->3->9->1
20	45062	44126.55373949801	308	2	0.015625953674316406	11->2->4->7->5->13->15->16->19->18->6->12->17->14->10->20->8->3->9->1
20	45062	44126.55373949801	308	2	0.025016069412231445	11->2->4->7->5->13->15->16->19->18->6->12->17->14->10->20->8->3->9->1
20	45062	44126.55373949801	308	2	0.015626907348632812	11->2->4->7->5->13->15->16->19->18->6->12->17->14->10->20->8->3->9->1
20	45062	44126.55373949801	308	2	0.03519320487976074	11->2->4->7->5->13->15->16->19->18->6->12->17->14->10->20->8->3->9->1
20	45062	44126.55373949801	308	2	0.015625715255737305	11->2->4->7->5->13->15->16->19->18->6->12->17->14->10->20->8->3->9->1
20	45062	44126.55373949801	308	2	0.015624761581420898	11->2->4->7->5->13->15->16->19->18->6->12->17->14->10->20->8->3->9->1
20	45062	44126.55373949801	308	2	0.02401423454284668	11->2->4->7->5->13->15->16->19->18->6->12->17->14->10->20->8->3->9->1
20	8988	8893.22824169143	221	2	0.022014856338500977	1->2->11->7->5->10->13->4->16->19->18->12->14->15->6->17->20->8->3->9
