20	45170	44692.17934411684	257	2	0.015623807907104492	4->12->19->9->16->17->8->20->15->13->2->7->14->6->3->11->18->5->10->1
20	45170	44692.17934411684	257	2	0.015625953674316406	4->12->19->9->16->17->8->20->15->13->2->7->14->6->3->11->18->5->10->1
20	45170	44692.17934411684	257	2	0.0	4->12->19->9->16->17->8->20->15->13->2->7->14->6->3->11->18->5->10->1
20	45170	44692.17934411684	257	2	0.031250715255737305	4->12->19->9->16->17->8->20->15->13->2->7->14->6->3->11->18->5->10->1
20	45170	44692.17934411684	257	2	0.01562643051147461	4->12->19->9->16->17->8->20->15->13->2->7->14->6->3->11->18->5->10->1
20	45170	44692.17934411684	257	2	0.015626192092895508	4->12->19->9->16->17->8->20->15->13->2->7->14->6->3->11->18->5->10->1
20	45170	44692.17934411684	257	2	0.0399017333984375	4->12->19->9->16->17->8->20->15->13->2->7->14->6->3->11->18->5->10->1
20	45170	44692.17934411684	257	2	0.01562643051147461	4->12->19->9->16->17->8->20->15->13->2->7->14->6->3->11->18->5->10->1
20	45170	44692.17934411684	257	2	0.03125119209289551	4->12->19->9->16->17->8->20->15->13->2->7->14->6->3->11->18->5->10->1
20	45170	44692.17934411684	257	2	0.0	4->12->19->9->16->17->8->20->15->13->2->7->14->6->3->11->18->5->10->1
20	45170	44692.17934411684	257	2	0.015625476837158203	4->12->19->9->16->17->8->20->15->13->2->7->14->6->3->11->18->5->10->1
20	45170	44692.17934411684	257	2	0.015625476837158203	4->12->19->9->16->17->8->20->15->13->2->7->14->6->3->11->18->5->10->1
20	45170	44692.17934411684	257	2	0.014008283615112305	4->12->19->9->16->17->8->20->15->13->2->7->14->6->3->11->18->5->10->1
20	45170	44692.17934411684	257	2	0.0	4->12->19->9->16->17->8->20->15->13->2->7->14->6->3->11->18->5->10->1
20	45170	44692.17934411684	257	2	0.015630245208740234	4->12->19->9->16->17->8->20->15->13->2->7->14->6->3->11->18->5->10->1
20	45170	44692.17934411684	257	2	0.013007402420043945	4->12->19->9->16->17->8->20->15->13->2->7->14->6->3->11->18->5->10->1
20	45170	44692.17934411684	257	2	0.013527870178222656	4->12->19->9->16->17->8->20->15->13->2->7->14->6->3->11->18->5->10->1
20	45170	44692.17934411684	257	2	0.015625953674316406	4->12->19->9->16->17->8->20->15->13->2->7->14->6->3->11->18->5->10->1
20	45170	44692.17934411684	257	2	0.015625476837158203	4->12->19->9->16->17->8->20->15->13->2->7->14->6->3->11->18->5->10->1
20	45170	44692.17934411684	257	2	0.01562643051147461	4->12->19->9->16->17->8->20->15->13->2->7->14->6->3->11->18->5->10->1
20	45170	44692.17934411684	257	2	0.015628576278686523	4->12->19->9->16->17->8->20->15->13->2->7->14->6->3->11->18->5->10->1
20	45170	44692.17934411684	257	2	0.010062456130981445	4->12->19->9->16->17->8->20->15->13->2->7->14->6->3->11->18->5->10->1
20	45170	44692.17934411684	257	2	0.0	4->12->19->9->16->17->8->20->15->13->2->7->14->6->3->11->18->5->10->1
20	45170	44692.17934411684	257	2	0.015626192092895508	4->12->19->9->16->17->8->20->15->13->2->7->14->6->3->11->18->5->10->1
20	45170	44692.17934411684	257	2	0.014509439468383789	4->12->19->9->16->17->8->20->15->13->2->7->14->6->3->11->18->5->10->1
20	45170	44692.17934411684	257	2	0.01562643051147461	4->12->19->9->16->17->8->20->15->13->2->7->14->6->3->11->18->5->10->1
20	45170	44692.17934411684	257	2	0.015626192092895508	4->12->19->9->16->17->8->20->15->13->2->7->14->6->3->11->18->5->10->1
20	45170	44692.17934411684	257	2	0.015625715255737305	4->12->19->9->16->17->8->20->15->13->2->7->14->6->3->11->18->5->10->1
20	45170	44692.17934411684	257	2	0.01562666893005371	4->12->19->9->16->17->8->20->15->13->2->7->14->6->3->11->18->5->10->1
20	45170	44692.17934411684	257	2	0.01562666893005371	4->12->19->9->16->17->8->20->15->13->2->7->14->6->3->11->18->5->10->1
20	45170	44692.17934411684	257	2	0.015625953674316406	4->12->19->9->16->17->8->20->15->13->2->7->14->6->3->11->18->5->10->1
20	45170	44692.17934411684	257	2	0.015625953674316406	4->12->19->9->16->17->8->20->15->13->2->7->14->6->3->11->18->5->10->1
20	45170	44692.17934411684	257	2	0.01562643051147461	4->12->19->9->16->17->8->20->15->13->2->7->14->6->3->11->18->5->10->1
20	45170	44692.17934411684	257	2	0.015625476837158203	4->12->19->9->16->17->8->20->15->13->2->7->14->6->3->11->18->5->10->1
20	45170	44692.17934411684	257	2	0.015625953674316406	4->12->19->9->16->17->8->20->15->13->2->7->14->6->3->11->18->5->10->1
20	45170	44692.17934411684	257	2	0.015625715255737305	4->12->19->9->16->17->8->20->15->13->2->7->14->6->3->11->18->5->10->1
20	45170	44692.17934411684	257	2	0.015626907348632812	4->12->19->9->16->17->8->20->15->13->2->7->14->6->3->11->18->5->10->1
20	45170	44692.17934411684	257	2	0.015625476837158203	4->12->19->9->16->17->8->20->15->13->2->7->14->6->3->11->18->5->10->1
20	45170	44692.17934411684	257	2	0.015626192092895508	4->12->19->9->16->17->8->20->15->13->2->7->14->6->3->11->18->5->10->1
20	45170	44692.17934411684	257	2	0.015625715255737305	4->12->19->9->16->17->8->20->15->13->2->7->14->6->3->11->18->5->10->1
20	45170	44692.17934411684	257	2	0.014010190963745117	4->12->19->9->16->17->8->20->15->13->2->7->14->6->3->11->18->5->10->1
20	45170	44692.17934411684	257	2	0.0	4->12->19->9->16->17->8->20->15->13->2->7->14->6->3->11->18->5->10->1
20	45170	44692.17934411684	257	2	0.0156252384185791	4->12->19->9->16->17->8->20->15->13->2->7->14->6->3->11->18->5->10->1
20	45170	44692.17934411684	257	2	0.013008832931518555	4->12->19->9->16->17->8->20->15->13->2->7->14->6->3->11->18->5->10->1
20	45170	44692.17934411684	257	2	0.015010595321655273	4->12->19->9->16->17->8->20->15->13->2->7->14->6->3->11->18->5->10->1
20	9327	9282.5762941625	175	4	0.013008832931518555	1->12->17->9->19->16->4->20->13->11->18->8->14->5->10->3->7->15->2->6
20	9327	9282.5762941625	175	4	0.015003204345703125	1->12->17->9->19->16->4->20->13->11->18->8->14->5->10->3->7->15->2->6
