20	28132	27788.376623376622	44	1	0.015628337860107422	1->8->2->3->18->13->15->14->16->5->12->20->10->19->6->4->11->9->7->17
20	28132	27788.376623376622	44	1	0.01562666893005371	1->8->2->3->18->13->15->14->16->5->12->20->10->19->6->4->11->9->7->17
20	28132	27788.376623376622	44	1	0.031252145767211914	1->8->2->3->18->13->15->14->16->5->12->20->10->19->6->4->11->9->7->17
20	28132	27788.376623376622	44	1	0.015625715255737305	1->8->2->3->18->13->15->14->16->5->12->20->10->19->6->4->11->9->7->17
20	28132	27788.376623376622	44	1	0.015626907348632812	1->8->2->3->18->13->15->14->16->5->12->20->10->19->6->4->11->9->7->17
20	28132	27788.376623376622	44	1	0.015625476837158203	1->8->2->3->18->13->15->14->16->5->12->20->10->19->6->4->11->9->7->17
20	28132	27788.376623376622	44	1	0.015625	1->8->2->3->18->13->15->14->16->5->12->20->10->19->6->4->11->9->7->17
20	28132	27788.376623376622	44	1	0.01099848747253418	1->8->2->3->18->13->15->14->16->5->12->20->10->19->6->4->11->9->7->17
20	28132	27788.376623376622	44	1	0.03125143051147461	1->8->2->3->18->13->15->14->16->5->12->20->10->19->6->4->11->9->7->17
20	28132	27788.376623376622	44	1	0.0	1->8->2->3->18->13->15->14->16->5->12->20->10->19->6->4->11->9->7->17
20	28132	27788.376623376622	44	1	0.015625953674316406	1->8->2->3->18->13->15->14->16->5->12->20->10->19->6->4->11->9->7->17
20	28132	27788.376623376622	44	1	0.0	1->8->2->3->18->13->15->14->16->5->12->20->10->19->6->4->11->9->7->17
20	28132	27788.376623376622	44	1	0.022788047790527344	1->8->2->3->18->13->15->14->16->5->12->20->10->19->6->4->11->9->7->17
20	28132	27788.376623376622	44	1	0.011007308959960938	1->8->2->3->18->13->15->14->16->5->12->20->10->19->6->4->11->9->7->17
20	28132	27788.376623376622	44	1	0.015625715255737305	1->8->2->3->18->13->15->14->16->5->12->20->10->19->6->4->11->9->7->17
20	28132	27788.376623376622	44	1	0.023206710815429688	1->8->2->3->18->13->15->14->16->5->12->20->10->19->6->4->11->9->7->17
20	28132	27788.376623376622	44	1	0.01100778579711914	1->8->2->3->18->13->15->14->16->5->12->20->10->19->6->4->11->9->7->17
20	28132	27788.376623376622	44	1	0.015625715255737305	1->8->2->3->18->13->15->14->16->5->12->20->10->19->6->4->11->9->7->17
20	28132	27788.376623376622	44	1	0.015626192092895508	1->8->2->3->18->13->15->14->16->5->12->20->10->19->6->4->11->9->7->17
20	28132	27788.376623376622	44	1	0.015625715255737305	1->8->2->3->18->13->15->14->16->5->12->20->10->19->6->4->11->9->7->17
20	28132	27788.376623376622	44	1	0.010004997253417969	1->8->2->3->18->13->15->14->16->5->12->20->10->19->6->4->11->9->7->17
20	28132	27788.376623376622	44	1	0.01562643051147461	1->8->2->3->18->13->15->14->16->5->12->20->10->19->6->4->11->9->7->17
20	28132	27788.376623376622	44	1	0.010007381439208984	1->8->2->3->18->13->15->14->16->5->12->20->10->19->6->4->11->9->7->17
20	28132	27788.376623376622	44	1	0.0	1->8->2->3->18->13->15->14->16->5->12->20->10->19->6->4->11->9->7->17
20	28132	27788.376623376622	44	1	0.01050710678100586	1->8->2->3->18->13->15->14->16->5->12->20->10->19->6->4->11->9->7->17
20	28132	27788.376623376622	44	1	0.015624046325683594	1->8->2->3->18->13->15->14->16->5->12->20->10->19->6->4->11->9->7->17
20	28132	27788.376623376622	44	1	0.015625476837158203	1->8->2->3->18->13->15->14->16->5->12->20->10->19->6->4->11->9->7->17
20	28132	27788.376623376622	44	1	0.015627622604370117	1->8->2->3->18->13->15->14->16->5->12->20->10->19->6->4->11->9->7->17
20	28132	27788.376623376622	44	1	0.015623807907104492	1->8->2->3->18->13->15->14->16->5->12->20->10->19->6->4->11->9->7->17
20	28132	27788.376623376622	44	1	0.0	1->8->2->3->18->13->15->14->16->5->12->20->10->19->6->4->11->9->7->17
20	28132	27788.376623376622	44	1	0.015624284744262695	1->8->2->3->18->13->15->14->16->5->12->20->10->19->6->4->11->9->7->17
20	28132	27788.376623376622	44	1	0.015626192092895508	1->8->2->3->18->13->15->14->16->5->12->20->10->19->6->4->11->9->7->17
20	28132	27788.376623376622	44	1	0.015627145767211914	1->8->2->3->18->13->15->14->16->5->12->20->10->19->6->4->11->9->7->17
20	28132	27788.376623376622	44	1	0.015625953674316406	1->8->2->3->18->13->15->14->16->5->12->20->10->19->6->4->11->9->7->17
20	28132	27788.376623376622	44	1	0.015625476837158203	1->8->2->3->18->13->15->14->16->5->12->20->10->19->6->4->11->9->7->17
20	28132	27788.376623376622	44	1	0.015625715255737305	1->8->2->3->18->13->15->14->16->5->12->20->10->19->6->4->11->9->7->17
20	28132	27788.376623376622	44	1	0.010147809982299805	1->8->2->3->18->13->15->14->16->5->12->20->10->19->6->4->11->9->7->17
20	28132	27788.376623376622	44	1	0.015625953674316406	1->8->2->3->18->13->15->14->16->5->12->20->10->19->6->4->11->9->7->17
20	28132	27788.376623376622	44	1	0.015624284744262695	1->8->2->3->18->13->15->14->16->5->12->20->10->19->6->4->11->9->7->17
20	28132	27788.376623376622	44	1	0.01562666893005371	1->8->2->3->18->13->15->14->16->5->12->20->10->19->6->4->11->9->7->17
20	28132	27788.376623376622	44	1	0.010007143020629883	1->8->2->3->18->13->15->14->16->5->12->20->10->19->6->4->11->9->7->17
20	28132	27788.376623376622	44	1	0.015624284744262695	1->8->2->3->18->13->15->14->16->5->12->20->10->19->6->4->11->9->7->17
20	28132	27788.376623376622	44	1	0.015627622604370117	1->8->2->3->18->13->15->14->16->5->12->20->10->19->6->4->11->9->7->17
20	28132	27788.376623376622	44	1	0.01000833511352539	1->8->2->3->18->13->15->14->16->5->12->20->10->19->6->4->11->9->7->17
20	28132	27788.376623376622	44	1	0.010005950927734375	1->8->2->3->18->13->15->14->16->5->12->20->10->19->6->4->11->9->7->17
20	5809	5784.33855799373	62	2	0.012007951736450195	1->8->2->7->18->13->14->15->3->5->16->10->11->6->4->20->9->12->19->17
20	5809	5784.33855799373	62	2	0.01201009750366211	1->8->2->7->18->13->14->15->3->5->16->10->11->6->4->20->9->12->19->17
