20	38363	37320.495913820494	578	1	0.046877384185791016	1->17->3->7->14->12->18->13->15->16->5->20->19->10->4->8->6->9->2->11
20	38363	37320.495913820494	578	1	0.045989990234375	1->17->3->7->14->12->18->13->15->16->5->20->19->10->4->8->6->9->2->11
20	38363	37320.495913820494	578	1	0.0468752384185791	1->17->3->7->14->12->18->13->15->16->5->20->19->10->4->8->6->9->2->11
20	38363	37320.495913820494	578	1	0.046883583068847656	1->17->3->7->14->12->18->13->15->16->5->20->19->10->4->8->6->9->2->11
20	38363	37320.495913820494	578	1	0.03125119209289551	1->17->3->7->14->12->18->13->15->16->5->20->19->10->4->8->6->9->2->11
20	38363	37320.495913820494	578	1	0.04687905311584473	1->17->3->7->14->12->18->13->15->16->5->20->19->10->4->8->6->9->2->11
20	41780	37320.495913820494	523	0	0.10072970390319824	1	
20	38363	37320.495913820494	578	1	0.11477875709533691	1	
20	38363	37320.495913820494	578	1	0.04687643051147461	1->17->3->7->14->12->18->13->15->16->5->20->19->10->4->8->6->9->2->11
20	38363	37320.495913820494	578	1	0.048848628997802734	1->17->3->7->14->12->18->13->15->16->5->20->19->10->4->8->6->9->2->11
20	38363	37320.495913820494	578	1	0.04875683784484863	1->17->3->7->14->12->18->13->15->16->5->20->19->10->4->8->6->9->2->11
20	38363	37320.495913820494	578	1	0.04687786102294922	1->17->3->7->14->12->18->13->15->16->5->20->19->10->4->8->6->9->2->11
20	38363	37320.495913820494	578	1	0.04687666893005371	1->17->3->7->14->12->18->13->15->16->5->20->19->10->4->8->6->9->2->11
20	38363	37320.495913820494	578	1	0.05722808837890625	1->17->3->7->14->12->18->13->15->16->5->20->19->10->4->8->6->9->2->11
20	38363	37320.495913820494	578	1	0.04688429832458496	1->17->3->7->14->12->18->13->15->16->5->20->19->10->4->8->6->9->2->11
20	38363	37320.495913820494	578	1	0.06029963493347168	1->17->3->7->14->12->18->13->15->16->5->20->19->10->4->8->6->9->2->11
20	38363	37320.495913820494	578	1	0.04687833786010742	1->17->3->7->14->12->18->13->15->16->5->20->19->10->4->8->6->9->2->11
20	38363	37320.495913820494	578	1	0.06160545349121094	1->17->3->7->14->12->18->13->15->16->5->20->19->10->4->8->6->9->2->11
20	38363	37320.495913820494	578	1	0.04687833786010742	1->17->3->7->14->12->18->13->15->16->5->20->19->10->4->8->6->9->2->11
20	38363	37320.495913820494	578	1	0.034392595291137695	1->17->3->7->14->12->18->13->15->16->5->20->19->10->4->8->6->9->2->11
20	38363	37320.495913820494	578	1	0.04687643051147461	1->17->3->7->14->12->18->13->15->16->5->20->19->10->4->8->6->9->2->11
20	38363	37320.495913820494	578	1	0.04687833786010742	1->17->3->7->14->12->18->13->15->16->5->20->19->10->4->8->6->9->2->11
20	38363	37320.495913820494	578	1	0.04687762260437012	1->17->3->7->14->12->18->13->15->16->5->20->19->10->4->8->6->9->2->11
20	38363	37320.495913820494	578	1	0.053391456604003906	1->17->3->7->14->12->18->13->15->16->5->20->19->10->4->8->6->9->2->11
20	38363	37320.495913820494	578	1	0.04687857627868652	1->17->3->7->14->12->18->13->15->16->5->20->19->10->4->8->6->9->2->11
20	38363	37320.495913820494	578	1	0.046880245208740234	1->17->3->7->14->12->18->13->15->16->5->20->19->10->4->8->6->9->2->11
20	38363	37320.495913820494	578	1	0.04687786102294922	1->17->3->7->14->12->18->13->15->16->5->20->19->10->4->8->6->9->2->11
20	38363	37320.495913820494	578	1	0.062499046325683594	1->17->3->7->14->12->18->13->15->16->5->20->19->10->4->8->6->9->2->11
20	38363	37320.495913820494	578	1	0.06250309944152832	1->17->3->7->14->12->18->13->15->16->5->20->19->10->4->8->6->9->2->11
20	38363	37320.495913820494	578	1	0.04687643051147461	1->17->3->7->14->12->18->13->15->16->5->20->19->10->4->8->6->9->2->11
20	38363	37320.495913820494	578	1	0.04687666893005371	1->17->3->7->14->12->18->13->15->16->5->20->19->10->4->8->6->9->2->11
20	38363	37320.495913820494	578	1	0.0312497615814209	1->17->3->7->14->12->18->13->15->16->5->20->19->10->4->8->6->9->2->11
20	38363	37320.495913820494	578	1	0.06250190734863281	1->17->3->7->14->12->18->13->15->16->5->20->19->10->4->8->6->9->2->11
20	38363	37320.495913820494	578	1	0.03125190734863281	1->17->3->7->14->12->18->13->15->16->5->20->19->10->4->8->6->9->2->11
20	38363	37320.495913820494	578	1	0.03125143051147461	1->17->3->7->14->12->18->13->15->16->5->20->19->10->4->8->6->9->2->11
20	38363	37320.495913820494	578	1	0.046877384185791016	1->17->3->7->14->12->18->13->15->16->5->20->19->10->4->8->6->9->2->11
20	38363	37320.495913820494	578	1	0.05084657669067383	1->17->3->7->14->12->18->13->15->16->5->20->19->10->4->8->6->9->2->11
20	38363	37320.495913820494	578	1	0.046877384185791016	1->17->3->7->14->12->18->13->15->16->5->20->19->10->4->8->6->9->2->11
20	38363	37320.495913820494	578	1	0.04687690734863281	1->17->3->7->14->12->18->13->15->16->5->20->19->10->4->8->6->9->2->11
20	38363	37320.495913820494	578	1	0.04687976837158203	1->17->3->7->14->12->18->13->15->16->5->20->19->10->4->8->6->9->2->11
20	38363	37320.495913820494	578	1	0.04603147506713867	1->17->3->7->14->12->18->13->15->16->5->20->19->10->4->8->6->9->2->11
20	8975	8838.264841501927	1025	1	0.13008904457092285	1->13->3->12->7->2->6->9->18->15->17->16->20->19->11->5->8->10->14->4
