20	37506	36901.01075268818	302	4	0.01562786102294922	19->2->16->17->11->14->8->1->9->4->18->5->6->10->3->12->15->20->13->7
20	37506	36901.01075268818	302	4	0.031250715255737305	19->2->16->17->11->14->8->1->9->4->18->5->6->10->3->12->15->20->13->7
20	37506	36901.01075268818	302	4	0.01562643051147461	19->2->16->17->11->14->8->1->9->4->18->5->6->10->3->12->15->20->13->7
20	37506	36901.01075268818	302	4	0.01562666893005371	19->2->16->17->11->14->8->1->9->4->18->5->6->10->3->12->15->20->13->7
20	37506	36901.01075268818	302	4	0.015625715255737305	19->2->16->17->11->14->8->1->9->4->18->5->6->10->3->12->15->20->13->7
20	37506	36901.01075268818	302	4	0.010860919952392578	19->2->16->17->11->14->8->1->9->4->18->5->6->10->3->12->15->20->13->7
20	37506	36901.01075268818	302	4	0.06306672096252441	19->2->16->17->11->14->8->1->9->4->18->5->6->10->3->12->15->20->13->7
20	37506	36901.01075268818	302	4	0.015626192092895508	19->2->16->17->11->14->8->1->9->4->18->5->6->10->3->12->15->20->13->7
20	37506	36901.01075268818	302	4	0.06866765022277832	19->2->16->17->11->14->8->1->9->4->18->5->6->10->3->12->15->20->13->7
20	37506	36901.01075268818	302	4	0.015625953674316406	19->2->16->17->11->14->8->1->9->4->18->5->6->10->3->12->15->20->13->7
20	37506	36901.01075268818	302	4	0.023014545440673828	19->2->16->17->11->14->8->1->9->4->18->5->6->10->3->12->15->20->13->7
20	37506	36901.01075268818	302	4	0.031250953674316406	19->2->16->17->11->14->8->1->9->4->18->5->6->10->3->12->15->20->13->7
20	37506	36901.01075268818	302	4	0.01361083984375	19->2->16->17->11->14->8->1->9->4->18->5->6->10->3->12->15->20->13->7
20	37506	36901.01075268818	302	4	0.0156252384185791	19->2->16->17->11->14->8->1->9->4->18->5->6->10->3->12->15->20->13->7
20	37506	36901.01075268818	302	4	0.015626192092895508	19->2->16->17->11->14->8->1->9->4->18->5->6->10->3->12->15->20->13->7
20	37506	36901.01075268818	302	4	0.019100427627563477	19->2->16->17->11->14->8->1->9->4->18->5->6->10->3->12->15->20->13->7
20	37506	36901.01075268818	302	4	0.01562643051147461	19->2->16->17->11->14->8->1->9->4->18->5->6->10->3->12->15->20->13->7
20	37506	36901.01075268818	302	4	0.01562643051147461	19->2->16->17->11->14->8->1->9->4->18->5->6->10->3->12->15->20->13->7
20	37506	36901.01075268818	302	4	0.034185171127319336	19->2->16->17->11->14->8->1->9->4->18->5->6->10->3->12->15->20->13->7
20	37506	36901.01075268818	302	4	0.015625	19->2->16->17->11->14->8->1->9->4->18->5->6->10->3->12->15->20->13->7
20	37506	36901.01075268818	302	4	0.0312502384185791	19->2->16->17->11->14->8->1->9->4->18->5->6->10->3->12->15->20->13->7
20	37506	36901.01075268818	302	4	0.03125333786010742	19->2->16->17->11->14->8->1->9->4->18->5->6->10->3->12->15->20->13->7
20	37506	36901.01075268818	302	4	0.01562643051147461	19->2->16->17->11->14->8->1->9->4->18->5->6->10->3->12->15->20->13->7
20	37506	36901.01075268818	302	4	0.031250953674316406	19->2->16->17->11->14->8->1->9->4->18->5->6->10->3->12->15->20->13->7
20	37506	36901.01075268818	302	4	0.022014617919921875	19->2->16->17->11->14->8->1->9->4->18->5->6->10->3->12->15->20->13->7
20	37506	36901.01075268818	302	4	0.015625	19->2->16->17->11->14->8->1->9->4->18->5->6->10->3->12->15->20->13->7
20	37506	36901.01075268818	302	4	0.03125190734863281	19->2->16->17->11->14->8->1->9->4->18->5->6->10->3->12->15->20->13->7
20	37506	36901.01075268818	302	4	0.015625476837158203	19->2->16->17->11->14->8->1->9->4->18->5->6->10->3->12->15->20->13->7
20	37506	36901.01075268818	302	4	0.03125119209289551	19->2->16->17->11->14->8->1->9->4->18->5->6->10->3->12->15->20->13->7
20	37506	36901.01075268818	302	4	0.03125166893005371	19->2->16->17->11->14->8->1->9->4->18->5->6->10->3->12->15->20->13->7
20	37506	36901.01075268818	302	4	0.03125262260437012	19->2->16->17->11->14->8->1->9->4->18->5->6->10->3->12->15->20->13->7
20	37506	36901.01075268818	302	4	0.015626192092895508	19->2->16->17->11->14->8->1->9->4->18->5->6->10->3->12->15->20->13->7
20	37506	36901.01075268818	302	4	0.030504465103149414	19->2->16->17->11->14->8->1->9->4->18->5->6->10->3->12->15->20->13->7
20	37506	36901.01075268818	302	4	0.015625476837158203	19->2->16->17->11->14->8->1->9->4->18->5->6->10->3->12->15->20->13->7
20	37506	36901.01075268818	302	4	0.021013975143432617	19->2->16->17->11->14->8->1->9->4->18->5->6->10->3->12->15->20->13->7
20	37506	36901.01075268818	302	4	0.023199796676635742	19->2->16->17->11->14->8->1->9->4->18->5->6->10->3->12->15->20->13->7
20	37506	36901.01075268818	302	4	0.015626907348632812	19->2->16->17->11->14->8->1->9->4->18->5->6->10->3->12->15->20->13->7
20	37506	36901.01075268818	302	4	0.015624761581420898	19->2->16->17->11->14->8->1->9->4->18->5->6->10->3->12->15->20->13->7
20	37506	36901.01075268818	302	4	0.03125143051147461	19->2->16->17->11->14->8->1->9->4->18->5->6->10->3->12->15->20->13->7
20	37506	36901.01075268818	302	4	0.015624284744262695	19->2->16->17->11->14->8->1->9->4->18->5->6->10->3->12->15->20->13->7
20	37506	36901.01075268818	302	4	0.022015810012817383	19->2->16->17->11->14->8->1->9->4->18->5->6->10->3->12->15->20->13->7
20	37506	36901.01075268818	302	4	0.015626907348632812	19->2->16->17->11->14->8->1->9->4->18->5->6->10->3->12->15->20->13->7
20	37506	36901.01075268818	302	4	0.015625953674316406	19->2->16->17->11->14->8->1->9->4->18->5->6->10->3->12->15->20->13->7
20	37506	36901.01075268818	302	4	0.020014286041259766	19->2->16->17->11->14->8->1->9->4->18->5->6->10->3->12->15->20->13->7
20	37506	36901.01075268818	302	4	0.03402233123779297	19->2->16->17->11->14->8->1->9->4->18->5->6->10->3->12->15->20->13->7
20	8208	8086.930022946914	283	8	0.01701211929321289	19->4->16->9->17->11->14->2->8->15->13->20->6->1->18->12->10->7->5->3
20	8208	8086.930022946914	283	8	0.020013093948364258	19->4->16->9->17->11->14->2->8->15->13->20->6->1->18->12->10->7->5->3
