20	41925	41191.370471368624	177	1	0.04687857627868652	1->3->10->2->5->12->15->8->6->13->11->9->14->17->20->7->19->18->4->16
20	41925	41191.370471368624	177	1	0.031250953674316406	1->3->10->2->5->12->15->8->6->13->11->9->14->17->20->7->19->18->4->16
20	41925	41191.370471368624	177	1	0.03125166893005371	1->3->10->2->5->12->15->8->6->13->11->9->14->17->20->7->19->18->4->16
20	41925	41191.370471368624	177	1	0.04687762260437012	1->3->10->2->5->12->15->8->6->13->11->9->14->17->20->7->19->18->4->16
20	41925	41191.370471368624	177	1	0.03407716751098633	1->3->10->2->5->12->15->8->6->13->11->9->14->17->20->7->19->18->4->16
20	41925	41191.370471368624	177	1	0.03801536560058594	1->3->10->2->5->12->15->8->6->13->11->9->14->17->20->7->19->18->4->16
20	42065	41191.370471368624	157	0	0.10938096046447754	1	
20	42065	41191.370471368624	139	0	0.10065031051635742	1	
20	41925	41191.370471368624	177	1	0.04687905311584473	1->3->10->2->5->12->15->8->6->13->11->9->14->17->20->7->19->18->4->16
20	41925	41191.370471368624	177	1	0.04687905311584473	1->3->10->2->5->12->15->8->6->13->11->9->14->17->20->7->19->18->4->16
20	41925	41191.370471368624	177	1	0.06056523323059082	1->3->10->2->5->12->15->8->6->13->11->9->14->17->20->7->19->18->4->16
20	41925	41191.370471368624	177	1	0.03326702117919922	1->3->10->2->5->12->15->8->6->13->11->9->14->17->20->7->19->18->4->16
20	41925	41191.370471368624	177	1	0.04687952995300293	1->3->10->2->5->12->15->8->6->13->11->9->14->17->20->7->19->18->4->16
20	41925	41191.370471368624	177	1	0.04376792907714844	1->3->10->2->5->12->15->8->6->13->11->9->14->17->20->7->19->18->4->16
20	41925	41191.370471368624	177	1	0.04727363586425781	1->3->10->2->5->12->15->8->6->13->11->9->14->17->20->7->19->18->4->16
20	41925	41191.370471368624	177	1	0.03931283950805664	1->3->10->2->5->12->15->8->6->13->11->9->14->17->20->7->19->18->4->16
20	41925	41191.370471368624	177	1	0.04687833786010742	1->3->10->2->5->12->15->8->6->13->11->9->14->17->20->7->19->18->4->16
20	41925	41191.370471368624	177	1	0.04688549041748047	1->3->10->2->5->12->15->8->6->13->11->9->14->17->20->7->19->18->4->16
20	41925	41191.370471368624	177	1	0.04284477233886719	1->3->10->2->5->12->15->8->6->13->11->9->14->17->20->7->19->18->4->16
20	41925	41191.370471368624	177	1	0.054894208908081055	1->3->10->2->5->12->15->8->6->13->11->9->14->17->20->7->19->18->4->16
20	41925	41191.370471368624	177	1	0.031659841537475586	1->3->10->2->5->12->15->8->6->13->11->9->14->17->20->7->19->18->4->16
20	41925	41191.370471368624	177	1	0.046877145767211914	1->3->10->2->5->12->15->8->6->13->11->9->14->17->20->7->19->18->4->16
20	41925	41191.370471368624	177	1	0.046875715255737305	1->3->10->2->5->12->15->8->6->13->11->9->14->17->20->7->19->18->4->16
20	41925	41191.370471368624	177	1	0.04687762260437012	1->3->10->2->5->12->15->8->6->13->11->9->14->17->20->7->19->18->4->16
20	41925	41191.370471368624	177	1	0.04687762260437012	1->3->10->2->5->12->15->8->6->13->11->9->14->17->20->7->19->18->4->16
20	41925	41191.370471368624	177	1	0.04687643051147461	1->3->10->2->5->12->15->8->6->13->11->9->14->17->20->7->19->18->4->16
20	41925	41191.370471368624	177	1	0.0312504768371582	1->3->10->2->5->12->15->8->6->13->11->9->14->17->20->7->19->18->4->16
20	41925	41191.370471368624	177	1	0.04687762260437012	1->3->10->2->5->12->15->8->6->13->11->9->14->17->20->7->19->18->4->16
20	41925	41191.370471368624	177	1	0.04179739952087402	1->3->10->2->5->12->15->8->6->13->11->9->14->17->20->7->19->18->4->16
20	41925	41191.370471368624	177	1	0.046878814697265625	1->3->10->2->5->12->15->8->6->13->11->9->14->17->20->7->19->18->4->16
20	41925	41191.370471368624	177	1	0.04687905311584473	1->3->10->2->5->12->15->8->6->13->11->9->14->17->20->7->19->18->4->16
20	41925	41191.370471368624	177	1	0.046877384185791016	1->3->10->2->5->12->15->8->6->13->11->9->14->17->20->7->19->18->4->16
20	41925	41191.370471368624	177	1	0.04687929153442383	1->3->10->2->5->12->15->8->6->13->11->9->14->17->20->7->19->18->4->16
20	41925	41191.370471368624	177	1	0.046875	1->3->10->2->5->12->15->8->6->13->11->9->14->17->20->7->19->18->4->16
20	41925	41191.370471368624	177	1	0.04687690734863281	1->3->10->2->5->12->15->8->6->13->11->9->14->17->20->7->19->18->4->16
20	41925	41191.370471368624	177	1	0.04315805435180664	1->3->10->2->5->12->15->8->6->13->11->9->14->17->20->7->19->18->4->16
20	41925	41191.370471368624	177	1	0.04687666893005371	1->3->10->2->5->12->15->8->6->13->11->9->14->17->20->7->19->18->4->16
20	41925	41191.370471368624	177	1	0.04687857627868652	1->3->10->2->5->12->15->8->6->13->11->9->14->17->20->7->19->18->4->16
20	41925	41191.370471368624	177	1	0.031250715255737305	1->3->10->2->5->12->15->8->6->13->11->9->14->17->20->7->19->18->4->16
20	41925	41191.370471368624	177	1	0.03125143051147461	1->3->10->2->5->12->15->8->6->13->11->9->14->17->20->7->19->18->4->16
20	41925	41191.370471368624	177	1	0.04302859306335449	1->3->10->2->5->12->15->8->6->13->11->9->14->17->20->7->19->18->4->16
20	7347	7228.064577348352	314	1	0.06904792785644531	1->3->10->2->5->12->15->8->4->9->6->11->14->16->17->20->7->19->13->18
