20	36456	35357.42542330329	2348	1	0.2790830135345459	1->14->8->16->11->10->6->9->13->4->15->12->18->2->3->19->5->17->7->20
20	36456	35357.42542330329	2348	1	0.274982213973999	1->14->8->16->11->10->6->9->13->4->15->12->18->2->3->19->5->17->7->20
20	36456	35357.42542330329	2348	1	0.26120948791503906	1->14->8->16->11->10->6->9->13->4->15->12->18->2->3->19->5->17->7->20
20	36456	35357.42542330329	2348	1	0.2656373977661133	1->14->8->16->11->10->6->9->13->4->15->12->18->2->3->19->5->17->7->20
20	36456	35357.42542330329	2348	1	0.2642369270324707	1->14->8->16->11->10->6->9->13->4->15->12->18->2->3->19->5->17->7->20
20	38655	35357.42542330329	1007	0	0.1001732349395752	1	
20	38655	35357.42542330329	369	0	0.1153407096862793	1	
20	38655	35357.42542330329	354	0	0.10134220123291016	1	
20	38655	35357.42542330329	901	0	0.10048723220825195	1	
20	38655	35357.42542330329	869	0	0.10000967979431152	1	
20	38655	35357.42542330329	1034	0	0.1144094467163086	1	
20	38655	35357.42542330329	959	0	0.10167574882507324	1	
20	38655	35357.42542330329	977	0	0.10893797874450684	1	
20	38655	35357.42542330329	1013	0	0.10954761505126953	1	
20	38655	35357.42542330329	1013	0	0.10098409652709961	1	
20	38655	35357.42542330329	913	0	0.10123682022094727	1	
20	38655	35357.42542330329	907	0	0.10061049461364746	1	
20	38655	35357.42542330329	992	0	0.10120320320129395	1	
20	38655	35357.42542330329	928	0	0.10937976837158203	1	
20	38655	35357.42542330329	1019	0	0.10938167572021484	1	
20	38655	35357.42542330329	1013	0	0.10937833786010742	1	
20	38655	35357.42542330329	1034	0	0.10938096046447754	1	
20	38655	35357.42542330329	934	0	0.10518002510070801	1	
20	38655	35357.42542330329	998	0	0.10026431083679199	1	
20	38655	35357.42542330329	1040	0	0.10938167572021484	1	
20	38655	35357.42542330329	959	0	0.10938143730163574	1	
20	38655	35357.42542330329	907	0	0.10025334358215332	1	
20	38655	35357.42542330329	1091	0	0.10938096046447754	1	
20	38655	35357.42542330329	922	0	0.10134625434875488	1	
20	38655	35357.42542330329	869	0	0.10018610954284668	1	
20	38655	35357.42542330329	1040	0	0.10937952995300293	1	
20	38655	35357.42542330329	1013	0	0.10937976837158203	1	
20	38655	35357.42542330329	1034	0	0.10938000679016113	1	
20	38655	35357.42542330329	895	0	0.10034322738647461	1	
20	38655	35357.42542330329	977	0	0.10938215255737305	1	
20	38655	35357.42542330329	1076	0	0.10938119888305664	1	
20	38655	35357.42542330329	895	0	0.10047554969787598	1	
20	38655	35357.42542330329	986	0	0.10883021354675293	1	
20	36456	35357.42542330329	2348	1	0.27188682556152344	1->14->8->16->11->10->6->9->13->4->15->12->18->2->3->19->5->17->7->20
20	36456	35357.42542330329	2348	1	0.2812650203704834	1->14->8->16->11->10->6->9->13->4->15->12->18->2->3->19->5->17->7->20
20	36456	35357.42542330329	2348	1	0.2691807746887207	1->14->8->16->11->10->6->9->13->4->15->12->18->2->3->19->5->17->7->20
20	8870	8641.046357260959	7217	1	1.0396966934204102	1->14->8->16->11->5->13->10->9->3->19->15->12->18->17->6->7->20->2->4
