20	45170	44785.525087587586	241	2	0.020743608474731445	4->12->19->9->16->17->8->20->15->13->2->7->14->6->3->11->18->5->10->1
20	45170	44785.525087587586	241	2	0.0	4->12->19->9->16->17->8->20->15->13->2->7->14->6->3->11->18->5->10->1
20	45170	44785.525087587586	241	2	0.0010867118835449219	4->12->19->9->16->17->8->20->15->13->2->7->14->6->3->11->18->5->10->1
20	45170	44785.525087587586	241	2	0.015626907348632812	4->12->19->9->16->17->8->20->15->13->2->7->14->6->3->11->18->5->10->1
20	45170	44785.525087587586	241	2	0.0	4->12->19->9->16->17->8->20->15->13->2->7->14->6->3->11->18->5->10->1
20	45170	44785.525087587586	241	2	0.005126953125	4->12->19->9->16->17->8->20->15->13->2->7->14->6->3->11->18->5->10->1
20	45170	44785.525087587586	241	2	0.023713350296020508	4->12->19->9->16->17->8->20->15->13->2->7->14->6->3->11->18->5->10->1
20	45170	44785.525087587586	241	2	0.03125286102294922	4->12->19->9->16->17->8->20->15->13->2->7->14->6->3->11->18->5->10->1
20	45170	44785.525087587586	241	2	0.014009475708007812	4->12->19->9->16->17->8->20->15->13->2->7->14->6->3->11->18->5->10->1
20	45170	44785.525087587586	241	2	0.0	4->12->19->9->16->17->8->20->15->13->2->7->14->6->3->11->18->5->10->1
20	45170	44785.525087587586	241	2	0.0042705535888671875	4->12->19->9->16->17->8->20->15->13->2->7->14->6->3->11->18->5->10->1
20	45170	44785.525087587586	241	2	0.015626192092895508	4->12->19->9->16->17->8->20->15->13->2->7->14->6->3->11->18->5->10->1
20	45170	44785.525087587586	241	2	0.0	4->12->19->9->16->17->8->20->15->13->2->7->14->6->3->11->18->5->10->1
20	45170	44785.525087587586	241	2	0.0	4->12->19->9->16->17->8->20->15->13->2->7->14->6->3->11->18->5->10->1
20	45170	44785.525087587586	241	2	0.017222166061401367	4->12->19->9->16->17->8->20->15->13->2->7->14->6->3->11->18->5->10->1
20	45170	44785.525087587586	241	2	0.015625953674316406	4->12->19->9->16->17->8->20->15->13->2->7->14->6->3->11->18->5->10->1
20	45170	44785.525087587586	241	2	0.0156252384185791	4->12->19->9->16->17->8->20->15->13->2->7->14->6->3->11->18->5->10->1
20	45170	44785.525087587586	241	2	0.0156252384185791	4->12->19->9->16->17->8->20->15->13->2->7->14->6->3->11->18->5->10->1
20	45170	44785.525087587586	241	2	0.015625476837158203	4->12->19->9->16->17->8->20->15->13->2->7->14->6->3->11->18->5->10->1
20	45170	44785.525087587586	241	2	0.0	4->12->19->9->16->17->8->20->15->13->2->7->14->6->3->11->18->5->10->1
20	45170	44785.525087587586	241	2	0.015625715255737305	4->12->19->9->16->17->8->20->15->13->2->7->14->6->3->11->18->5->10->1
20	45170	44785.525087587586	241	2	0.015626192092895508	4->12->19->9->16->17->8->20->15->13->2->7->14->6->3->11->18->5->10->1
20	45170	44785.525087587586	241	2	0.015625715255737305	4->12->19->9->16->17->8->20->15->13->2->7->14->6->3->11->18->5->10->1
20	45170	44785.525087587586	241	2	0.0	4->12->19->9->16->17->8->20->15->13->2->7->14->6->3->11->18->5->10->1
20	45170	44785.525087587586	241	2	0.015625715255737305	4->12->19->9->16->17->8->20->15->13->2->7->14->6->3->11->18->5->10->1
20	45170	44785.525087587586	241	2	0.0	4->12->19->9->16->17->8->20->15->13->2->7->14->6->3->11->18->5->10->1
20	45170	44785.525087587586	241	2	0.015627384185791016	4->12->19->9->16->17->8->20->15->13->2->7->14->6->3->11->18->5->10->1
20	45170	44785.525087587586	241	2	0.015625715255737305	4->12->19->9->16->17->8->20->15->13->2->7->14->6->3->11->18->5->10->1
20	45170	44785.525087587586	241	2	0.015623807907104492	4->12->19->9->16->17->8->20->15->13->2->7->14->6->3->11->18->5->10->1
20	45170	44785.525087587586	241	2	0.015626192092895508	4->12->19->9->16->17->8->20->15->13->2->7->14->6->3->11->18->5->10->1
20	45170	44785.525087587586	241	2	0.015625715255737305	4->12->19->9->16->17->8->20->15->13->2->7->14->6->3->11->18->5->10->1
20	45170	44785.525087587586	241	2	0.0156252384185791	4->12->19->9->16->17->8->20->15->13->2->7->14->6->3->11->18->5->10->1
20	45170	44785.525087587586	241	2	0.015626192092895508	4->12->19->9->16->17->8->20->15->13->2->7->14->6->3->11->18->5->10->1
20	45170	44785.525087587586	241	2	0.01562643051147461	4->12->19->9->16->17->8->20->15->13->2->7->14->6->3->11->18->5->10->1
20	45170	44785.525087587586	241	2	0.015625953674316406	4->12->19->9->16->17->8->20->15->13->2->7->14->6->3->11->18->5->10->1
20	45170	44785.525087587586	241	2	0.012008905410766602	4->12->19->9->16->17->8->20->15->13->2->7->14->6->3->11->18->5->10->1
20	45170	44785.525087587586	241	2	0.015624284744262695	4->12->19->9->16->17->8->20->15->13->2->7->14->6->3->11->18->5->10->1
20	45170	44785.525087587586	241	2	0.015625953674316406	4->12->19->9->16->17->8->20->15->13->2->7->14->6->3->11->18->5->10->1
20	45170	44785.525087587586	241	2	0.0	4->12->19->9->16->17->8->20->15->13->2->7->14->6->3->11->18->5->10->1
20	45170	44785.525087587586	241	2	0.015625715255737305	4->12->19->9->16->17->8->20->15->13->2->7->14->6->3->11->18->5->10->1
20	45170	44785.525087587586	241	2	0.0120086669921875	4->12->19->9->16->17->8->20->15->13->2->7->14->6->3->11->18->5->10->1
20	9327	9292.322460391426	172	4	0.011007308959960938	1->12->17->9->19->16->4->20->13->11->18->8->14->5->10->3->7->15->2->6
