20	40608	38554.09080495678	250	1	0.03125286102294922	1->2->7->20->9->11->8->16->13->19->3->17->12->4->10->18->14->15->5->6
20	40608	38554.09080495678	250	1	0.015625476837158203	1->2->7->20->9->11->8->16->13->19->3->17->12->4->10->18->14->15->5->6
20	40608	38554.09080495678	250	1	0.015625	1->2->7->20->9->11->8->16->13->19->3->17->12->4->10->18->14->15->5->6
20	40608	38554.09080495678	250	1	0.031250715255737305	1->2->7->20->9->11->8->16->13->19->3->17->12->4->10->18->14->15->5->6
20	40608	38554.09080495678	250	1	0.01562809944152832	1->2->7->20->9->11->8->16->13->19->3->17->12->4->10->18->14->15->5->6
20	40608	38554.09080495678	250	1	0.03222799301147461	1->2->7->20->9->11->8->16->13->19->3->17->12->4->10->18->14->15->5->6
20	40608	38554.09080495678	250	1	0.06250190734863281	1->2->7->20->9->11->8->16->13->19->3->17->12->4->10->18->14->15->5->6
20	40608	38554.09080495678	250	1	0.03125286102294922	1->2->7->20->9->11->8->16->13->19->3->17->12->4->10->18->14->15->5->6
20	40608	38554.09080495678	250	1	0.06249880790710449	1->2->7->20->9->11->8->16->13->19->3->17->12->4->10->18->14->15->5->6
20	40608	38554.09080495678	250	1	0.010377168655395508	1->2->7->20->9->11->8->16->13->19->3->17->12->4->10->18->14->15->5->6
20	40608	38554.09080495678	250	1	0.02501654624938965	1->2->7->20->9->11->8->16->13->19->3->17->12->4->10->18->14->15->5->6
20	40608	38554.09080495678	250	1	0.0312502384185791	1->2->7->20->9->11->8->16->13->19->3->17->12->4->10->18->14->15->5->6
20	40608	38554.09080495678	250	1	0.031250715255737305	1->2->7->20->9->11->8->16->13->19->3->17->12->4->10->18->14->15->5->6
20	40608	38554.09080495678	250	1	0.0279238224029541	1->2->7->20->9->11->8->16->13->19->3->17->12->4->10->18->14->15->5->6
20	40608	38554.09080495678	250	1	0.014772891998291016	1->2->7->20->9->11->8->16->13->19->3->17->12->4->10->18->14->15->5->6
20	40608	38554.09080495678	250	1	0.009073734283447266	1->2->7->20->9->11->8->16->13->19->3->17->12->4->10->18->14->15->5->6
20	40608	38554.09080495678	250	1	0.015629053115844727	1->2->7->20->9->11->8->16->13->19->3->17->12->4->10->18->14->15->5->6
20	40608	38554.09080495678	250	1	0.015628576278686523	1->2->7->20->9->11->8->16->13->19->3->17->12->4->10->18->14->15->5->6
20	40608	38554.09080495678	250	1	0.031256675720214844	1->2->7->20->9->11->8->16->13->19->3->17->12->4->10->18->14->15->5->6
20	40608	38554.09080495678	250	1	0.03125333786010742	1->2->7->20->9->11->8->16->13->19->3->17->12->4->10->18->14->15->5->6
20	40608	38554.09080495678	250	1	0.03125143051147461	1->2->7->20->9->11->8->16->13->19->3->17->12->4->10->18->14->15->5->6
20	40608	38554.09080495678	250	1	0.03125309944152832	1->2->7->20->9->11->8->16->13->19->3->17->12->4->10->18->14->15->5->6
20	40608	38554.09080495678	250	1	0.015628576278686523	1->2->7->20->9->11->8->16->13->19->3->17->12->4->10->18->14->15->5->6
20	40608	38554.09080495678	250	1	0.021149158477783203	1->2->7->20->9->11->8->16->13->19->3->17->12->4->10->18->14->15->5->6
20	40608	38554.09080495678	250	1	0.02551746368408203	1->2->7->20->9->11->8->16->13->19->3->17->12->4->10->18->14->15->5->6
20	40608	38554.09080495678	250	1	0.03125190734863281	1->2->7->20->9->11->8->16->13->19->3->17->12->4->10->18->14->15->5->6
20	40608	38554.09080495678	250	1	0.03125119209289551	1->2->7->20->9->11->8->16->13->19->3->17->12->4->10->18->14->15->5->6
20	40608	38554.09080495678	250	1	0.031993865966796875	1->2->7->20->9->11->8->16->13->19->3->17->12->4->10->18->14->15->5->6
20	40608	38554.09080495678	250	1	0.031249523162841797	1->2->7->20->9->11->8->16->13->19->3->17->12->4->10->18->14->15->5->6
20	40608	38554.09080495678	250	1	0.0312504768371582	1->2->7->20->9->11->8->16->13->19->3->17->12->4->10->18->14->15->5->6
20	40608	38554.09080495678	250	1	0.03125309944152832	1->2->7->20->9->11->8->16->13->19->3->17->12->4->10->18->14->15->5->6
20	40608	38554.09080495678	250	1	0.031252145767211914	1->2->7->20->9->11->8->16->13->19->3->17->12->4->10->18->14->15->5->6
20	40608	38554.09080495678	250	1	0.018208026885986328	1->2->7->20->9->11->8->16->13->19->3->17->12->4->10->18->14->15->5->6
20	40608	38554.09080495678	250	1	0.031250953674316406	1->2->7->20->9->11->8->16->13->19->3->17->12->4->10->18->14->15->5->6
20	40608	38554.09080495678	250	1	0.015627384185791016	1->2->7->20->9->11->8->16->13->19->3->17->12->4->10->18->14->15->5->6
20	40608	38554.09080495678	250	1	0.03125405311584473	1->2->7->20->9->11->8->16->13->19->3->17->12->4->10->18->14->15->5->6
20	40608	38554.09080495678	250	1	0.03125166893005371	1->2->7->20->9->11->8->16->13->19->3->17->12->4->10->18->14->15->5->6
20	40608	38554.09080495678	250	1	0.015627145767211914	1->2->7->20->9->11->8->16->13->19->3->17->12->4->10->18->14->15->5->6
20	40608	38554.09080495678	250	1	0.031252145767211914	1->2->7->20->9->11->8->16->13->19->3->17->12->4->10->18->14->15->5->6
20	40608	38554.09080495678	250	1	0.035269975662231445	1->2->7->20->9->11->8->16->13->19->3->17->12->4->10->18->14->15->5->6
20	40608	38554.09080495678	250	1	0.024015426635742188	1->2->7->20->9->11->8->16->13->19->3->17->12->4->10->18->14->15->5->6
20	40608	38554.09080495678	250	1	0.03125190734863281	1->2->7->20->9->11->8->16->13->19->3->17->12->4->10->18->14->15->5->6
20	40608	38554.09080495678	250	1	0.03125286102294922	1->2->7->20->9->11->8->16->13->19->3->17->12->4->10->18->14->15->5->6
20	40608	38554.09080495678	250	1	0.02401590347290039	1->2->7->20->9->11->8->16->13->19->3->17->12->4->10->18->14->15->5->6
20	40608	38554.09080495678	250	1	0.03502202033996582	1->2->7->20->9->11->8->16->13->19->3->17->12->4->10->18->14->15->5->6
20	9416	9075.382808749517	649	2	0.04903125762939453	1->2->7->20->9->12->19->10->8->16->13->14->18->5->4->17->6->11->3->15
20	9416	9075.382808749517	649	2	0.0550382137298584	1->2->7->20->9->12->19->10->8->16->13->14->18->5->4->17->6->11->3->15
