20	53974	50760.33254068472	1618	1	0.13068413734436035	5->2->8->7->4->9->14->11->12->18->19->13->15->6->10->16->17->3->20->1
20	53974	50760.33254068472	1618	1	0.14063429832458496	5->2->8->7->4->9->14->11->12->18->19->13->15->6->10->16->17->3->20->1
20	53974	50760.33254068472	1618	1	0.12500834465026855	5->2->8->7->4->9->14->11->12->18->19->13->15->6->10->16->17->3->20->1
20	53974	50760.33254068472	1618	1	0.12500500679016113	5->2->8->7->4->9->14->11->12->18->19->13->15->6->10->16->17->3->20->1
20	53974	50760.33254068472	1618	1	0.14177489280700684	5->2->8->7->4->9->14->11->12->18->19->13->15->6->10->16->17->3->20->1
20	64155	50760.33254068472	1554	0	0.10074353218078613	1	
20	64155	50760.33254068472	480	0	0.10016894340515137	1	
20	53974	50760.33254068472	1618	1	0.11447572708129883	1	
20	64155	50760.33254068472	580	0	0.11404705047607422	1	
20	64155	50760.33254068472	1545	0	0.10278081893920898	1	
20	64155	50760.33254068472	1545	0	0.10938143730163574	1	
20	64155	50760.33254068472	1484	0	0.10938167572021484	1	
20	64155	50760.33254068472	1461	0	0.1000218391418457	1	
20	64155	50760.33254068472	1503	0	0.10431027412414551	1	
20	64155	50760.33254068472	1477	0	0.10428023338317871	1	
20	53974	50760.33254068472	1618	1	0.10412359237670898	1	
20	64155	50760.33254068472	1582	0	0.10165119171142578	1	
20	53974	50760.33254068472	1618	1	0.10938215255737305	1	
20	64155	50760.33254068472	1344	0	0.1001136302947998	1	
20	64155	50760.33254068472	1477	0	0.10938143730163574	1	
20	53974	50760.33254068472	1618	1	0.10937929153442383	1	
20	53974	50760.33254068472	1618	1	0.11559104919433594	1	
20	64155	50760.33254068472	1539	0	0.10938143730163574	1	
20	53974	50760.33254068472	1618	1	0.10938119888305664	1	
20	64155	50760.33254068472	1562	0	0.10007381439208984	1	
20	53974	50760.33254068472	1618	1	0.10938072204589844	1	
20	53974	50760.33254068472	1618	1	0.10938215255737305	1	
20	64155	50760.33254068472	1608	0	0.10938048362731934	1	
20	53974	50760.33254068472	1618	1	0.10937976837158203	1	
20	64155	50760.33254068472	1519	0	0.10516786575317383	1	
20	64155	50760.33254068472	1495	0	0.10937976837158203	1	
20	64155	50760.33254068472	1597	0	0.10569143295288086	1	
20	64155	50760.33254068472	1588	0	0.10938262939453125	1	
20	53974	50760.33254068472	1618	1	0.10938143730163574	1	
20	64155	50760.33254068472	1612	0	0.10938191413879395	1	
20	64155	50760.33254068472	1477	0	0.10392618179321289	1	
20	64155	50760.33254068472	1503	0	0.10938286781311035	1	
20	53974	50760.33254068472	1618	1	0.1138772964477539	1	
20	64155	50760.33254068472	1603	0	0.10937881469726562	1	
20	53974	50760.33254068472	1618	1	0.13909292221069336	5->2->8->7->4->9->14->11->12->18->19->13->15->6->10->16->17->3->20->1
20	53974	50760.33254068472	1618	1	0.12500643730163574	5->2->8->7->4->9->14->11->12->18->19->13->15->6->10->16->17->3->20->1
20	53974	50760.33254068472	1618	1	0.14063024520874023	5->2->8->7->4->9->14->11->12->18->19->13->15->6->10->16->17->3->20->1
20	53974	50760.33254068472	1618	1	0.13509154319763184	5->2->8->7->4->9->14->11->12->18->19->13->15->6->10->16->17->3->20->1
20	53974	50760.33254068472	1618	1	0.1450960636138916	5->2->8->7->4->9->14->11->12->18->19->13->15->6->10->16->17->3->20->1
20	9783	9482.650778976498	501	4	0.06704521179199219	1->8->2->3->4->7->14->17->9->12->11->19->13->15->10->18->16->20->5->6
