20	18473	18137.894860644818	489	1	0.06574869155883789	1->6->7->2->3->4->13->11->9->10->8->5->15->18->12->14->19->17->20->16
20	18473	18137.894860644818	489	1	0.07813072204589844	1->6->7->2->3->4->13->11->9->10->8->5->15->18->12->14->19->17->20->16
20	18473	18137.894860644818	489	1	0.07812762260437012	1->6->7->2->3->4->13->11->9->10->8->5->15->18->12->14->19->17->20->16
20	18473	18137.894860644818	489	1	0.07813024520874023	1->6->7->2->3->4->13->11->9->10->8->5->15->18->12->14->19->17->20->16
20	18473	18137.894860644818	489	1	0.07812952995300293	1->6->7->2->3->4->13->11->9->10->8->5->15->18->12->14->19->17->20->16
20	18473	18137.894860644818	489	1	0.07813429832458496	1->6->7->2->3->4->13->11->9->10->8->5->15->18->12->14->19->17->20->16
20	19832	18137.894860644818	175	0	0.10582327842712402	1	
20	19832	18137.894860644818	205	0	0.1043996810913086	1	
20	18473	18137.894860644818	489	1	0.07813143730163574	1->6->7->2->3->4->13->11->9->10->8->5->15->18->12->14->19->17->20->16
20	18473	18137.894860644818	489	1	0.07286524772644043	1->6->7->2->3->4->13->11->9->10->8->5->15->18->12->14->19->17->20->16
20	18473	18137.894860644818	489	1	0.07898187637329102	1->6->7->2->3->4->13->11->9->10->8->5->15->18->12->14->19->17->20->16
20	18473	18137.894860644818	489	1	0.07812952995300293	1->6->7->2->3->4->13->11->9->10->8->5->15->18->12->14->19->17->20->16
20	18473	18137.894860644818	489	1	0.06659841537475586	1->6->7->2->3->4->13->11->9->10->8->5->15->18->12->14->19->17->20->16
20	18473	18137.894860644818	489	1	0.08305573463439941	1->6->7->2->3->4->13->11->9->10->8->5->15->18->12->14->19->17->20->16
20	18473	18137.894860644818	489	1	0.08086252212524414	1->6->7->2->3->4->13->11->9->10->8->5->15->18->12->14->19->17->20->16
20	18473	18137.894860644818	489	1	0.07812952995300293	1->6->7->2->3->4->13->11->9->10->8->5->15->18->12->14->19->17->20->16
20	18473	18137.894860644818	489	1	0.08488821983337402	1->6->7->2->3->4->13->11->9->10->8->5->15->18->12->14->19->17->20->16
20	18473	18137.894860644818	489	1	0.09105420112609863	1->6->7->2->3->4->13->11->9->10->8->5->15->18->12->14->19->17->20->16
20	18473	18137.894860644818	489	1	0.07812881469726562	1->6->7->2->3->4->13->11->9->10->8->5->15->18->12->14->19->17->20->16
20	18473	18137.894860644818	489	1	0.07813024520874023	1->6->7->2->3->4->13->11->9->10->8->5->15->18->12->14->19->17->20->16
20	18473	18137.894860644818	489	1	0.07812976837158203	1->6->7->2->3->4->13->11->9->10->8->5->15->18->12->14->19->17->20->16
20	18473	18137.894860644818	489	1	0.07812881469726562	1->6->7->2->3->4->13->11->9->10->8->5->15->18->12->14->19->17->20->16
20	18473	18137.894860644818	489	1	0.07813000679016113	1->6->7->2->3->4->13->11->9->10->8->5->15->18->12->14->19->17->20->16
20	18473	18137.894860644818	489	1	0.08464479446411133	1->6->7->2->3->4->13->11->9->10->8->5->15->18->12->14->19->17->20->16
20	18473	18137.894860644818	489	1	0.08233428001403809	1->6->7->2->3->4->13->11->9->10->8->5->15->18->12->14->19->17->20->16
20	18473	18137.894860644818	489	1	0.07812714576721191	1->6->7->2->3->4->13->11->9->10->8->5->15->18->12->14->19->17->20->16
20	18473	18137.894860644818	489	1	0.07967710494995117	1->6->7->2->3->4->13->11->9->10->8->5->15->18->12->14->19->17->20->16
20	18473	18137.894860644818	489	1	0.07813668251037598	1->6->7->2->3->4->13->11->9->10->8->5->15->18->12->14->19->17->20->16
20	18473	18137.894860644818	489	1	0.09375500679016113	1->6->7->2->3->4->13->11->9->10->8->5->15->18->12->14->19->17->20->16
20	18473	18137.894860644818	489	1	0.07698535919189453	1->6->7->2->3->4->13->11->9->10->8->5->15->18->12->14->19->17->20->16
20	18473	18137.894860644818	489	1	0.08135461807250977	1->6->7->2->3->4->13->11->9->10->8->5->15->18->12->14->19->17->20->16
20	18473	18137.894860644818	489	1	0.07813167572021484	1->6->7->2->3->4->13->11->9->10->8->5->15->18->12->14->19->17->20->16
20	18473	18137.894860644818	489	1	0.07506251335144043	1->6->7->2->3->4->13->11->9->10->8->5->15->18->12->14->19->17->20->16
20	18473	18137.894860644818	489	1	0.06800961494445801	1->6->7->2->3->4->13->11->9->10->8->5->15->18->12->14->19->17->20->16
20	18473	18137.894860644818	489	1	0.0853269100189209	1->6->7->2->3->4->13->11->9->10->8->5->15->18->12->14->19->17->20->16
20	18473	18137.894860644818	489	1	0.07812952995300293	1->6->7->2->3->4->13->11->9->10->8->5->15->18->12->14->19->17->20->16
20	18473	18137.894860644818	489	1	0.07954907417297363	1->6->7->2->3->4->13->11->9->10->8->5->15->18->12->14->19->17->20->16
20	18473	18137.894860644818	489	1	0.0764622688293457	1->6->7->2->3->4->13->11->9->10->8->5->15->18->12->14->19->17->20->16
20	18473	18137.894860644818	489	1	0.07812929153442383	1->6->7->2->3->4->13->11->9->10->8->5->15->18->12->14->19->17->20->16
20	18473	18137.894860644818	489	1	0.07812929153442383	1->6->7->2->3->4->13->11->9->10->8->5->15->18->12->14->19->17->20->16
20	18473	18137.894860644818	489	1	0.07705235481262207	1->6->7->2->3->4->13->11->9->10->8->5->15->18->12->14->19->17->20->16
20	6545	6369.778075254959	2007	1	0.5503699779510498	1->6->7->2->4->3->13->11->10->5->9->8->14->18->12->15->19->17->16->20
