20	36355	35392.414908051665	2896	1	0.39858412742614746	1->6->4->7->2->15->11->13->5->10->12->17->18->16->19->8->14->3->20->9
20	36355	35392.414908051665	2896	1	0.39751338958740234	1->6->4->7->2->15->11->13->5->10->12->17->18->16->19->8->14->3->20->9
20	36355	35392.414908051665	2896	1	0.398895263671875	1->6->4->7->2->15->11->13->5->10->12->17->18->16->19->8->14->3->20->9
20	36355	35392.414908051665	2896	1	0.3949882984161377	1->6->4->7->2->15->11->13->5->10->12->17->18->16->19->8->14->3->20->9
20	36355	35392.414908051665	2896	1	0.40256190299987793	1->6->4->7->2->15->11->13->5->10->12->17->18->16->19->8->14->3->20->9
20	37117	35392.414908051665	694	0	0.10083770751953125	1	
20	37117	35392.414908051665	281	0	0.10569334030151367	1	
20	37117	35392.414908051665	243	0	0.10096120834350586	1	
20	37117	35392.414908051665	707	0	0.10936450958251953	1	
20	37117	35392.414908051665	694	0	0.10018467903137207	1	
20	37117	35392.414908051665	707	0	0.11435079574584961	1	
20	37117	35392.414908051665	719	0	0.11160993576049805	1	
20	37117	35392.414908051665	814	0	0.10937976837158203	1	
20	37117	35392.414908051665	562	0	0.10027408599853516	1	
20	37117	35392.414908051665	662	0	0.10058760643005371	1	
20	37117	35392.414908051665	789	0	0.10981011390686035	1	
20	37117	35392.414908051665	789	0	0.11471009254455566	1	
20	37117	35392.414908051665	615	0	0.10106492042541504	1	
20	37117	35392.414908051665	598	0	0.10498881340026855	1	
20	37117	35392.414908051665	730	0	0.10514569282531738	1	
20	37117	35392.414908051665	615	0	0.10002279281616211	1	
20	37117	35392.414908051665	819	0	0.1109616756439209	1	
20	37117	35392.414908051665	814	0	0.11339783668518066	1	
20	37117	35392.414908051665	682	0	0.10026836395263672	1	
20	37117	35392.414908051665	701	0	0.10938024520874023	1	
20	37117	35392.414908051665	580	0	0.1002645492553711	1	
20	37117	35392.414908051665	752	0	0.10937142372131348	1	
20	37117	35392.414908051665	770	0	0.10937929153442383	1	
20	37117	35392.414908051665	633	0	0.10229754447937012	1	
20	37117	35392.414908051665	701	0	0.10937905311584473	1	
20	37117	35392.414908051665	688	0	0.10938072204589844	1	
20	37117	35392.414908051665	701	0	0.11101579666137695	1	
20	37117	35392.414908051665	730	0	0.10977387428283691	1	
20	37117	35392.414908051665	656	0	0.10342001914978027	1	
20	37117	35392.414908051665	742	0	0.10938119888305664	1	
20	37117	35392.414908051665	736	0	0.10513091087341309	1	
20	37117	35392.414908051665	796	0	0.10938167572021484	1	
20	37117	35392.414908051665	777	0	0.10938215255737305	1	
20	36355	35392.414908051665	2896	1	0.3956449031829834	1->6->4->7->2->15->11->13->5->10->12->17->18->16->19->8->14->3->20->9
20	36355	35392.414908051665	2896	1	0.40627026557922363	1->6->4->7->2->15->11->13->5->10->12->17->18->16->19->8->14->3->20->9
20	36355	35392.414908051665	2896	1	0.39226198196411133	1->6->4->7->2->15->11->13->5->10->12->17->18->16->19->8->14->3->20->9
20	7930	7674.609991665712	104711	1	117.89282202720642	1->15->4->2->7->9->10->13->8->6->11->5->3->16->18->19->17->14->12->20
