20	36764	35839.118613607185	358	1	0.031249046325683594	1->6->8->14->2->5->4->17->12->11->20->16->19->15->18->13->10->7->9->3
20	36764	35839.118613607185	358	1	0.03125190734863281	1->6->8->14->2->5->4->17->12->11->20->16->19->15->18->13->10->7->9->3
20	36764	35839.118613607185	358	1	0.031250715255737305	1->6->8->14->2->5->4->17->12->11->20->16->19->15->18->13->10->7->9->3
20	36764	35839.118613607185	358	1	0.04687690734863281	1->6->8->14->2->5->4->17->12->11->20->16->19->15->18->13->10->7->9->3
20	36764	35839.118613607185	358	1	0.05532526969909668	1->6->8->14->2->5->4->17->12->11->20->16->19->15->18->13->10->7->9->3
20	36764	35839.118613607185	358	1	0.04687786102294922	1->6->8->14->2->5->4->17->12->11->20->16->19->15->18->13->10->7->9->3
20	36764	35839.118613607185	358	1	0.10052084922790527	1	
20	36764	35839.118613607185	358	1	0.1009371280670166	1	
20	36764	35839.118613607185	358	1	0.03262615203857422	1->6->8->14->2->5->4->17->12->11->20->16->19->15->18->13->10->7->9->3
20	36764	35839.118613607185	358	1	0.05023956298828125	1->6->8->14->2->5->4->17->12->11->20->16->19->15->18->13->10->7->9->3
20	36764	35839.118613607185	358	1	0.04687643051147461	1->6->8->14->2->5->4->17->12->11->20->16->19->15->18->13->10->7->9->3
20	36764	35839.118613607185	358	1	0.031249284744262695	1->6->8->14->2->5->4->17->12->11->20->16->19->15->18->13->10->7->9->3
20	36764	35839.118613607185	358	1	0.03855705261230469	1->6->8->14->2->5->4->17->12->11->20->16->19->15->18->13->10->7->9->3
20	36764	35839.118613607185	358	1	0.04102826118469238	1->6->8->14->2->5->4->17->12->11->20->16->19->15->18->13->10->7->9->3
20	36764	35839.118613607185	358	1	0.054451704025268555	1->6->8->14->2->5->4->17->12->11->20->16->19->15->18->13->10->7->9->3
20	36764	35839.118613607185	358	1	0.02699446678161621	1->6->8->14->2->5->4->17->12->11->20->16->19->15->18->13->10->7->9->3
20	36764	35839.118613607185	358	1	0.04742860794067383	1->6->8->14->2->5->4->17->12->11->20->16->19->15->18->13->10->7->9->3
20	36764	35839.118613607185	358	1	0.03819990158081055	1->6->8->14->2->5->4->17->12->11->20->16->19->15->18->13->10->7->9->3
20	36764	35839.118613607185	358	1	0.04002737998962402	1->6->8->14->2->5->4->17->12->11->20->16->19->15->18->13->10->7->9->3
20	36764	35839.118613607185	358	1	0.04687857627868652	1->6->8->14->2->5->4->17->12->11->20->16->19->15->18->13->10->7->9->3
20	36764	35839.118613607185	358	1	0.031250715255737305	1->6->8->14->2->5->4->17->12->11->20->16->19->15->18->13->10->7->9->3
20	36764	35839.118613607185	358	1	0.03981304168701172	1->6->8->14->2->5->4->17->12->11->20->16->19->15->18->13->10->7->9->3
20	36764	35839.118613607185	358	1	0.046878814697265625	1->6->8->14->2->5->4->17->12->11->20->16->19->15->18->13->10->7->9->3
20	36764	35839.118613607185	358	1	0.024634599685668945	1->6->8->14->2->5->4->17->12->11->20->16->19->15->18->13->10->7->9->3
20	36764	35839.118613607185	358	1	0.04687619209289551	1->6->8->14->2->5->4->17->12->11->20->16->19->15->18->13->10->7->9->3
20	36764	35839.118613607185	358	1	0.04687857627868652	1->6->8->14->2->5->4->17->12->11->20->16->19->15->18->13->10->7->9->3
20	36764	35839.118613607185	358	1	0.046875953674316406	1->6->8->14->2->5->4->17->12->11->20->16->19->15->18->13->10->7->9->3
20	36764	35839.118613607185	358	1	0.04687786102294922	1->6->8->14->2->5->4->17->12->11->20->16->19->15->18->13->10->7->9->3
20	36764	35839.118613607185	358	1	0.031252384185791016	1->6->8->14->2->5->4->17->12->11->20->16->19->15->18->13->10->7->9->3
20	36764	35839.118613607185	358	1	0.046877145767211914	1->6->8->14->2->5->4->17->12->11->20->16->19->15->18->13->10->7->9->3
20	36764	35839.118613607185	358	1	0.046875	1->6->8->14->2->5->4->17->12->11->20->16->19->15->18->13->10->7->9->3
20	36764	35839.118613607185	358	1	0.05027318000793457	1->6->8->14->2->5->4->17->12->11->20->16->19->15->18->13->10->7->9->3
20	36764	35839.118613607185	358	1	0.046877384185791016	1->6->8->14->2->5->4->17->12->11->20->16->19->15->18->13->10->7->9->3
20	36764	35839.118613607185	358	1	0.04687786102294922	1->6->8->14->2->5->4->17->12->11->20->16->19->15->18->13->10->7->9->3
20	36764	35839.118613607185	358	1	0.04687786102294922	1->6->8->14->2->5->4->17->12->11->20->16->19->15->18->13->10->7->9->3
20	36764	35839.118613607185	358	1	0.04687142372131348	1->6->8->14->2->5->4->17->12->11->20->16->19->15->18->13->10->7->9->3
20	36764	35839.118613607185	358	1	0.046877384185791016	1->6->8->14->2->5->4->17->12->11->20->16->19->15->18->13->10->7->9->3
20	36764	35839.118613607185	358	1	0.04030299186706543	1->6->8->14->2->5->4->17->12->11->20->16->19->15->18->13->10->7->9->3
20	36764	35839.118613607185	358	1	0.04687690734863281	1->6->8->14->2->5->4->17->12->11->20->16->19->15->18->13->10->7->9->3
20	36764	35839.118613607185	358	1	0.031249284744262695	1->6->8->14->2->5->4->17->12->11->20->16->19->15->18->13->10->7->9->3
20	36764	35839.118613607185	358	1	0.038025856018066406	1->6->8->14->2->5->4->17->12->11->20->16->19->15->18->13->10->7->9->3
20	8409	8218.322116395571	234	2	0.02601933479309082	1->2->6->8->14->5->7->4->12->9->17->20->16->19->11->3->13->10->15->18
