20	36966	36120.64127414555	209	1	0.01562786102294922	3->18->16->10->8->11->15->20->9->17->12->5->13->4->2->14->7->1->6->19
20	36966	36120.64127414555	209	1	0.023152589797973633	3->18->16->10->8->11->15->20->9->17->12->5->13->4->2->14->7->1->6->19
20	36966	36120.64127414555	209	1	0.015625953674316406	3->18->16->10->8->11->15->20->9->17->12->5->13->4->2->14->7->1->6->19
20	36966	36120.64127414555	209	1	0.0	3->18->16->10->8->11->15->20->9->17->12->5->13->4->2->14->7->1->6->19
20	36966	36120.64127414555	209	1	0.0	3->18->16->10->8->11->15->20->9->17->12->5->13->4->2->14->7->1->6->19
20	36966	36120.64127414555	209	1	0.012007713317871094	3->18->16->10->8->11->15->20->9->17->12->5->13->4->2->14->7->1->6->19
20	36966	36120.64127414555	209	1	0.02901911735534668	3->18->16->10->8->11->15->20->9->17->12->5->13->4->2->14->7->1->6->19
20	36966	36120.64127414555	209	1	0.015623092651367188	3->18->16->10->8->11->15->20->9->17->12->5->13->4->2->14->7->1->6->19
20	36966	36120.64127414555	209	1	0.015625953674316406	3->18->16->10->8->11->15->20->9->17->12->5->13->4->2->14->7->1->6->19
20	36966	36120.64127414555	209	1	0.0	3->18->16->10->8->11->15->20->9->17->12->5->13->4->2->14->7->1->6->19
20	36966	36120.64127414555	209	1	0.015626192092895508	3->18->16->10->8->11->15->20->9->17->12->5->13->4->2->14->7->1->6->19
20	36966	36120.64127414555	209	1	0.0062351226806640625	3->18->16->10->8->11->15->20->9->17->12->5->13->4->2->14->7->1->6->19
20	36966	36120.64127414555	209	1	0.02103590965270996	3->18->16->10->8->11->15->20->9->17->12->5->13->4->2->14->7->1->6->19
20	36966	36120.64127414555	209	1	0.015625476837158203	3->18->16->10->8->11->15->20->9->17->12->5->13->4->2->14->7->1->6->19
20	36966	36120.64127414555	209	1	0.0	3->18->16->10->8->11->15->20->9->17->12->5->13->4->2->14->7->1->6->19
20	36966	36120.64127414555	209	1	0.0156252384185791	3->18->16->10->8->11->15->20->9->17->12->5->13->4->2->14->7->1->6->19
20	36966	36120.64127414555	209	1	0.0	3->18->16->10->8->11->15->20->9->17->12->5->13->4->2->14->7->1->6->19
20	36966	36120.64127414555	209	1	0.015625953674316406	3->18->16->10->8->11->15->20->9->17->12->5->13->4->2->14->7->1->6->19
20	36966	36120.64127414555	209	1	0.0	3->18->16->10->8->11->15->20->9->17->12->5->13->4->2->14->7->1->6->19
20	36966	36120.64127414555	209	1	0.01562643051147461	3->18->16->10->8->11->15->20->9->17->12->5->13->4->2->14->7->1->6->19
20	36966	36120.64127414555	209	1	0.015625476837158203	3->18->16->10->8->11->15->20->9->17->12->5->13->4->2->14->7->1->6->19
20	36966	36120.64127414555	209	1	0.015625953674316406	3->18->16->10->8->11->15->20->9->17->12->5->13->4->2->14->7->1->6->19
20	36966	36120.64127414555	209	1	0.0	3->18->16->10->8->11->15->20->9->17->12->5->13->4->2->14->7->1->6->19
20	36966	36120.64127414555	209	1	0.0156252384185791	3->18->16->10->8->11->15->20->9->17->12->5->13->4->2->14->7->1->6->19
20	36966	36120.64127414555	209	1	0.0	3->18->16->10->8->11->15->20->9->17->12->5->13->4->2->14->7->1->6->19
20	36966	36120.64127414555	209	1	0.01562643051147461	3->18->16->10->8->11->15->20->9->17->12->5->13->4->2->14->7->1->6->19
20	36966	36120.64127414555	209	1	0.0	3->18->16->10->8->11->15->20->9->17->12->5->13->4->2->14->7->1->6->19
20	36966	36120.64127414555	209	1	0.01562643051147461	3->18->16->10->8->11->15->20->9->17->12->5->13->4->2->14->7->1->6->19
20	36966	36120.64127414555	209	1	0.01562643051147461	3->18->16->10->8->11->15->20->9->17->12->5->13->4->2->14->7->1->6->19
20	36966	36120.64127414555	209	1	0.015625715255737305	3->18->16->10->8->11->15->20->9->17->12->5->13->4->2->14->7->1->6->19
20	36966	36120.64127414555	209	1	0.0156252384185791	3->18->16->10->8->11->15->20->9->17->12->5->13->4->2->14->7->1->6->19
20	36966	36120.64127414555	209	1	0.0	3->18->16->10->8->11->15->20->9->17->12->5->13->4->2->14->7->1->6->19
20	36966	36120.64127414555	209	1	0.015625715255737305	3->18->16->10->8->11->15->20->9->17->12->5->13->4->2->14->7->1->6->19
20	36966	36120.64127414555	209	1	0.010006904602050781	3->18->16->10->8->11->15->20->9->17->12->5->13->4->2->14->7->1->6->19
20	36966	36120.64127414555	209	1	0.015625476837158203	3->18->16->10->8->11->15->20->9->17->12->5->13->4->2->14->7->1->6->19
20	36966	36120.64127414555	209	1	0.0	3->18->16->10->8->11->15->20->9->17->12->5->13->4->2->14->7->1->6->19
20	36966	36120.64127414555	209	1	0.015626192092895508	3->18->16->10->8->11->15->20->9->17->12->5->13->4->2->14->7->1->6->19
20	36966	36120.64127414555	209	1	0.0	3->18->16->10->8->11->15->20->9->17->12->5->13->4->2->14->7->1->6->19
20	36966	36120.64127414555	209	1	0.01562643051147461	3->18->16->10->8->11->15->20->9->17->12->5->13->4->2->14->7->1->6->19
20	36966	36120.64127414555	209	1	0.015624761581420898	3->18->16->10->8->11->15->20->9->17->12->5->13->4->2->14->7->1->6->19
20	36966	36120.64127414555	209	1	0.011007308959960938	3->18->16->10->8->11->15->20->9->17->12->5->13->4->2->14->7->1->6->19
20	7143	7115.95	198	1	0.011007547378540039	3->2->16->10->8->11->20->12->14->9->4->15->19->18->17->13->6->7->1->5
