20	36456	34938.01994731861	4429	1	0.5611650943756104	1->14->8->16->11->10->6->9->13->4->15->12->18->2->3->19->5->17->7->20
20	36456	34938.01994731861	4429	1	0.5540099143981934	1->14->8->16->11->10->6->9->13->4->15->12->18->2->3->19->5->17->7->20
20	36456	34938.01994731861	4429	1	0.5106160640716553	1	
20	36456	34938.01994731861	4429	1	0.500028133392334	1	
20	36456	34938.01994731861	4429	1	0.5100176334381104	1	
20	38655	34938.01994731861	941	0	0.10938096046447754	1	
20	38655	34938.01994731861	320	0	0.10167169570922852	1	
20	38655	34938.01994731861	870	0	0.10067582130432129	1	
20	38655	34938.01994731861	377	0	0.10505867004394531	1	
20	38655	34938.01994731861	971	0	0.10962271690368652	1	
20	38655	34938.01994731861	886	0	0.1082010269165039	1	
20	38655	34938.01994731861	822	0	0.10635781288146973	1	
20	38655	34938.01994731861	843	0	0.10047245025634766	1	
20	38655	34938.01994731861	879	0	0.1008002758026123	1	
20	38655	34938.01994731861	956	0	0.10835075378417969	1	
20	38655	34938.01994731861	834	0	0.10080480575561523	1	
20	38655	34938.01994731861	1033	0	0.11009526252746582	1	
20	38655	34938.01994731861	996	0	0.1130518913269043	1	
20	38655	34938.01994731861	822	0	0.10044193267822266	1	
20	38655	34938.01994731861	926	0	0.10937929153442383	1	
20	38655	34938.01994731861	984	0	0.10937976837158203	1	
20	38655	34938.01994731861	950	0	0.10937905311584473	1	
20	38655	34938.01994731861	935	0	0.10938024520874023	1	
20	38655	34938.01994731861	971	0	0.10938167572021484	1	
20	38655	34938.01994731861	795	0	0.1000669002532959	1	
20	38655	34938.01994731861	1040	0	0.10849905014038086	1	
20	38655	34938.01994731861	950	0	0.10722589492797852	1	
20	38655	34938.01994731861	892	0	0.10938167572021484	1	
20	38655	34938.01994731861	1071	0	0.11084127426147461	1	
20	38655	34938.01994731861	848	0	0.10937929153442383	1	
20	38655	34938.01994731861	789	0	0.10148072242736816	1	
20	38655	34938.01994731861	950	0	0.10938000679016113	1	
20	38655	34938.01994731861	919	0	0.10938167572021484	1	
20	38655	34938.01994731861	971	0	0.11292386054992676	1	
20	38655	34938.01994731861	904	0	0.10399770736694336	1	
20	38655	34938.01994731861	904	0	0.10537004470825195	1	
20	38655	34938.01994731861	879	0	0.10938000679016113	1	
20	38655	34938.01994731861	892	0	0.1033780574798584	1	
20	38655	34938.01994731861	863	0	0.10938096046447754	1	
20	36456	34938.01994731861	4429	1	0.5893948078155518	1->14->8->16->11->10->6->9->13->4->15->12->18->2->3->19->5->17->7->20
20	36456	34938.01994731861	4429	1	0.5469036102294922	1->14->8->16->11->10->6->9->13->4->15->12->18->2->3->19->5->17->7->20
20	36456	34938.01994731861	4429	1	0.6719121932983398	1->14->8->16->11->10->6->9->13->4->15->12->18->2->3->19->5->17->7->20
20	36456	34938.01994731861	4429	1	0.5723848342895508	1->14->8->16->11->10->6->9->13->4->15->12->18->2->3->19->5->17->7->20
20	36456	34938.01994731861	4429	1	0.5903952121734619	1->14->8->16->11->10->6->9->13->4->15->12->18->2->3->19->5->17->7->20
20	8870	8537.496651111636	15977	1	3.656444549560547	1->14->8->16->11->5->13->10->9->3->19->15->12->18->17->6->7->20->2->4
