20	26518	25304.197372570037	361	2	0.11852240562438965	1->12->17->4->8->10->9->7->13->14->11->20->16->2->18->6->15->5->3->19
20	26518	25304.197372570037	361	2	0.10540056228637695	1->12->17->4->8->10->9->7->13->14->11->20->16->2->18->6->15->5->3->19
20	26518	25304.197372570037	361	2	0.10937714576721191	1->12->17->4->8->10->9->7->13->14->11->20->16->2->18->6->15->5->3->19
20	26518	25304.197372570037	361	2	0.09375619888305664	1->12->17->4->8->10->9->7->13->14->11->20->16->2->18->6->15->5->3->19
20	26518	25304.197372570037	361	2	0.10938286781311035	1->12->17->4->8->10->9->7->13->14->11->20->16->2->18->6->15->5->3->19
20	26970	25304.197372570037	270	0	0.10493016242980957	1	
20	26970	25304.197372570037	119	0	0.1016089916229248	1	
20	26970	25304.197372570037	352	0	0.1038970947265625	1	
20	26970	25304.197372570037	121	0	0.10938000679016113	1	
20	26970	25304.197372570037	269	0	0.10384964942932129	1	
20	26970	25304.197372570037	257	0	0.10938119888305664	1	
20	26970	25304.197372570037	294	0	0.10930562019348145	1	
20	26970	25304.197372570037	132	0	0.1008443832397461	1	
20	26970	25304.197372570037	271	0	0.10987687110900879	1	
20	26970	25304.197372570037	282	0	0.1059725284576416	1	
20	26970	25304.197372570037	260	0	0.10061860084533691	1	
20	26970	25304.197372570037	268	0	0.10938549041748047	1	
20	26970	25304.197372570037	259	0	0.100250244140625	1	
20	26970	25304.197372570037	277	0	0.10048794746398926	1	
20	26970	25304.197372570037	259	0	0.10034418106079102	1	
20	26970	25304.197372570037	264	0	0.10937976837158203	1	
20	26970	25304.197372570037	259	0	0.10004067420959473	1	
20	26970	25304.197372570037	336	0	0.10937833786010742	1	
20	26970	25304.197372570037	287	0	0.10937952995300293	1	
20	26970	25304.197372570037	286	0	0.1000661849975586	1	
20	26518	25304.197372570037	361	2	0.09978985786437988	1->12->17->4->8->10->9->7->13->14->11->20->16->2->18->6->15->5->3->19
20	26970	25304.197372570037	301	0	0.10938119888305664	1	
20	26970	25304.197372570037	301	0	0.10937976837158203	1	
20	26970	25304.197372570037	303	0	0.11163783073425293	1	
20	26970	25304.197372570037	259	0	0.10897397994995117	1	
20	26970	25304.197372570037	285	0	0.10938119888305664	1	
20	26970	25304.197372570037	294	0	0.10033822059631348	1	
20	26970	25304.197372570037	297	0	0.10938024520874023	1	
20	26970	25304.197372570037	129	0	0.10937762260437012	1	
20	26970	25304.197372570037	285	0	0.10083436965942383	1	
20	26970	25304.197372570037	341	0	0.10938000679016113	1	
20	26970	25304.197372570037	226	0	0.10310578346252441	1	
20	26518	25304.197372570037	361	2	0.09468746185302734	1->12->17->4->8->10->9->7->13->14->11->20->16->2->18->6->15->5->3->19
20	26970	25304.197372570037	299	0	0.10938072204589844	1	
20	26518	25304.197372570037	361	2	0.12715482711791992	1->12->17->4->8->10->9->7->13->14->11->20->16->2->18->6->15->5->3->19
20	26518	25304.197372570037	361	2	0.10606884956359863	1->12->17->4->8->10->9->7->13->14->11->20->16->2->18->6->15->5->3->19
20	26518	25304.197372570037	361	2	0.10938096046447754	1->12->17->4->8->10->9->7->13->14->11->20->16->2->18->6->15->5->3->19
20	26518	25304.197372570037	361	2	0.12500762939453125	1->12->17->4->8->10->9->7->13->14->11->20->16->2->18->6->15->5->3->19
20	26518	25304.197372570037	361	2	0.10406827926635742	1->12->17->4->8->10->9->7->13->14->11->20->16->2->18->6->15->5->3->19
20	26518	25304.197372570037	361	2	0.11107444763183594	1->12->17->4->8->10->9->7->13->14->11->20->16->2->18->6->15->5->3->19
20	7432	7158.726333046169	6904	1	0.9146096706390381	1->12->4->10->17->8->9->7->6->18->14->20->11->15->5->3->16->2->13->19
20	7432	7158.726333046169	6904	1	1.0537042617797852	1->12->4->10->17->8->9->7->6->18->14->20->11->15->5->3->16->2->13->19
