20	34037	32504.752157250186	2175	1	0.1953279972076416	3->18->4->7->15->9->13->14->11->5->19->12->2->17->16->20->10->8->1->6
20	34037	32504.752157250186	2175	1	0.20313572883605957	3->18->4->7->15->9->13->14->11->5->19->12->2->17->16->20->10->8->1->6
20	34037	32504.752157250186	2175	1	0.19841313362121582	3->18->4->7->15->9->13->14->11->5->19->12->2->17->16->20->10->8->1->6
20	34037	32504.752157250186	2175	1	0.18751025199890137	3->18->4->7->15->9->13->14->11->5->19->12->2->17->16->20->10->8->1->6
20	34037	32504.752157250186	2175	1	0.17886567115783691	3->18->4->7->15->9->13->14->11->5->19->12->2->17->16->20->10->8->1->6
20	40045	32504.752157250186	1606	0	0.10976529121398926	1	
20	40045	32504.752157250186	518	0	0.10061192512512207	1	
20	40045	32504.752157250186	1514	0	0.10100698471069336	1	
20	40045	32504.752157250186	456	0	0.10031270980834961	1	
20	40045	32504.752157250186	1494	0	0.10037803649902344	1	
20	40045	32504.752157250186	1289	0	0.10079407691955566	1	
20	40045	32504.752157250186	1485	0	0.10938048362731934	1	
20	40045	32504.752157250186	1464	0	0.10069060325622559	1	
20	40045	32504.752157250186	1456	0	0.10938096046447754	1	
20	40045	32504.752157250186	1574	0	0.10575342178344727	1	
20	40045	32504.752157250186	1504	0	0.10047268867492676	1	
20	40045	32504.752157250186	1328	0	0.10008955001831055	1	
20	40045	32504.752157250186	1564	0	0.10938072204589844	1	
20	40045	32504.752157250186	1413	0	0.10025548934936523	1	
20	40045	32504.752157250186	1365	0	0.10032129287719727	1	
20	40045	32504.752157250186	1524	0	0.11284446716308594	1	
20	40045	32504.752157250186	1514	0	0.10035991668701172	1	
20	40045	32504.752157250186	1376	0	0.10228681564331055	1	
20	40045	32504.752157250186	1553	0	0.10938286781311035	1	
20	40045	32504.752157250186	1514	0	0.10056734085083008	1	
20	40045	32504.752157250186	1376	0	0.1098020076751709	1	
20	40045	32504.752157250186	1544	0	0.10938000679016113	1	
20	40045	32504.752157250186	1654	0	0.10607528686523438	1	
20	40045	32504.752157250186	1447	0	0.1071176528930664	1	
20	40045	32504.752157250186	1535	0	0.10938477516174316	1	
20	40045	32504.752157250186	1464	0	0.10327792167663574	1	
20	40045	32504.752157250186	1553	0	0.10938119888305664	1	
20	40045	32504.752157250186	1596	0	0.10938239097595215	1	
20	40045	32504.752157250186	966	0	0.1000666618347168	1	
20	40045	32504.752157250186	1596	0	0.10938048362731934	1	
20	40045	32504.752157250186	1596	0	0.10938072204589844	1	
20	40045	32504.752157250186	1475	0	0.10586047172546387	1	
20	40045	32504.752157250186	1606	0	0.10938143730163574	1	
20	40045	32504.752157250186	946	0	0.10018229484558105	1	
20	34037	32504.752157250186	2175	1	0.18751096725463867	3->18->4->7->15->9->13->14->11->5->19->12->2->17->16->20->10->8->1->6
20	34037	32504.752157250186	2175	1	0.19713115692138672	3->18->4->7->15->9->13->14->11->5->19->12->2->17->16->20->10->8->1->6
20	34037	32504.752157250186	2175	1	0.18750977516174316	3->18->4->7->15->9->13->14->11->5->19->12->2->17->16->20->10->8->1->6
20	34037	32504.752157250186	2175	1	0.20313572883605957	3->18->4->7->15->9->13->14->11->5->19->12->2->17->16->20->10->8->1->6
20	34037	32504.752157250186	2175	1	0.18712592124938965	3->18->4->7->15->9->13->14->11->5->19->12->2->17->16->20->10->8->1->6
20	34037	32504.752157250186	2175	1	0.19713115692138672	3->18->4->7->15->9->13->14->11->5->19->12->2->17->16->20->10->8->1->6
20	8485	8366.91651056048	2650	4	0.5513691902160645	1->18->3->14->15->7->5->13->11->9->4->16->12->19->8->10->6->17->2->20
20	8485	8366.91651056048	2650	4	0.6324243545532227	1->18->3->14->15->7->5->13->11->9->4->16->12->19->8->10->6->17->2->20
