20	34118	33066.98986898662	638	1	0.046878814697265625	3->18->4->7->15->9->13->14->11->5->19->12->2->16->17->20->10->8->1->6
20	34118	33066.98986898662	638	1	0.04687690734863281	3->18->4->7->15->9->13->14->11->5->19->12->2->16->17->20->10->8->1->6
20	34118	33066.98986898662	638	1	0.04687905311584473	3->18->4->7->15->9->13->14->11->5->19->12->2->16->17->20->10->8->1->6
20	34118	33066.98986898662	638	1	0.041284799575805664	3->18->4->7->15->9->13->14->11->5->19->12->2->16->17->20->10->8->1->6
20	34118	33066.98986898662	638	1	0.04722189903259277	3->18->4->7->15->9->13->14->11->5->19->12->2->16->17->20->10->8->1->6
20	34118	33066.98986898662	638	1	0.053833723068237305	3->18->4->7->15->9->13->14->11->5->19->12->2->16->17->20->10->8->1->6
20	40045	33066.98986898662	591	0	0.11413908004760742	1	
20	40045	33066.98986898662	581	0	0.10093998908996582	1	
20	34118	33066.98986898662	638	1	0.05480146408081055	3->18->4->7->15->9->13->14->11->5->19->12->2->16->17->20->10->8->1->6
20	34118	33066.98986898662	638	1	0.06250190734863281	3->18->4->7->15->9->13->14->11->5->19->12->2->16->17->20->10->8->1->6
20	34118	33066.98986898662	638	1	0.053220510482788086	3->18->4->7->15->9->13->14->11->5->19->12->2->16->17->20->10->8->1->6
20	34118	33066.98986898662	638	1	0.037314414978027344	3->18->4->7->15->9->13->14->11->5->19->12->2->16->17->20->10->8->1->6
20	34118	33066.98986898662	638	1	0.046877384185791016	3->18->4->7->15->9->13->14->11->5->19->12->2->16->17->20->10->8->1->6
20	34118	33066.98986898662	638	1	0.06897497177124023	3->18->4->7->15->9->13->14->11->5->19->12->2->16->17->20->10->8->1->6
20	34118	33066.98986898662	638	1	0.04687786102294922	3->18->4->7->15->9->13->14->11->5->19->12->2->16->17->20->10->8->1->6
20	34118	33066.98986898662	638	1	0.04687833786010742	3->18->4->7->15->9->13->14->11->5->19->12->2->16->17->20->10->8->1->6
20	34118	33066.98986898662	638	1	0.0554347038269043	3->18->4->7->15->9->13->14->11->5->19->12->2->16->17->20->10->8->1->6
20	34118	33066.98986898662	638	1	0.0468745231628418	3->18->4->7->15->9->13->14->11->5->19->12->2->16->17->20->10->8->1->6
20	34118	33066.98986898662	638	1	0.046877145767211914	3->18->4->7->15->9->13->14->11->5->19->12->2->16->17->20->10->8->1->6
20	34118	33066.98986898662	638	1	0.046878814697265625	3->18->4->7->15->9->13->14->11->5->19->12->2->16->17->20->10->8->1->6
20	34118	33066.98986898662	638	1	0.04687643051147461	3->18->4->7->15->9->13->14->11->5->19->12->2->16->17->20->10->8->1->6
20	34118	33066.98986898662	638	1	0.0599675178527832	3->18->4->7->15->9->13->14->11->5->19->12->2->16->17->20->10->8->1->6
20	34118	33066.98986898662	638	1	0.06250333786010742	3->18->4->7->15->9->13->14->11->5->19->12->2->16->17->20->10->8->1->6
20	34118	33066.98986898662	638	1	0.05339169502258301	3->18->4->7->15->9->13->14->11->5->19->12->2->16->17->20->10->8->1->6
20	34118	33066.98986898662	638	1	0.06250381469726562	3->18->4->7->15->9->13->14->11->5->19->12->2->16->17->20->10->8->1->6
20	34118	33066.98986898662	638	1	0.06858277320861816	3->18->4->7->15->9->13->14->11->5->19->12->2->16->17->20->10->8->1->6
20	34118	33066.98986898662	638	1	0.0468747615814209	3->18->4->7->15->9->13->14->11->5->19->12->2->16->17->20->10->8->1->6
20	34118	33066.98986898662	638	1	0.046878814697265625	3->18->4->7->15->9->13->14->11->5->19->12->2->16->17->20->10->8->1->6
20	34118	33066.98986898662	638	1	0.05267071723937988	3->18->4->7->15->9->13->14->11->5->19->12->2->16->17->20->10->8->1->6
20	34118	33066.98986898662	638	1	0.06250452995300293	3->18->4->7->15->9->13->14->11->5->19->12->2->16->17->20->10->8->1->6
20	34118	33066.98986898662	638	1	0.06250262260437012	3->18->4->7->15->9->13->14->11->5->19->12->2->16->17->20->10->8->1->6
20	34118	33066.98986898662	638	1	0.0468754768371582	3->18->4->7->15->9->13->14->11->5->19->12->2->16->17->20->10->8->1->6
20	34118	33066.98986898662	638	1	0.04758930206298828	3->18->4->7->15->9->13->14->11->5->19->12->2->16->17->20->10->8->1->6
20	34118	33066.98986898662	638	1	0.046875953674316406	3->18->4->7->15->9->13->14->11->5->19->12->2->16->17->20->10->8->1->6
20	34118	33066.98986898662	638	1	0.04687952995300293	3->18->4->7->15->9->13->14->11->5->19->12->2->16->17->20->10->8->1->6
20	34118	33066.98986898662	638	1	0.0488283634185791	3->18->4->7->15->9->13->14->11->5->19->12->2->16->17->20->10->8->1->6
20	34118	33066.98986898662	638	1	0.04687666893005371	3->18->4->7->15->9->13->14->11->5->19->12->2->16->17->20->10->8->1->6
20	34118	33066.98986898662	638	1	0.06250262260437012	3->18->4->7->15->9->13->14->11->5->19->12->2->16->17->20->10->8->1->6
20	34118	33066.98986898662	638	1	0.06250333786010742	3->18->4->7->15->9->13->14->11->5->19->12->2->16->17->20->10->8->1->6
20	34118	33066.98986898662	638	1	0.06250357627868652	3->18->4->7->15->9->13->14->11->5->19->12->2->16->17->20->10->8->1->6
20	34118	33066.98986898662	638	1	0.05203652381896973	3->18->4->7->15->9->13->14->11->5->19->12->2->16->17->20->10->8->1->6
20	8485	8413.516388653601	684	4	0.1310873031616211	1->18->3->14->15->7->5->13->11->9->4->16->12->19->8->10->6->17->2->20
