20	40475	39863.788392070775	1634	1	0.3094351291656494	1->2->9->3->4->8->5->7->10->16->11->13->12->14->18->17->15->19->20->6
20	40475	39863.788392070775	1634	1	0.260653018951416	1->2->9->3->4->8->5->7->10->16->11->13->12->14->18->17->15->19->20->6
20	40475	39863.788392070775	1634	1	0.26080775260925293	1->2->9->3->4->8->5->7->10->16->11->13->12->14->18->17->15->19->20->6
20	40475	39863.788392070775	1634	1	0.25817394256591797	1->2->9->3->4->8->5->7->10->16->11->13->12->14->18->17->15->19->20->6
20	40475	39863.788392070775	1634	1	0.28084635734558105	1->2->9->3->4->8->5->7->10->16->11->13->12->14->18->17->15->19->20->6
20	41746	39863.788392070775	486	0	0.10062503814697266	1	
20	41746	39863.788392070775	189	0	0.10594487190246582	1	
20	41746	39863.788392070775	206	0	0.10972070693969727	1	
20	41746	39863.788392070775	505	0	0.10528707504272461	1	
20	41746	39863.788392070775	460	0	0.10018634796142578	1	
20	41746	39863.788392070775	491	0	0.10054326057434082	1	
20	41746	39863.788392070775	535	0	0.1068563461303711	1	
20	41746	39863.788392070775	491	0	0.10976386070251465	1	
20	41746	39863.788392070775	501	0	0.10362648963928223	1	
20	41746	39863.788392070775	527	0	0.10002827644348145	1	
20	41746	39863.788392070775	542	0	0.11218619346618652	1	
20	41746	39863.788392070775	542	0	0.10129737854003906	1	
20	41746	39863.788392070775	595	0	0.1143789291381836	1	
20	41746	39863.788392070775	480	0	0.10938096046447754	1	
20	41746	39863.788392070775	575	0	0.10938310623168945	1	
20	41746	39863.788392070775	501	0	0.10938191413879395	1	
20	41746	39863.788392070775	567	0	0.10938096046447754	1	
20	41746	39863.788392070775	539	0	0.10938262939453125	1	
20	41746	39863.788392070775	462	0	0.10026669502258301	1	
20	41746	39863.788392070775	546	0	0.10937905311584473	1	
20	41746	39863.788392070775	558	0	0.10938215255737305	1	
20	41746	39863.788392070775	575	0	0.10938119888305664	1	
20	41746	39863.788392070775	521	0	0.10533308982849121	1	
20	41746	39863.788392070775	524	0	0.10938143730163574	1	
20	41746	39863.788392070775	460	0	0.1006927490234375	1	
20	41746	39863.788392070775	498	0	0.1060636043548584	1	
20	41746	39863.788392070775	498	0	0.10938191413879395	1	
20	41746	39863.788392070775	505	0	0.10938167572021484	1	
20	41746	39863.788392070775	585	0	0.10938096046447754	1	
20	41746	39863.788392070775	563	0	0.11197018623352051	1	
20	41746	39863.788392070775	480	0	0.10938096046447754	1	
20	41746	39863.788392070775	555	0	0.10938072204589844	1	
20	41746	39863.788392070775	474	0	0.10010218620300293	1	
20	40475	39863.788392070775	1634	1	0.2772867679595947	1->2->9->3->4->8->5->7->10->16->11->13->12->14->18->17->15->19->20->6
20	40475	39863.788392070775	1634	1	0.2812647819519043	1->2->9->3->4->8->5->7->10->16->11->13->12->14->18->17->15->19->20->6
20	40475	39863.788392070775	1634	1	0.26617980003356934	1->2->9->3->4->8->5->7->10->16->11->13->12->14->18->17->15->19->20->6
20	7684	7525.338089151952	10320	1	2.1404311656951904	1->2->9->3->10->4->8->5->7->16->11->6->15->12->18->14->17->13->19->20
