20	34927	33787.10320929071	414	2	0.031250715255737305	19->8->18->2->14->3->20->16->15->11->6->5->10->4->12->13->9->17->1->7
20	34927	33787.10320929071	414	2	0.015626907348632812	19->8->18->2->14->3->20->16->15->11->6->5->10->4->12->13->9->17->1->7
20	34927	33787.10320929071	414	2	0.015627622604370117	19->8->18->2->14->3->20->16->15->11->6->5->10->4->12->13->9->17->1->7
20	34927	33787.10320929071	414	2	0.0156252384185791	19->8->18->2->14->3->20->16->15->11->6->5->10->4->12->13->9->17->1->7
20	34927	33787.10320929071	414	2	0.031252145767211914	19->8->18->2->14->3->20->16->15->11->6->5->10->4->12->13->9->17->1->7
20	34927	33787.10320929071	414	2	0.01562643051147461	19->8->18->2->14->3->20->16->15->11->6->5->10->4->12->13->9->17->1->7
20	34927	33787.10320929071	414	2	0.061734676361083984	19->8->18->2->14->3->20->16->15->11->6->5->10->4->12->13->9->17->1->7
20	34927	33787.10320929071	414	2	0.0156252384185791	19->8->18->2->14->3->20->16->15->11->6->5->10->4->12->13->9->17->1->7
20	34927	33787.10320929071	414	2	0.06627631187438965	19->8->18->2->14->3->20->16->15->11->6->5->10->4->12->13->9->17->1->7
20	34927	33787.10320929071	414	2	0.015627145767211914	19->8->18->2->14->3->20->16->15->11->6->5->10->4->12->13->9->17->1->7
20	34927	33787.10320929071	414	2	0.023752689361572266	19->8->18->2->14->3->20->16->15->11->6->5->10->4->12->13->9->17->1->7
20	34927	33787.10320929071	414	2	0.03689765930175781	19->8->18->2->14->3->20->16->15->11->6->5->10->4->12->13->9->17->1->7
20	34927	33787.10320929071	414	2	0.03125262260437012	19->8->18->2->14->3->20->16->15->11->6->5->10->4->12->13->9->17->1->7
20	34927	33787.10320929071	414	2	0.015624523162841797	19->8->18->2->14->3->20->16->15->11->6->5->10->4->12->13->9->17->1->7
20	34927	33787.10320929071	414	2	0.0341191291809082	19->8->18->2->14->3->20->16->15->11->6->5->10->4->12->13->9->17->1->7
20	34927	33787.10320929071	414	2	0.03125166893005371	19->8->18->2->14->3->20->16->15->11->6->5->10->4->12->13->9->17->1->7
20	34927	33787.10320929071	414	2	0.015623807907104492	19->8->18->2->14->3->20->16->15->11->6->5->10->4->12->13->9->17->1->7
20	34927	33787.10320929071	414	2	0.03623318672180176	19->8->18->2->14->3->20->16->15->11->6->5->10->4->12->13->9->17->1->7
20	34927	33787.10320929071	414	2	0.021182775497436523	19->8->18->2->14->3->20->16->15->11->6->5->10->4->12->13->9->17->1->7
20	34927	33787.10320929071	414	2	0.015624046325683594	19->8->18->2->14->3->20->16->15->11->6->5->10->4->12->13->9->17->1->7
20	34927	33787.10320929071	414	2	0.03125286102294922	19->8->18->2->14->3->20->16->15->11->6->5->10->4->12->13->9->17->1->7
20	34927	33787.10320929071	414	2	0.031250715255737305	19->8->18->2->14->3->20->16->15->11->6->5->10->4->12->13->9->17->1->7
20	34927	33787.10320929071	414	2	0.015624761581420898	19->8->18->2->14->3->20->16->15->11->6->5->10->4->12->13->9->17->1->7
20	34927	33787.10320929071	414	2	0.03125333786010742	19->8->18->2->14->3->20->16->15->11->6->5->10->4->12->13->9->17->1->7
20	34927	33787.10320929071	414	2	0.024016380310058594	19->8->18->2->14->3->20->16->15->11->6->5->10->4->12->13->9->17->1->7
20	34927	33787.10320929071	414	2	0.03125262260437012	19->8->18->2->14->3->20->16->15->11->6->5->10->4->12->13->9->17->1->7
20	34927	33787.10320929071	414	2	0.03125166893005371	19->8->18->2->14->3->20->16->15->11->6->5->10->4->12->13->9->17->1->7
20	34927	33787.10320929071	414	2	0.015627145767211914	19->8->18->2->14->3->20->16->15->11->6->5->10->4->12->13->9->17->1->7
20	34927	33787.10320929071	414	2	0.03125405311584473	19->8->18->2->14->3->20->16->15->11->6->5->10->4->12->13->9->17->1->7
20	34927	33787.10320929071	414	2	0.04687762260437012	19->8->18->2->14->3->20->16->15->11->6->5->10->4->12->13->9->17->1->7
20	34927	33787.10320929071	414	2	0.03125166893005371	19->8->18->2->14->3->20->16->15->11->6->5->10->4->12->13->9->17->1->7
20	34927	33787.10320929071	414	2	0.03125190734863281	19->8->18->2->14->3->20->16->15->11->6->5->10->4->12->13->9->17->1->7
20	34927	33787.10320929071	414	2	0.03125405311584473	19->8->18->2->14->3->20->16->15->11->6->5->10->4->12->13->9->17->1->7
20	34927	33787.10320929071	414	2	0.015626192092895508	19->8->18->2->14->3->20->16->15->11->6->5->10->4->12->13->9->17->1->7
20	34927	33787.10320929071	414	2	0.010185956954956055	19->8->18->2->14->3->20->16->15->11->6->5->10->4->12->13->9->17->1->7
20	34927	33787.10320929071	414	2	0.009419679641723633	19->8->18->2->14->3->20->16->15->11->6->5->10->4->12->13->9->17->1->7
20	34927	33787.10320929071	414	2	0.03125166893005371	19->8->18->2->14->3->20->16->15->11->6->5->10->4->12->13->9->17->1->7
20	34927	33787.10320929071	414	2	0.031252384185791016	19->8->18->2->14->3->20->16->15->11->6->5->10->4->12->13->9->17->1->7
20	34927	33787.10320929071	414	2	0.03125119209289551	19->8->18->2->14->3->20->16->15->11->6->5->10->4->12->13->9->17->1->7
20	34927	33787.10320929071	414	2	0.015625476837158203	19->8->18->2->14->3->20->16->15->11->6->5->10->4->12->13->9->17->1->7
20	34927	33787.10320929071	414	2	0.02301645278930664	19->8->18->2->14->3->20->16->15->11->6->5->10->4->12->13->9->17->1->7
20	34927	33787.10320929071	414	2	0.03125309944152832	19->8->18->2->14->3->20->16->15->11->6->5->10->4->12->13->9->17->1->7
20	34927	33787.10320929071	414	2	0.015625	19->8->18->2->14->3->20->16->15->11->6->5->10->4->12->13->9->17->1->7
20	34927	33787.10320929071	414	2	0.02301621437072754	19->8->18->2->14->3->20->16->15->11->6->5->10->4->12->13->9->17->1->7
20	34927	33787.10320929071	414	2	0.03001999855041504	19->8->18->2->14->3->20->16->15->11->6->5->10->4->12->13->9->17->1->7
20	6766	6693.515793402001	375	8	0.021013736724853516	19->8->18->2->14->3->20->12->9->15->4->6->7->17->11->13->5->10->16->1
20	6766	6693.515793402001	375	8	0.02401590347290039	19->8->18->2->14->3->20->12->9->15->4->6->7->17->11->13->5->10->16->1
