30	71403	69218.37365142637	3823	0	1.0025558471679688	1	
30	71403	69218.37365142637	3794	0	1.011667251586914	1	
30	71403	69218.37365142637	1854	0	0.5065438747406006	1	
30	71403	69218.37365142637	1823	0	0.5000274181365967	1	
30	71403	69218.37365142637	1890	0	0.5059256553649902	1	
30	71403	69218.37365142637	366	0	0.11423015594482422	1	
30	71403	69218.37365142637	148	0	0.11246728897094727	1	
30	71403	69218.37365142637	122	0	0.10560870170593262	1	
30	71403	69218.37365142637	322	0	0.10938239097595215	1	
30	71403	69218.37365142637	302	0	0.10937833786010742	1	
30	71403	69218.37365142637	264	0	0.10207509994506836	1	
30	71403	69218.37365142637	296	0	0.10070562362670898	1	
30	71403	69218.37365142637	316	0	0.11489248275756836	1	
30	71403	69218.37365142637	302	0	0.10106921195983887	1	
30	71403	69218.37365142637	335	0	0.1141200065612793	1	
30	71403	69218.37365142637	316	0	0.10938119888305664	1	
30	71403	69218.37365142637	316	0	0.11226034164428711	1	
30	71403	69218.37365142637	283	0	0.10088443756103516	1	
30	71403	69218.37365142637	290	0	0.10937881469726562	1	
30	71403	69218.37365142637	309	0	0.10938167572021484	1	
30	71403	69218.37365142637	316	0	0.10938167572021484	1	
30	71403	69218.37365142637	322	0	0.10937786102294922	1	
30	71403	69218.37365142637	322	0	0.11525630950927734	1	
30	71403	69218.37365142637	283	0	0.10076904296875	1	
30	71403	69218.37365142637	283	0	0.10044097900390625	1	
30	71403	69218.37365142637	316	0	0.10938215255737305	1	
30	71403	69218.37365142637	296	0	0.10831856727600098	1	
30	71403	69218.37365142637	316	0	0.10938096046447754	1	
30	71403	69218.37365142637	347	0	0.10938096046447754	1	
30	71403	69218.37365142637	270	0	0.10152935981750488	1	
30	71403	69218.37365142637	309	0	0.10938143730163574	1	
30	71403	69218.37365142637	328	0	0.11448788642883301	1	
30	71403	69218.37365142637	316	0	0.10938119888305664	1	
30	71403	69218.37365142637	316	0	0.10938119888305664	1	
30	71403	69218.37365142637	341	0	0.10938215255737305	1	
30	71403	69218.37365142637	335	0	0.10735535621643066	1	
30	71403	69218.37365142637	322	0	0.10972213745117188	1	
30	71403	69218.37365142637	316	0	0.10106682777404785	1	
30	69791	69218.37365142637	6107	1	1.811457633972168	1->20->2->19->27->9->14->6->4->7->28->24->13->12->15->16->21->22->18->5->23->25->10->17->11->26->3->29->8->30
30	71403	69218.37365142637	3847	0	1.000051736831665	1	
30	69791	69218.37365142637	6107	1	1.8442347049713135	1->20->2->19->27->9->14->6->4->7->28->24->13->12->15->16->21->22->18->5->23->25->10->17->11->26->3->29->8->30
30	19365	19224.55283356581	1833	2	0.8285541534423828	1->2->23->27->19->14->9->4->6->7->20->24->28->11->12->15->16->21->18->22->25->5->10->29->17->26->8->13->3->30
