30	75349	72630.090029142	2281	0	1.0121312141418457	1	
30	75349	72630.090029142	2242	0	1.0071845054626465	1	
30	75349	72630.090029142	1131	0	0.5097353458404541	1	
30	75349	72630.090029142	1134	0	0.5152285099029541	1	
30	75349	72630.090029142	1161	0	0.505272626876831	1	
30	75349	72630.090029142	224	0	0.10058307647705078	1	
30	75349	72630.090029142	87	0	0.10058164596557617	1	
30	75349	72630.090029142	100	0	0.10938167572021484	1	
30	75349	72630.090029142	228	0	0.10244131088256836	1	
30	75349	72630.090029142	200	0	0.10637974739074707	1	
30	75349	72630.090029142	189	0	0.10012412071228027	1	
30	75349	72630.090029142	209	0	0.10103321075439453	1	
30	75349	72630.090029142	228	0	0.10938143730163574	1	
30	75349	72630.090029142	213	0	0.10129404067993164	1	
30	75349	72630.090029142	200	0	0.10510516166687012	1	
30	75349	72630.090029142	239	0	0.1061561107635498	1	
30	75349	72630.090029142	249	0	0.11524820327758789	1	
30	75349	72630.090029142	185	0	0.1002039909362793	1	
30	75349	72630.090029142	200	0	0.10938239097595215	1	
30	75349	72630.090029142	224	0	0.10937809944152832	1	
30	75349	72630.090029142	213	0	0.10938000679016113	1	
30	75349	72630.090029142	244	0	0.10693216323852539	1	
30	75349	72630.090029142	224	0	0.10870718955993652	1	
30	75349	72630.090029142	244	0	0.11545228958129883	1	
30	75349	72630.090029142	205	0	0.10776400566101074	1	
30	75349	72630.090029142	213	0	0.10915541648864746	1	
30	75349	72630.090029142	224	0	0.11525845527648926	1	
30	75349	72630.090029142	213	0	0.10796570777893066	1	
30	75349	72630.090029142	224	0	0.11074662208557129	1	
30	75349	72630.090029142	209	0	0.10938215255737305	1	
30	75349	72630.090029142	239	0	0.10484647750854492	1	
30	75349	72630.090029142	224	0	0.10937952995300293	1	
30	75349	72630.090029142	228	0	0.10937976837158203	1	
30	75349	72630.090029142	224	0	0.10938000679016113	1	
30	75349	72630.090029142	224	0	0.10863637924194336	1	
30	75349	72630.090029142	213	0	0.10206866264343262	1	
30	75349	72630.090029142	219	0	0.10938096046447754	1	
30	75349	72630.090029142	213	0	0.10206842422485352	1	
30	74402	72630.090029142	106194	1	158.48290467262268	1->2->11->6->4->5->7->3->22->29->8->9->23->15->27->10->24->26->13->16->14->20->19->12->21->17->30->18->25->28
30	75349	72630.090029142	2296	0	1.0000524520874023	1	
30	74402	72630.090029142	106194	1	160.7504744529724	1->2->11->6->4->5->7->3->22->29->8->9->23->15->27->10->24->26->13->16->14->20->19->12->21->17->30->18->25->28
30	17105	16917.236151773726	27840	4	15.838589191436768	1->2->11->6->5->29->3->7->9->22->8->4->23->15->27->10->24->17->13->12->16->18->20->21->30->28->19->14->25->26
