30	107575	104240.64587127158	3496	4	0.4228198528289795	2->3->6->13->17->19->15->20->24->16->23->27->5->26->11->4->10->29->18->30->8->22->28->1->25->14->7->9->21->12
30	107575	104240.64587127158	3496	4	0.42742228507995605	2->3->6->13->17->19->15->20->24->16->23->27->5->26->11->4->10->29->18->30->8->22->28->1->25->14->7->9->21->12
30	107575	104240.64587127158	3496	4	0.42189669609069824	2->3->6->13->17->19->15->20->24->16->23->27->5->26->11->4->10->29->18->30->8->22->28->1->25->14->7->9->21->12
30	107575	104240.64587127158	3496	4	0.42189812660217285	2->3->6->13->17->19->15->20->24->16->23->27->5->26->11->4->10->29->18->30->8->22->28->1->25->14->7->9->21->12
30	107575	104240.64587127158	3496	4	0.42189741134643555	2->3->6->13->17->19->15->20->24->16->23->27->5->26->11->4->10->29->18->30->8->22->28->1->25->14->7->9->21->12
30	122314	104240.64587127158	877	0	0.10164690017700195	1	
30	122314	104240.64587127158	373	0	0.10444092750549316	1	
30	122314	104240.64587127158	918	0	0.10065484046936035	1	
30	122314	104240.64587127158	394	0	0.11140656471252441	1	
30	122314	104240.64587127158	938	0	0.10938048362731934	1	
30	122314	104240.64587127158	877	0	0.10938096046447754	1	
30	122314	104240.64587127158	1040	0	0.11511445045471191	1	
30	122314	104240.64587127158	938	0	0.10675811767578125	1	
30	122314	104240.64587127158	979	0	0.10938262939453125	1	
30	122314	104240.64587127158	1060	0	0.1147301197052002	1	
30	122314	104240.64587127158	897	0	0.10224366188049316	1	
30	122314	104240.64587127158	938	0	0.11203980445861816	1	
30	122314	104240.64587127158	918	0	0.11009573936462402	1	
30	122314	104240.64587127158	897	0	0.10938000679016113	1	
30	122314	104240.64587127158	897	0	0.10938167572021484	1	
30	122314	104240.64587127158	1040	0	0.10688328742980957	1	
30	122314	104240.64587127158	958	0	0.10938024520874023	1	
30	122314	104240.64587127158	877	0	0.10656332969665527	1	
30	122314	104240.64587127158	979	0	0.10938119888305664	1	
30	122314	104240.64587127158	938	0	0.10056853294372559	1	
30	122314	104240.64587127158	1080	0	0.10792350769042969	1	
30	122314	104240.64587127158	857	0	0.1014704704284668	1	
30	122314	104240.64587127158	938	0	0.10938024520874023	1	
30	122314	104240.64587127158	979	0	0.10938119888305664	1	
30	122314	104240.64587127158	958	0	0.10938000679016113	1	
30	122314	104240.64587127158	918	0	0.10938119888305664	1	
30	122314	104240.64587127158	958	0	0.10938239097595215	1	
30	122314	104240.64587127158	979	0	0.10938048362731934	1	
30	122314	104240.64587127158	979	0	0.10938048362731934	1	
30	122314	104240.64587127158	958	0	0.10938215255737305	1	
30	122314	104240.64587127158	1101	0	0.1081230640411377	1	
30	122314	104240.64587127158	796	0	0.10056924819946289	1	
30	122314	104240.64587127158	999	0	0.10938024520874023	1	
30	122314	104240.64587127158	979	0	0.10937833786010742	1	
30	107575	104240.64587127158	3496	4	0.40627193450927734	2->3->6->13->17->19->15->20->24->16->23->27->5->26->11->4->10->29->18->30->8->22->28->1->25->14->7->9->21->12
30	107575	104240.64587127158	3496	4	0.40627145767211914	2->3->6->13->17->19->15->20->24->16->23->27->5->26->11->4->10->29->18->30->8->22->28->1->25->14->7->9->21->12
30	107575	104240.64587127158	3496	4	0.4062685966491699	2->3->6->13->17->19->15->20->24->16->23->27->5->26->11->4->10->29->18->30->8->22->28->1->25->14->7->9->21->12
30	107575	104240.64587127158	3496	4	0.41127490997314453	2->3->6->13->17->19->15->20->24->16->23->27->5->26->11->4->10->29->18->30->8->22->28->1->25->14->7->9->21->12
30	27141	26615.19997387236	107420	64	156.35753893852234	22->4->28->9->3->17->19->18->20->13->14->2->24->29->27->11->16->12->7->6->10->30->8->23->21->15->26->25->1->5
