30	99487	98636.66830830692	2847	0	1.003901720046997	1	
30	99487	98636.66830830692	2832	0	1.0006706714630127	1	
30	99487	98636.66830830692	1373	0	0.5005960464477539	1	
30	99487	98636.66830830692	1394	0	0.508014440536499	1	
30	99487	98636.66830830692	1320	0	0.5002987384796143	1	
30	99487	98636.66830830692	254	0	0.10027933120727539	1	
30	99487	98636.66830830692	107	0	0.10172605514526367	1	
30	99487	98636.66830830692	122	0	0.11297392845153809	1	
30	99487	98636.66830830692	287	0	0.11398172378540039	1	
30	99487	98636.66830830692	270	0	0.10137033462524414	1	
30	99487	98636.66830830692	305	0	0.11189103126525879	1	
30	99487	98636.66830830692	287	0	0.10291409492492676	1	
30	99487	98636.66830830692	292	0	0.10035920143127441	1	
30	99487	98636.66830830692	263	0	0.10938167572021484	1	
30	99487	98636.66830830692	309	0	0.10983848571777344	1	
30	99487	98636.66830830692	292	0	0.10004758834838867	1	
30	99487	98636.66830830692	312	0	0.11126255989074707	1	
30	99487	98636.66830830692	292	0	0.10726594924926758	1	
30	99487	98636.66830830692	263	0	0.10434961318969727	1	
30	99487	98636.66830830692	284	0	0.10938024520874023	1	
30	99487	98636.66830830692	275	0	0.10095524787902832	1	
30	99487	98636.66830830692	284	0	0.10938191413879395	1	
30	99487	98636.66830830692	301	0	0.10579586029052734	1	
30	99487	98636.66830830692	270	0	0.10026931762695312	1	
30	99487	98636.66830830692	275	0	0.10106730461120605	1	
30	99487	98636.66830830692	280	0	0.10938119888305664	1	
30	99487	98636.66830830692	280	0	0.10938191413879395	1	
30	99487	98636.66830830692	250	0	0.10003376007080078	1	
30	99487	98636.66830830692	280	0	0.10938119888305664	1	
30	99487	98636.66830830692	275	0	0.10937976837158203	1	
30	99487	98636.66830830692	284	0	0.11222314834594727	1	
30	99487	98636.66830830692	241	0	0.10035896301269531	1	
30	99487	98636.66830830692	280	0	0.11044073104858398	1	
30	99487	98636.66830830692	267	0	0.10553669929504395	1	
30	99487	98636.66830830692	297	0	0.10938239097595215	1	
30	99487	98636.66830830692	250	0	0.10042762756347656	1	
30	99487	98636.66830830692	275	0	0.10937976837158203	1	
30	99487	98636.66830830692	287	0	0.10971999168395996	1	
30	99300	98636.66830830692	8607	1	3.890383005142212	1->17->7->9->5->24->22->2->14->16->12->26->11->30->29->27->21->20->28->4->19->6->10->8->15->18->25->3->13->23
30	99487	98636.66830830692	2838	0	1.0000522136688232	1	
30	99300	98636.66830830692	8607	1	3.865584373474121	1->17->7->9->5->24->22->2->14->16->12->26->11->30->29->27->21->20->28->4->19->6->10->8->15->18->25->3->13->23
30	19018	18939.20799179246	1043	4	0.7725160121917725	1->3->7->9->5->24->17->22->14->28->16->27->11->26->2->30->6->29->23->12->15->10->21->8->20->4->25->13->19->18
