30	107575	104666.7302031262	2004	4	0.22568845748901367	2->3->6->13->17->19->15->20->24->16->23->27->5->26->11->4->10->29->18->30->8->22->28->1->25->14->7->9->21->12
30	107575	104666.7302031262	2004	4	0.21876144409179688	2->3->6->13->17->19->15->20->24->16->23->27->5->26->11->4->10->29->18->30->8->22->28->1->25->14->7->9->21->12
30	107575	104666.7302031262	2004	4	0.21426892280578613	2->3->6->13->17->19->15->20->24->16->23->27->5->26->11->4->10->29->18->30->8->22->28->1->25->14->7->9->21->12
30	107575	104666.7302031262	2004	4	0.21876168251037598	2->3->6->13->17->19->15->20->24->16->23->27->5->26->11->4->10->29->18->30->8->22->28->1->25->14->7->9->21->12
30	107575	104666.7302031262	2004	4	0.20563149452209473	2->3->6->13->17->19->15->20->24->16->23->27->5->26->11->4->10->29->18->30->8->22->28->1->25->14->7->9->21->12
30	122314	104666.7302031262	915	0	0.10938119888305664	1	
30	122314	104666.7302031262	352	0	0.10323405265808105	1	
30	122314	104666.7302031262	372	0	0.10624957084655762	1	
30	122314	104666.7302031262	955	0	0.10798931121826172	1	
30	122314	104666.7302031262	976	0	0.11059689521789551	1	
30	122314	104666.7302031262	894	0	0.10815215110778809	1	
30	122314	104666.7302031262	915	0	0.10064530372619629	1	
30	122314	104666.7302031262	894	0	0.10938048362731934	1	
30	122314	104666.7302031262	1017	0	0.11540579795837402	1	
30	122314	104666.7302031262	997	0	0.11098265647888184	1	
30	122314	104666.7302031262	935	0	0.10015606880187988	1	
30	122314	104666.7302031262	753	0	0.10101556777954102	1	
30	122314	104666.7302031262	854	0	0.10178351402282715	1	
30	122314	104666.7302031262	854	0	0.10938119888305664	1	
30	122314	104666.7302031262	915	0	0.10937833786010742	1	
30	122314	104666.7302031262	935	0	0.10937976837158203	1	
30	122314	104666.7302031262	894	0	0.10461163520812988	1	
30	122314	104666.7302031262	935	0	0.10938024520874023	1	
30	122314	104666.7302031262	833	0	0.10026907920837402	1	
30	122314	104666.7302031262	1039	0	0.11302065849304199	1	
30	122314	104666.7302031262	833	0	0.10091590881347656	1	
30	122314	104666.7302031262	1017	0	0.10938239097595215	1	
30	122314	104666.7302031262	854	0	0.10115885734558105	1	
30	122314	104666.7302031262	935	0	0.10938072204589844	1	
30	122314	104666.7302031262	915	0	0.10938143730163574	1	
30	122314	104666.7302031262	955	0	0.10938000679016113	1	
30	122314	104666.7302031262	955	0	0.10937905311584473	1	
30	122314	104666.7302031262	935	0	0.10938072204589844	1	
30	122314	104666.7302031262	955	0	0.10938000679016113	1	
30	122314	104666.7302031262	915	0	0.10938191413879395	1	
30	122314	104666.7302031262	935	0	0.10937881469726562	1	
30	122314	104666.7302031262	854	0	0.10527586936950684	1	
30	122314	104666.7302031262	935	0	0.10938143730163574	1	
30	107575	104666.7302031262	2004	4	0.21876168251037598	2->3->6->13->17->19->15->20->24->16->23->27->5->26->11->4->10->29->18->30->8->22->28->1->25->14->7->9->21->12
30	107575	104666.7302031262	2004	4	0.21875691413879395	2->3->6->13->17->19->15->20->24->16->23->27->5->26->11->4->10->29->18->30->8->22->28->1->25->14->7->9->21->12
30	107575	104666.7302031262	2004	4	0.2241504192352295	2->3->6->13->17->19->15->20->24->16->23->27->5->26->11->4->10->29->18->30->8->22->28->1->25->14->7->9->21->12
30	27141	26706.6439063035	53544	64	37.494070053100586	22->4->28->9->3->17->19->18->20->13->14->2->24->29->27->16->11->12->7->6->10->8->30->23->21->15->26->1->25->5
