30	120654	100294.61526967051	10558	0	1.0009765625	1	
30	120654	100294.61526967051	10820	0	1.0083041191101074	1	
30	120654	100294.61526967051	5358	0	0.500739336013794	1	
30	120654	100294.61526967051	5552	0	0.5101935863494873	1	
30	120654	100294.61526967051	5465	0	0.5106198787689209	1	
30	120654	100294.61526967051	1109	0	0.11331367492675781	1	
30	120654	100294.61526967051	309	0	0.10828566551208496	1	
30	120654	100294.61526967051	326	0	0.11370015144348145	1	
30	120654	100294.61526967051	973	0	0.11420774459838867	1	
30	120654	100294.61526967051	890	0	0.10938191413879395	1	
30	120654	100294.61526967051	769	0	0.10129714012145996	1	
30	120654	100294.61526967051	955	0	0.10938143730163574	1	
30	120654	100294.61526967051	822	0	0.10117721557617188	1	
30	120654	100294.61526967051	924	0	0.10481667518615723	1	
30	120654	100294.61526967051	822	0	0.10032796859741211	1	
30	120654	100294.61526967051	907	0	0.10153579711914062	1	
30	120654	100294.61526967051	856	0	0.10121965408325195	1	
30	120654	100294.61526967051	822	0	0.10037636756896973	1	
30	120654	100294.61526967051	787	0	0.10115528106689453	1	
30	120654	100294.61526967051	955	0	0.10937833786010742	1	
30	120654	100294.61526967051	924	0	0.10938191413879395	1	
30	120654	100294.61526967051	924	0	0.10938048362731934	1	
30	120654	100294.61526967051	907	0	0.10938167572021484	1	
30	120654	100294.61526967051	973	0	0.11245512962341309	1	
30	120654	100294.61526967051	924	0	0.10519671440124512	1	
30	120654	100294.61526967051	890	0	0.10937976837158203	1	
30	120654	100294.61526967051	924	0	0.10938119888305664	1	
30	120654	100294.61526967051	907	0	0.10938143730163574	1	
30	120654	100294.61526967051	873	0	0.10938143730163574	1	
30	120654	100294.61526967051	955	0	0.10938096046447754	1	
30	120654	100294.61526967051	924	0	0.10516810417175293	1	
30	120654	100294.61526967051	940	0	0.10937833786010742	1	
30	120654	100294.61526967051	873	0	0.10567831993103027	1	
30	120654	100294.61526967051	955	0	0.10026407241821289	1	
30	120654	100294.61526967051	924	0	0.10938096046447754	1	
30	120654	100294.61526967051	907	0	0.10106968879699707	1	
30	120654	100294.61526967051	973	0	0.10133576393127441	1	
30	120654	100294.61526967051	1041	0	0.10938143730163574	1	
30	103195	100294.61526967051	36214	1	17.123534679412842	5->28->17->9->4->15->21->24->10->25->23->22->8->18->19->13->27->16->30->14->11->2->3->29->26->6->20->12->7->1
30	120654	100294.61526967051	10789	0	1.000051736831665	1	
30	103195	100294.61526967051	36214	1	17.428654670715332	5->28->17->9->4->15->21->24->10->25->23->22->8->18->19->13->27->16->30->14->11->2->3->29->26->6->20->12->7->1
30	23708	23176.75445400375	73329	1	70.77031517028809	1->5->17->28->6->8->13->15->24->16->14->21->23->20->22->12->29->19->27->4->30->7->10->18->26->2->9->3->25->11
