30	71888	70523.23178429817	2290	0	1.0150010585784912	1	
30	71888	70523.23178429817	2375	0	1.0154814720153809	1	
30	71888	70523.23178429817	1213	0	0.5105969905853271	1	
30	71888	70523.23178429817	1226	0	0.509788990020752	1	
30	71888	70523.23178429817	1213	0	0.5083041191101074	1	
30	71888	70523.23178429817	292	0	0.10695338249206543	1	
30	71888	70523.23178429817	115	0	0.10076665878295898	1	
30	71888	70523.23178429817	276	0	0.10139083862304688	1	
30	71888	70523.23178429817	120	0	0.10077285766601562	1	
30	71888	70523.23178429817	265	0	0.10938191413879395	1	
30	71888	70523.23178429817	245	0	0.10559201240539551	1	
30	71888	70523.23178429817	255	0	0.1055300235748291	1	
30	71888	70523.23178429817	276	0	0.11028909683227539	1	
30	71888	70523.23178429817	309	0	0.1148829460144043	1	
30	71888	70523.23178429817	245	0	0.10096240043640137	1	
30	71888	70523.23178429817	270	0	0.10604119300842285	1	
30	71888	70523.23178429817	265	0	0.10938143730163574	1	
30	71888	70523.23178429817	255	0	0.10186553001403809	1	
30	71888	70523.23178429817	260	0	0.10801553726196289	1	
30	71888	70523.23178429817	245	0	0.10938072204589844	1	
30	71888	70523.23178429817	270	0	0.10938191413879395	1	
30	71888	70523.23178429817	265	0	0.10938119888305664	1	
30	71888	70523.23178429817	276	0	0.10938119888305664	1	
30	71888	70523.23178429817	281	0	0.11390805244445801	1	
30	71888	70523.23178429817	270	0	0.10106754302978516	1	
30	71888	70523.23178429817	270	0	0.10938167572021484	1	
30	71888	70523.23178429817	265	0	0.10938072204589844	1	
30	71888	70523.23178429817	270	0	0.11173701286315918	1	
30	71888	70523.23178429817	250	0	0.10167050361633301	1	
30	71888	70523.23178429817	234	0	0.10074210166931152	1	
30	71888	70523.23178429817	245	0	0.10113263130187988	1	
30	71888	70523.23178429817	265	0	0.10938000679016113	1	
30	71888	70523.23178429817	276	0	0.10938000679016113	1	
30	71888	70523.23178429817	270	0	0.10938262939453125	1	
30	71888	70523.23178429817	240	0	0.10027170181274414	1	
30	71888	70523.23178429817	309	0	0.11001777648925781	1	
30	71888	70523.23178429817	276	0	0.10937881469726562	1	
30	71888	70523.23178429817	281	0	0.10937952995300293	1	
30	71888	70523.23178429817	276	0	0.11095476150512695	1	
30	71577	70523.23178429817	214202	2	551.8197903633118	1->27->11->20->2->10->6->12->24->23->15->3->22->9->29->19->25->17->7->14->5->21->18->8->4->16->30->28->26->13
30	71888	70523.23178429817	2381	0	1.000054121017456	1	
30	71577	70523.23178429817	214202	2	540.0691561698914	1->27->11->20->2->10->6->12->24->23->15->3->22->9->29->19->25->17->7->14->5->21->18->8->4->16->30->28->26->13
30	71577	70523.23178429817	214202	2	547.7882437705994	1->27->11->20->2->10->6->12->24->23->15->3->22->9->29->19->25->17->7->14->5->21->18->8->4->16->30->28->26->13
30	17551	17294.265729895622	51613	4	38.931029319763184	1->27->24->3->15->20->11->10->5->14->23->12->30->2->8->22->29->26->6->13->18->21->28->4->7->19->16->17->9->25
