30	96597	84375.26355841663	8250	0	1.0148444175720215	1	
30	96597	84375.26355841663	8038	0	1.0010054111480713	1	
30	96597	84375.26355841663	3427	0	0.5000283718109131	1	
30	96597	84375.26355841663	3454	0	0.5070486068725586	1	
30	96597	84375.26355841663	3284	0	0.5000028610229492	1	
30	96597	84375.26355841663	412	0	0.10051131248474121	1	
30	96597	84375.26355841663	176	0	0.10593581199645996	1	
30	96597	84375.26355841663	165	0	0.10574936866760254	1	
30	96597	84375.26355841663	380	0	0.10178422927856445	1	
30	96597	84375.26355841663	391	0	0.10937976837158203	1	
30	96597	84375.26355841663	353	0	0.10145711898803711	1	
30	96597	84375.26355841663	380	0	0.10288476943969727	1	
30	96597	84375.26355841663	402	0	0.10027122497558594	1	
30	96597	84375.26355841663	353	0	0.10161280632019043	1	
30	96597	84375.26355841663	402	0	0.10326290130615234	1	
30	96597	84375.26355841663	424	0	0.1009528636932373	1	
30	96597	84375.26355841663	435	0	0.10310912132263184	1	
30	96597	84375.26355841663	412	0	0.11480569839477539	1	
30	96597	84375.26355841663	391	0	0.10500073432922363	1	
30	96597	84375.26355841663	374	0	0.1031341552734375	1	
30	96597	84375.26355841663	412	0	0.10937857627868652	1	
30	96597	84375.26355841663	424	0	0.10938048362731934	1	
30	96597	84375.26355841663	435	0	0.11235451698303223	1	
30	96597	84375.26355841663	424	0	0.10177302360534668	1	
30	96597	84375.26355841663	353	0	0.10077071189880371	1	
30	96597	84375.26355841663	412	0	0.10938048362731934	1	
30	96597	84375.26355841663	380	0	0.10938119888305664	1	
30	96597	84375.26355841663	412	0	0.10938072204589844	1	
30	96597	84375.26355841663	412	0	0.1106722354888916	1	
30	96597	84375.26355841663	402	0	0.10937976837158203	1	
30	96597	84375.26355841663	412	0	0.10938048362731934	1	
30	96597	84375.26355841663	402	0	0.10979628562927246	1	
30	96597	84375.26355841663	424	0	0.10937952995300293	1	
30	96597	84375.26355841663	412	0	0.10938096046447754	1	
30	96597	84375.26355841663	412	0	0.10725879669189453	1	
30	96597	84375.26355841663	402	0	0.1000666618347168	1	
30	96597	84375.26355841663	402	0	0.1052699089050293	1	
30	96597	84375.26355841663	380	0	0.10272836685180664	1	
30	87197	84375.26355841663	12274	1	2.8297672271728516	2->5->1->9->4->17->10->16->13->7->27->28->21->20->14->19->22->25->26->24->18->23->3->11->30->6->12->29->15->8
30	96597	84375.26355841663	8118	0	1.0000531673431396	1	
30	87197	84375.26355841663	12274	1	2.877925157546997	2->5->1->9->4->17->10->16->13->7->27->28->21->20->14->19->22->25->26->24->18->23->3->11->30->6->12->29->15->8
30	22829	22588.77652684686	7429	8	1.279855728149414	1->5->2->3->4->18->10->16->13->7->21->27->28->12->17->19->22->9->14->11->24->29->15->30->20->6->26->8->25->23
