30	76436	75535.74556454475	821	8	0.06250405311584473	29->12->7->27->21->17->24->26->13->28->20->8->19->4->18->16->2->11->23->3->22->25->5->14->30->6->15->9->10->1
30	76436	75535.74556454475	821	8	0.07812905311584473	29->12->7->27->21->17->24->26->13->28->20->8->19->4->18->16->2->11->23->3->22->25->5->14->30->6->15->9->10->1
30	76436	75535.74556454475	821	8	0.08566522598266602	29->12->7->27->21->17->24->26->13->28->20->8->19->4->18->16->2->11->23->3->22->25->5->14->30->6->15->9->10->1
30	76436	75535.74556454475	821	8	0.07812929153442383	29->12->7->27->21->17->24->26->13->28->20->8->19->4->18->16->2->11->23->3->22->25->5->14->30->6->15->9->10->1
30	76436	75535.74556454475	821	8	0.08205413818359375	29->12->7->27->21->17->24->26->13->28->20->8->19->4->18->16->2->11->23->3->22->25->5->14->30->6->15->9->10->1
30	76436	75535.74556454475	821	8	0.07813119888305664	29->12->7->27->21->17->24->26->13->28->20->8->19->4->18->16->2->11->23->3->22->25->5->14->30->6->15->9->10->1
30	82804	75535.74556454475	372	0	0.10028243064880371	1	
30	82804	75535.74556454475	525	0	0.10938143730163574	1	
30	76436	75535.74556454475	821	8	0.07453036308288574	29->12->7->27->21->17->24->26->13->28->20->8->19->4->18->16->2->11->23->3->22->25->5->14->30->6->15->9->10->1
30	76436	75535.74556454475	821	8	0.07812857627868652	29->12->7->27->21->17->24->26->13->28->20->8->19->4->18->16->2->11->23->3->22->25->5->14->30->6->15->9->10->1
30	76436	75535.74556454475	821	8	0.08631539344787598	29->12->7->27->21->17->24->26->13->28->20->8->19->4->18->16->2->11->23->3->22->25->5->14->30->6->15->9->10->1
30	76436	75535.74556454475	821	8	0.07224869728088379	29->12->7->27->21->17->24->26->13->28->20->8->19->4->18->16->2->11->23->3->22->25->5->14->30->6->15->9->10->1
30	76436	75535.74556454475	821	8	0.07132411003112793	29->12->7->27->21->17->24->26->13->28->20->8->19->4->18->16->2->11->23->3->22->25->5->14->30->6->15->9->10->1
30	76436	75535.74556454475	821	8	0.06593942642211914	29->12->7->27->21->17->24->26->13->28->20->8->19->4->18->16->2->11->23->3->22->25->5->14->30->6->15->9->10->1
30	76436	75535.74556454475	821	8	0.08767342567443848	29->12->7->27->21->17->24->26->13->28->20->8->19->4->18->16->2->11->23->3->22->25->5->14->30->6->15->9->10->1
30	76436	75535.74556454475	821	8	0.06965351104736328	29->12->7->27->21->17->24->26->13->28->20->8->19->4->18->16->2->11->23->3->22->25->5->14->30->6->15->9->10->1
30	76436	75535.74556454475	821	8	0.07813024520874023	29->12->7->27->21->17->24->26->13->28->20->8->19->4->18->16->2->11->23->3->22->25->5->14->30->6->15->9->10->1
30	76436	75535.74556454475	821	8	0.06779360771179199	29->12->7->27->21->17->24->26->13->28->20->8->19->4->18->16->2->11->23->3->22->25->5->14->30->6->15->9->10->1
30	76436	75535.74556454475	821	8	0.07812857627868652	29->12->7->27->21->17->24->26->13->28->20->8->19->4->18->16->2->11->23->3->22->25->5->14->30->6->15->9->10->1
30	76436	75535.74556454475	821	8	0.06250405311584473	29->12->7->27->21->17->24->26->13->28->20->8->19->4->18->16->2->11->23->3->22->25->5->14->30->6->15->9->10->1
30	76436	75535.74556454475	821	8	0.0854649543762207	29->12->7->27->21->17->24->26->13->28->20->8->19->4->18->16->2->11->23->3->22->25->5->14->30->6->15->9->10->1
30	76436	75535.74556454475	821	8	0.06250238418579102	29->12->7->27->21->17->24->26->13->28->20->8->19->4->18->16->2->11->23->3->22->25->5->14->30->6->15->9->10->1
30	76436	75535.74556454475	821	8	0.07813525199890137	29->12->7->27->21->17->24->26->13->28->20->8->19->4->18->16->2->11->23->3->22->25->5->14->30->6->15->9->10->1
30	76436	75535.74556454475	821	8	0.07526659965515137	29->12->7->27->21->17->24->26->13->28->20->8->19->4->18->16->2->11->23->3->22->25->5->14->30->6->15->9->10->1
30	76436	75535.74556454475	821	8	0.06539058685302734	29->12->7->27->21->17->24->26->13->28->20->8->19->4->18->16->2->11->23->3->22->25->5->14->30->6->15->9->10->1
30	76436	75535.74556454475	821	8	0.07812786102294922	29->12->7->27->21->17->24->26->13->28->20->8->19->4->18->16->2->11->23->3->22->25->5->14->30->6->15->9->10->1
30	76436	75535.74556454475	821	8	0.07813048362731934	29->12->7->27->21->17->24->26->13->28->20->8->19->4->18->16->2->11->23->3->22->25->5->14->30->6->15->9->10->1
30	76436	75535.74556454475	821	8	0.07057309150695801	29->12->7->27->21->17->24->26->13->28->20->8->19->4->18->16->2->11->23->3->22->25->5->14->30->6->15->9->10->1
30	76436	75535.74556454475	821	8	0.07812952995300293	29->12->7->27->21->17->24->26->13->28->20->8->19->4->18->16->2->11->23->3->22->25->5->14->30->6->15->9->10->1
30	76436	75535.74556454475	821	8	0.07812929153442383	29->12->7->27->21->17->24->26->13->28->20->8->19->4->18->16->2->11->23->3->22->25->5->14->30->6->15->9->10->1
30	76436	75535.74556454475	821	8	0.07813167572021484	29->12->7->27->21->17->24->26->13->28->20->8->19->4->18->16->2->11->23->3->22->25->5->14->30->6->15->9->10->1
30	76436	75535.74556454475	821	8	0.07812905311584473	29->12->7->27->21->17->24->26->13->28->20->8->19->4->18->16->2->11->23->3->22->25->5->14->30->6->15->9->10->1
30	76436	75535.74556454475	821	8	0.07812929153442383	29->12->7->27->21->17->24->26->13->28->20->8->19->4->18->16->2->11->23->3->22->25->5->14->30->6->15->9->10->1
30	76436	75535.74556454475	821	8	0.07686305046081543	29->12->7->27->21->17->24->26->13->28->20->8->19->4->18->16->2->11->23->3->22->25->5->14->30->6->15->9->10->1
30	76436	75535.74556454475	821	8	0.0770723819732666	29->12->7->27->21->17->24->26->13->28->20->8->19->4->18->16->2->11->23->3->22->25->5->14->30->6->15->9->10->1
30	76436	75535.74556454475	821	8	0.08860206604003906	29->12->7->27->21->17->24->26->13->28->20->8->19->4->18->16->2->11->23->3->22->25->5->14->30->6->15->9->10->1
30	76436	75535.74556454475	821	8	0.06250572204589844	29->12->7->27->21->17->24->26->13->28->20->8->19->4->18->16->2->11->23->3->22->25->5->14->30->6->15->9->10->1
30	76436	75535.74556454475	821	8	0.07812833786010742	29->12->7->27->21->17->24->26->13->28->20->8->19->4->18->16->2->11->23->3->22->25->5->14->30->6->15->9->10->1
30	76436	75535.74556454475	821	8	0.06987500190734863	29->12->7->27->21->17->24->26->13->28->20->8->19->4->18->16->2->11->23->3->22->25->5->14->30->6->15->9->10->1
30	76436	75535.74556454475	821	8	0.06250405311584473	29->12->7->27->21->17->24->26->13->28->20->8->19->4->18->16->2->11->23->3->22->25->5->14->30->6->15->9->10->1
30	76436	75535.74556454475	821	8	0.0740516185760498	29->12->7->27->21->17->24->26->13->28->20->8->19->4->18->16->2->11->23->3->22->25->5->14->30->6->15->9->10->1
30	18770	18634.300865800866	1394	48	0.13008761405944824	14->12->4->6->27->16->17->21->22->26->24->7->13->23->28->20->3->29->15->2->5->18->19->8->25->9->10->30->11->1
