30	78655	77786.5472385068	483	1	0.14407968521118164	1->2->18->6->3->4->8->27->26->5->19->11->10->28->15->24->29->30->12->23->25->22->13->21->20->14->17->9->16->7
30	78655	77786.5472385068	483	1	0.14063262939453125	1->2->18->6->3->4->8->27->26->5->19->11->10->28->15->24->29->30->12->23->25->22->13->21->20->14->17->9->16->7
30	78655	77786.5472385068	483	1	0.144639253616333	1->2->18->6->3->4->8->27->26->5->19->11->10->28->15->24->29->30->12->23->25->22->13->21->20->14->17->9->16->7
30	78655	77786.5472385068	483	1	0.14063215255737305	1->2->18->6->3->4->8->27->26->5->19->11->10->28->15->24->29->30->12->23->25->22->13->21->20->14->17->9->16->7
30	78655	77786.5472385068	483	1	0.14063072204589844	1->2->18->6->3->4->8->27->26->5->19->11->10->28->15->24->29->30->12->23->25->22->13->21->20->14->17->9->16->7
30	79241	77786.5472385068	358	0	0.11444664001464844	1	
30	79241	77786.5472385068	88	0	0.10039567947387695	1	
30	79241	77786.5472385068	86	0	0.10158514976501465	1	
30	79241	77786.5472385068	316	0	0.11499738693237305	1	
30	79241	77786.5472385068	195	0	0.10174846649169922	1	
30	79241	77786.5472385068	213	0	0.10011172294616699	1	
30	79241	77786.5472385068	233	0	0.10003852844238281	1	
30	79241	77786.5472385068	358	0	0.11419916152954102	1	
30	79241	77786.5472385068	237	0	0.1013035774230957	1	
30	79241	77786.5472385068	264	0	0.10741806030273438	1	
30	79241	77786.5472385068	355	0	0.11387062072753906	1	
30	79241	77786.5472385068	273	0	0.10938024520874023	1	
30	79241	77786.5472385068	233	0	0.1103365421295166	1	
30	79241	77786.5472385068	191	0	0.10096335411071777	1	
30	79241	77786.5472385068	321	0	0.11392402648925781	1	
30	79241	77786.5472385068	294	0	0.10684847831726074	1	
30	79241	77786.5472385068	257	0	0.11009597778320312	1	
30	79241	77786.5472385068	269	0	0.10938239097595215	1	
30	79241	77786.5472385068	299	0	0.11070942878723145	1	
30	79241	77786.5472385068	334	0	0.10886859893798828	1	
30	79241	77786.5472385068	220	0	0.10938096046447754	1	
30	79241	77786.5472385068	220	0	0.10938072204589844	1	
30	79241	77786.5472385068	206	0	0.10354495048522949	1	
30	79241	77786.5472385068	227	0	0.10938048362731934	1	
30	79241	77786.5472385068	264	0	0.10938024520874023	1	
30	79241	77786.5472385068	287	0	0.10938119888305664	1	
30	79241	77786.5472385068	334	0	0.10691952705383301	1	
30	79241	77786.5472385068	257	0	0.10938191413879395	1	
30	79241	77786.5472385068	287	0	0.10937929153442383	1	
30	79241	77786.5472385068	206	0	0.10375237464904785	1	
30	79241	77786.5472385068	327	0	0.11509466171264648	1	
30	79241	77786.5472385068	287	0	0.11290454864501953	1	
30	79241	77786.5472385068	287	0	0.10376453399658203	1	
30	78655	77786.5472385068	483	1	0.14063000679016113	1->2->18->6->3->4->8->27->26->5->19->11->10->28->15->24->29->30->12->23->25->22->13->21->20->14->17->9->16->7
30	78655	77786.5472385068	483	1	0.14063310623168945	1->2->18->6->3->4->8->27->26->5->19->11->10->28->15->24->29->30->12->23->25->22->13->21->20->14->17->9->16->7
30	78655	77786.5472385068	483	1	0.13509035110473633	1->2->18->6->3->4->8->27->26->5->19->11->10->28->15->24->29->30->12->23->25->22->13->21->20->14->17->9->16->7
30	18607	18421.131111685816	2876	2	1.2998671531677246	1->2->18->6->3->16->8->27->26->4->10->21->22->20->11->28->12->17->9->19->30->5->23->25->29->14->15->7->13->24
