30	85990	83467.5905422148	7079	0	1.007568359375	1	
30	85990	83467.5905422148	7350	0	1.0084779262542725	1	
30	85990	83467.5905422148	3782	0	0.5110619068145752	1	
30	85990	83467.5905422148	3674	0	0.5000090599060059	1	
30	85990	83467.5905422148	3697	0	0.5088129043579102	1	
30	85990	83467.5905422148	407	0	0.10552453994750977	1	
30	85990	83467.5905422148	109	0	0.10850286483764648	1	
30	85990	83467.5905422148	426	0	0.10736298561096191	1	
30	85990	83467.5905422148	98	0	0.10095953941345215	1	
30	85990	83467.5905422148	407	0	0.11006641387939453	1	
30	85990	83467.5905422148	284	0	0.10054254531860352	1	
30	85990	83467.5905422148	323	0	0.10938191413879395	1	
30	85990	83467.5905422148	336	0	0.10097861289978027	1	
30	85990	83467.5905422148	418	0	0.10938191413879395	1	
30	85990	83467.5905422148	336	0	0.10737991333007812	1	
30	85990	83467.5905422148	336	0	0.10084152221679688	1	
30	85990	83467.5905422148	323	0	0.1010739803314209	1	
30	85990	83467.5905422148	475	0	0.10967373847961426	1	
30	85990	83467.5905422148	311	0	0.1041574478149414	1	
30	85990	83467.5905422148	323	0	0.10668349266052246	1	
30	85990	83467.5905422148	395	0	0.10938215255737305	1	
30	85990	83467.5905422148	336	0	0.10420465469360352	1	
30	85990	83467.5905422148	360	0	0.10602045059204102	1	
30	85990	83467.5905422148	395	0	0.10938143730163574	1	
30	85990	83467.5905422148	395	0	0.10019397735595703	1	
30	85990	83467.5905422148	418	0	0.11110329627990723	1	
30	85990	83467.5905422148	395	0	0.10938048362731934	1	
30	85990	83467.5905422148	372	0	0.10937976837158203	1	
30	85990	83467.5905422148	407	0	0.10804319381713867	1	
30	85990	83467.5905422148	360	0	0.10501599311828613	1	
30	85990	83467.5905422148	407	0	0.10938119888305664	1	
30	85990	83467.5905422148	463	0	0.10938334465026855	1	
30	85990	83467.5905422148	407	0	0.10937905311584473	1	
30	85990	83467.5905422148	360	0	0.10627079010009766	1	
30	85990	83467.5905422148	487	0	0.11463379859924316	1	
30	85990	83467.5905422148	426	0	0.10937976837158203	1	
30	85990	83467.5905422148	336	0	0.10950398445129395	1	
30	85990	83467.5905422148	360	0	0.10776758193969727	1	
30	85990	83467.5905422148	418	0	0.10938167572021484	1	
30	85131	83467.5905422148	15635	2	4.343979835510254	1->15->10->4->30->7->13->16->9->11->3->26->24->12->28->25->5->6->14->8->29->18->22->17->21->2->27->20->23->19
30	85990	83467.5905422148	7701	0	1.0017244815826416	1	
30	85131	83467.5905422148	15635	2	4.297102689743042	1->15->10->4->30->7->13->16->9->11->3->26->24->12->28->25->5->6->14->8->29->18->22->17->21->2->27->20->23->19
30	85131	83467.5905422148	15635	2	4.341900825500488	1->15->10->4->30->7->13->16->9->11->3->26->24->12->28->25->5->6->14->8->29->18->22->17->21->2->27->20->23->19
30	17238	16915.027484019116	42622	4	24.218194007873535	8->15->4->10->2->30->26->7->11->21->16->9->14->27->24->18->22->3->25->6->13->19->29->23->12->28->1->20->17->5
