30	76534	76391.02937751904	105	1	0.031238794326782227	1->2->14->6->22->7->23->28->25->19->11->29->5->13->27->24->4->26->17->10->8->21->18->9->30->20->12->15->3->16
30	76534	76391.02937751904	105	1	0.03125	1->2->14->6->22->7->23->28->25->19->11->29->5->13->27->24->4->26->17->10->8->21->18->9->30->20->12->15->3->16
30	76534	76391.02937751904	105	1	0.03125119209289551	1->2->14->6->22->7->23->28->25->19->11->29->5->13->27->24->4->26->17->10->8->21->18->9->30->20->12->15->3->16
30	76534	76391.02937751904	105	1	0.03125190734863281	1->2->14->6->22->7->23->28->25->19->11->29->5->13->27->24->4->26->17->10->8->21->18->9->30->20->12->15->3->16
30	76534	76391.02937751904	105	1	0.03302168846130371	1->2->14->6->22->7->23->28->25->19->11->29->5->13->27->24->4->26->17->10->8->21->18->9->30->20->12->15->3->16
30	76534	76391.02937751904	105	1	0.031250715255737305	1->2->14->6->22->7->23->28->25->19->11->29->5->13->27->24->4->26->17->10->8->21->18->9->30->20->12->15->3->16
30	76534	76391.02937751904	105	1	0.07488822937011719	1->2->14->6->22->7->23->28->25->19->11->29->5->13->27->24->4->26->17->10->8->21->18->9->30->20->12->15->3->16
30	76534	76391.02937751904	105	1	0.07445025444030762	1->2->14->6->22->7->23->28->25->19->11->29->5->13->27->24->4->26->17->10->8->21->18->9->30->20->12->15->3->16
30	76534	76391.02937751904	105	1	0.03125262260437012	1->2->14->6->22->7->23->28->25->19->11->29->5->13->27->24->4->26->17->10->8->21->18->9->30->20->12->15->3->16
30	76534	76391.02937751904	105	1	0.04561662673950195	1->2->14->6->22->7->23->28->25->19->11->29->5->13->27->24->4->26->17->10->8->21->18->9->30->20->12->15->3->16
30	76534	76391.02937751904	105	1	0.03918766975402832	1->2->14->6->22->7->23->28->25->19->11->29->5->13->27->24->4->26->17->10->8->21->18->9->30->20->12->15->3->16
30	76534	76391.02937751904	105	1	0.01610732078552246	1->2->14->6->22->7->23->28->25->19->11->29->5->13->27->24->4->26->17->10->8->21->18->9->30->20->12->15->3->16
30	76534	76391.02937751904	105	1	0.03125	1->2->14->6->22->7->23->28->25->19->11->29->5->13->27->24->4->26->17->10->8->21->18->9->30->20->12->15->3->16
30	76534	76391.02937751904	105	1	0.031250715255737305	1->2->14->6->22->7->23->28->25->19->11->29->5->13->27->24->4->26->17->10->8->21->18->9->30->20->12->15->3->16
30	76534	76391.02937751904	105	1	0.0310208797454834	1->2->14->6->22->7->23->28->25->19->11->29->5->13->27->24->4->26->17->10->8->21->18->9->30->20->12->15->3->16
30	76534	76391.02937751904	105	1	0.03125309944152832	1->2->14->6->22->7->23->28->25->19->11->29->5->13->27->24->4->26->17->10->8->21->18->9->30->20->12->15->3->16
30	76534	76391.02937751904	105	1	0.03125143051147461	1->2->14->6->22->7->23->28->25->19->11->29->5->13->27->24->4->26->17->10->8->21->18->9->30->20->12->15->3->16
30	76534	76391.02937751904	105	1	0.03125309944152832	1->2->14->6->22->7->23->28->25->19->11->29->5->13->27->24->4->26->17->10->8->21->18->9->30->20->12->15->3->16
30	76534	76391.02937751904	105	1	0.03125262260437012	1->2->14->6->22->7->23->28->25->19->11->29->5->13->27->24->4->26->17->10->8->21->18->9->30->20->12->15->3->16
30	76534	76391.02937751904	105	1	0.0312504768371582	1->2->14->6->22->7->23->28->25->19->11->29->5->13->27->24->4->26->17->10->8->21->18->9->30->20->12->15->3->16
30	76534	76391.02937751904	105	1	0.031245946884155273	1->2->14->6->22->7->23->28->25->19->11->29->5->13->27->24->4->26->17->10->8->21->18->9->30->20->12->15->3->16
30	76534	76391.02937751904	105	1	0.021697521209716797	1->2->14->6->22->7->23->28->25->19->11->29->5->13->27->24->4->26->17->10->8->21->18->9->30->20->12->15->3->16
30	76534	76391.02937751904	105	1	0.0312504768371582	1->2->14->6->22->7->23->28->25->19->11->29->5->13->27->24->4->26->17->10->8->21->18->9->30->20->12->15->3->16
30	76534	76391.02937751904	105	1	0.03351473808288574	1->2->14->6->22->7->23->28->25->19->11->29->5->13->27->24->4->26->17->10->8->21->18->9->30->20->12->15->3->16
30	76534	76391.02937751904	105	1	0.031249046325683594	1->2->14->6->22->7->23->28->25->19->11->29->5->13->27->24->4->26->17->10->8->21->18->9->30->20->12->15->3->16
30	76534	76391.02937751904	105	1	0.03125143051147461	1->2->14->6->22->7->23->28->25->19->11->29->5->13->27->24->4->26->17->10->8->21->18->9->30->20->12->15->3->16
30	76534	76391.02937751904	105	1	0.03125166893005371	1->2->14->6->22->7->23->28->25->19->11->29->5->13->27->24->4->26->17->10->8->21->18->9->30->20->12->15->3->16
30	76534	76391.02937751904	105	1	0.03125476837158203	1->2->14->6->22->7->23->28->25->19->11->29->5->13->27->24->4->26->17->10->8->21->18->9->30->20->12->15->3->16
30	76534	76391.02937751904	105	1	0.0312504768371582	1->2->14->6->22->7->23->28->25->19->11->29->5->13->27->24->4->26->17->10->8->21->18->9->30->20->12->15->3->16
30	76534	76391.02937751904	105	1	0.031252145767211914	1->2->14->6->22->7->23->28->25->19->11->29->5->13->27->24->4->26->17->10->8->21->18->9->30->20->12->15->3->16
30	76534	76391.02937751904	105	1	0.0312502384185791	1->2->14->6->22->7->23->28->25->19->11->29->5->13->27->24->4->26->17->10->8->21->18->9->30->20->12->15->3->16
30	76534	76391.02937751904	105	1	0.03125119209289551	1->2->14->6->22->7->23->28->25->19->11->29->5->13->27->24->4->26->17->10->8->21->18->9->30->20->12->15->3->16
30	76534	76391.02937751904	105	1	0.031252145767211914	1->2->14->6->22->7->23->28->25->19->11->29->5->13->27->24->4->26->17->10->8->21->18->9->30->20->12->15->3->16
30	76534	76391.02937751904	105	1	0.03125286102294922	1->2->14->6->22->7->23->28->25->19->11->29->5->13->27->24->4->26->17->10->8->21->18->9->30->20->12->15->3->16
30	76534	76391.02937751904	105	1	0.031249523162841797	1->2->14->6->22->7->23->28->25->19->11->29->5->13->27->24->4->26->17->10->8->21->18->9->30->20->12->15->3->16
30	76534	76391.02937751904	105	1	0.015084981918334961	1->2->14->6->22->7->23->28->25->19->11->29->5->13->27->24->4->26->17->10->8->21->18->9->30->20->12->15->3->16
30	76534	76391.02937751904	105	1	0.031252145767211914	1->2->14->6->22->7->23->28->25->19->11->29->5->13->27->24->4->26->17->10->8->21->18->9->30->20->12->15->3->16
30	76534	76391.02937751904	105	1	0.031252384185791016	1->2->14->6->22->7->23->28->25->19->11->29->5->13->27->24->4->26->17->10->8->21->18->9->30->20->12->15->3->16
30	76534	76391.02937751904	105	1	0.03125143051147461	1->2->14->6->22->7->23->28->25->19->11->29->5->13->27->24->4->26->17->10->8->21->18->9->30->20->12->15->3->16
30	76534	76391.02937751904	105	1	0.03125166893005371	1->2->14->6->22->7->23->28->25->19->11->29->5->13->27->24->4->26->17->10->8->21->18->9->30->20->12->15->3->16
30	76534	76391.02937751904	105	1	0.03001999855041504	1->2->14->6->22->7->23->28->25->19->11->29->5->13->27->24->4->26->17->10->8->21->18->9->30->20->12->15->3->16
30	19640	19605.344043057834	383	32	0.24616432189941406	1->2->29->14->22->6->23->7->28->25->19->30->24->3->26->11->10->16->21->5->17->9->20->18->4->8->12->13->15->27
