30	96144	94117.9639137539	3784	0	1.0071032047271729	1	
30	96144	94117.9639137539	3552	0	1.0114731788635254	1	
30	96144	94117.9639137539	1313	0	0.511343240737915	1	
30	96144	94117.9639137539	1306	0	0.5127534866333008	1	
30	96144	94117.9639137539	1306	0	0.5080175399780273	1	
30	96144	94117.9639137539	222	0	0.10937952995300293	1	
30	96144	94117.9639137539	113	0	0.11076831817626953	1	
30	96144	94117.9639137539	113	0	0.10937833786010742	1	
30	96144	94117.9639137539	204	0	0.10042166709899902	1	
30	96144	94117.9639137539	211	0	0.10938334465026855	1	
30	96144	94117.9639137539	222	0	0.1037600040435791	1	
30	96144	94117.9639137539	226	0	0.10176825523376465	1	
30	96144	94117.9639137539	211	0	0.10146808624267578	1	
30	96144	94117.9639137539	216	0	0.10126280784606934	1	
30	96144	94117.9639137539	211	0	0.10050392150878906	1	
30	96144	94117.9639137539	211	0	0.10546064376831055	1	
30	96144	94117.9639137539	256	0	0.1143026351928711	1	
30	96144	94117.9639137539	184	0	0.10027933120727539	1	
30	96144	94117.9639137539	199	0	0.10938239097595215	1	
30	96144	94117.9639137539	226	0	0.10938024520874023	1	
30	96144	94117.9639137539	226	0	0.10938167572021484	1	
30	96144	94117.9639137539	199	0	0.10012340545654297	1	
30	96144	94117.9639137539	222	0	0.10937976837158203	1	
30	96144	94117.9639137539	204	0	0.10026693344116211	1	
30	96144	94117.9639137539	152	0	0.10001707077026367	1	
30	96144	94117.9639137539	216	0	0.10938215255737305	1	
30	96144	94117.9639137539	226	0	0.10938143730163574	1	
30	96144	94117.9639137539	226	0	0.11053705215454102	1	
30	96144	94117.9639137539	211	0	0.10938143730163574	1	
30	96144	94117.9639137539	222	0	0.10938072204589844	1	
30	96144	94117.9639137539	274	0	0.11353516578674316	1	
30	96144	94117.9639137539	256	0	0.10902690887451172	1	
30	96144	94117.9639137539	236	0	0.10937952995300293	1	
30	96144	94117.9639137539	236	0	0.10938000679016113	1	
30	96144	94117.9639137539	208	0	0.10042572021484375	1	
30	96144	94117.9639137539	242	0	0.10711002349853516	1	
30	96144	94117.9639137539	226	0	0.10938143730163574	1	
30	96144	94117.9639137539	216	0	0.1000669002532959	1	
30	95344	94117.9639137539	7693	2	1.9836909770965576	1->2->20->4->7->3->28->11->9->10->14->5->27->15->26->19->23->18->24->8->29->6->25->22->13->17->30->16->12->21
30	96144	94117.9639137539	3715	0	1.0000545978546143	1	
30	95344	94117.9639137539	7693	2	2.0603768825531006	1->2->20->4->7->3->28->11->9->10->14->5->27->15->26->19->23->18->24->8->29->6->25->22->13->17->30->16->12->21
30	19570	19211.920099190094	22501	1	8.453651428222656	1->2->20->4->7->3->14->11->8->16->9->5->27->10->18->22->19->29->23->17->6->30->26->21->25->13->15->12->28->24
