30	120654	99535.17866841414	10626	0	1.0144670009613037	1	
30	120654	99535.17866841414	10607	0	1.0013320446014404	1	
30	120654	99535.17866841414	5573	0	0.5094187259674072	1	
30	120654	99535.17866841414	5383	0	0.5010721683502197	1	
30	120654	99535.17866841414	5366	0	0.5010697841644287	1	
30	120654	99535.17866841414	1000	0	0.10592031478881836	1	
30	120654	99535.17866841414	348	0	0.1105809211730957	1	
30	120654	99535.17866841414	1015	0	0.10938048362731934	1	
30	120654	99535.17866841414	333	0	0.1074824333190918	1	
30	120654	99535.17866841414	984	0	0.10909819602966309	1	
30	120654	99535.17866841414	901	0	0.10940670967102051	1	
30	120654	99535.17866841414	884	0	0.10938167572021484	1	
30	120654	99535.17866841414	984	0	0.10938024520874023	1	
30	120654	99535.17866841414	1000	0	0.10422015190124512	1	
30	120654	99535.17866841414	918	0	0.10132932662963867	1	
30	120654	99535.17866841414	984	0	0.10937929153442383	1	
30	120654	99535.17866841414	1099	0	0.11354970932006836	1	
30	120654	99535.17866841414	852	0	0.10147738456726074	1	
30	120654	99535.17866841414	852	0	0.10057592391967773	1	
30	120654	99535.17866841414	934	0	0.10937976837158203	1	
30	120654	99535.17866841414	949	0	0.10938096046447754	1	
30	120654	99535.17866841414	934	0	0.10938358306884766	1	
30	120654	99535.17866841414	984	0	0.10938072204589844	1	
30	120654	99535.17866841414	1015	0	0.11201143264770508	1	
30	120654	99535.17866841414	984	0	0.10143327713012695	1	
30	120654	99535.17866841414	967	0	0.1085960865020752	1	
30	120654	99535.17866841414	934	0	0.10938024520874023	1	
30	120654	99535.17866841414	934	0	0.10938048362731934	1	
30	120654	99535.17866841414	967	0	0.1095433235168457	1	
30	120654	99535.17866841414	1032	0	0.10624289512634277	1	
30	120654	99535.17866841414	984	0	0.10938167572021484	1	
30	120654	99535.17866841414	1114	0	0.1121981143951416	1	
30	120654	99535.17866841414	1049	0	0.10938048362731934	1	
30	120654	99535.17866841414	918	0	0.1032109260559082	1	
30	120654	99535.17866841414	1000	0	0.10937857627868652	1	
30	120654	99535.17866841414	949	0	0.10938191413879395	1	
30	120654	99535.17866841414	934	0	0.10917782783508301	1	
30	120654	99535.17866841414	852	0	0.10081839561462402	1	
30	120654	99535.17866841414	1099	0	0.11243677139282227	1	
30	103195	99535.17866841414	146394	1	295.6676993370056	5->28->17->9->4->15->21->24->10->25->23->22->8->18->19->13->27->16->30->14->11->2->3->29->26->6->20->12->7->1
30	120654	99535.17866841414	10718	0	1.0072298049926758	1	
30	103195	99535.17866841414	146394	1	290.0411398410797	5->28->17->9->4->15->21->24->10->25->23->22->8->18->19->13->27->16->30->14->11->2->3->29->26->6->20->12->7->1
30	103195	99535.17866841414	146394	1	294.28775787353516	5->28->17->9->4->15->21->24->10->25->23->22->8->18->19->13->27->16->30->14->11->2->3->29->26->6->20->12->7->1
30	23708	23058.60559426228	673290	1	1800.015470981598	1	
