30	86110	83743.1094828595	270	1	0.04687690734863281	9->15->26->7->3->20->24->18->8->19->10->28->6->22->14->4->30->17->13->1->21->12->2->23->29->25->5->16->11->27
30	86110	83743.1094828595	270	1	0.03125166893005371	9->15->26->7->3->20->24->18->8->19->10->28->6->22->14->4->30->17->13->1->21->12->2->23->29->25->5->16->11->27
30	86110	83743.1094828595	270	1	0.03125	9->15->26->7->3->20->24->18->8->19->10->28->6->22->14->4->30->17->13->1->21->12->2->23->29->25->5->16->11->27
30	86110	83743.1094828595	270	1	0.04636836051940918	9->15->26->7->3->20->24->18->8->19->10->28->6->22->14->4->30->17->13->1->21->12->2->23->29->25->5->16->11->27
30	86110	83743.1094828595	270	1	0.039209842681884766	9->15->26->7->3->20->24->18->8->19->10->28->6->22->14->4->30->17->13->1->21->12->2->23->29->25->5->16->11->27
30	86110	83743.1094828595	270	1	0.04558372497558594	9->15->26->7->3->20->24->18->8->19->10->28->6->22->14->4->30->17->13->1->21->12->2->23->29->25->5->16->11->27
30	86110	83743.1094828595	270	1	0.08240342140197754	9->15->26->7->3->20->24->18->8->19->10->28->6->22->14->4->30->17->13->1->21->12->2->23->29->25->5->16->11->27
30	86110	83743.1094828595	270	1	0.09375596046447754	9->15->26->7->3->20->24->18->8->19->10->28->6->22->14->4->30->17->13->1->21->12->2->23->29->25->5->16->11->27
30	86110	83743.1094828595	270	1	0.04461359977722168	9->15->26->7->3->20->24->18->8->19->10->28->6->22->14->4->30->17->13->1->21->12->2->23->29->25->5->16->11->27
30	86110	83743.1094828595	270	1	0.04687619209289551	9->15->26->7->3->20->24->18->8->19->10->28->6->22->14->4->30->17->13->1->21->12->2->23->29->25->5->16->11->27
30	86110	83743.1094828595	270	1	0.046877384185791016	9->15->26->7->3->20->24->18->8->19->10->28->6->22->14->4->30->17->13->1->21->12->2->23->29->25->5->16->11->27
30	86110	83743.1094828595	270	1	0.031253814697265625	9->15->26->7->3->20->24->18->8->19->10->28->6->22->14->4->30->17->13->1->21->12->2->23->29->25->5->16->11->27
30	86110	83743.1094828595	270	1	0.04002737998962402	9->15->26->7->3->20->24->18->8->19->10->28->6->22->14->4->30->17->13->1->21->12->2->23->29->25->5->16->11->27
30	86110	83743.1094828595	270	1	0.048313140869140625	9->15->26->7->3->20->24->18->8->19->10->28->6->22->14->4->30->17->13->1->21->12->2->23->29->25->5->16->11->27
30	86110	83743.1094828595	270	1	0.04687809944152832	9->15->26->7->3->20->24->18->8->19->10->28->6->22->14->4->30->17->13->1->21->12->2->23->29->25->5->16->11->27
30	86110	83743.1094828595	270	1	0.044863224029541016	9->15->26->7->3->20->24->18->8->19->10->28->6->22->14->4->30->17->13->1->21->12->2->23->29->25->5->16->11->27
30	86110	83743.1094828595	270	1	0.046877145767211914	9->15->26->7->3->20->24->18->8->19->10->28->6->22->14->4->30->17->13->1->21->12->2->23->29->25->5->16->11->27
30	86110	83743.1094828595	270	1	0.046877145767211914	9->15->26->7->3->20->24->18->8->19->10->28->6->22->14->4->30->17->13->1->21->12->2->23->29->25->5->16->11->27
30	86110	83743.1094828595	270	1	0.04687976837158203	9->15->26->7->3->20->24->18->8->19->10->28->6->22->14->4->30->17->13->1->21->12->2->23->29->25->5->16->11->27
30	86110	83743.1094828595	270	1	0.031252384185791016	9->15->26->7->3->20->24->18->8->19->10->28->6->22->14->4->30->17->13->1->21->12->2->23->29->25->5->16->11->27
30	86110	83743.1094828595	270	1	0.031252145767211914	9->15->26->7->3->20->24->18->8->19->10->28->6->22->14->4->30->17->13->1->21->12->2->23->29->25->5->16->11->27
30	86110	83743.1094828595	270	1	0.031252145767211914	9->15->26->7->3->20->24->18->8->19->10->28->6->22->14->4->30->17->13->1->21->12->2->23->29->25->5->16->11->27
30	86110	83743.1094828595	270	1	0.03125143051147461	9->15->26->7->3->20->24->18->8->19->10->28->6->22->14->4->30->17->13->1->21->12->2->23->29->25->5->16->11->27
30	86110	83743.1094828595	270	1	0.03154277801513672	9->15->26->7->3->20->24->18->8->19->10->28->6->22->14->4->30->17->13->1->21->12->2->23->29->25->5->16->11->27
30	86110	83743.1094828595	270	1	0.03802204132080078	9->15->26->7->3->20->24->18->8->19->10->28->6->22->14->4->30->17->13->1->21->12->2->23->29->25->5->16->11->27
30	86110	83743.1094828595	270	1	0.03125143051147461	9->15->26->7->3->20->24->18->8->19->10->28->6->22->14->4->30->17->13->1->21->12->2->23->29->25->5->16->11->27
30	86110	83743.1094828595	270	1	0.046877384185791016	9->15->26->7->3->20->24->18->8->19->10->28->6->22->14->4->30->17->13->1->21->12->2->23->29->25->5->16->11->27
30	86110	83743.1094828595	270	1	0.03085494041442871	9->15->26->7->3->20->24->18->8->19->10->28->6->22->14->4->30->17->13->1->21->12->2->23->29->25->5->16->11->27
30	86110	83743.1094828595	270	1	0.0312502384185791	9->15->26->7->3->20->24->18->8->19->10->28->6->22->14->4->30->17->13->1->21->12->2->23->29->25->5->16->11->27
30	86110	83743.1094828595	270	1	0.031250953674316406	9->15->26->7->3->20->24->18->8->19->10->28->6->22->14->4->30->17->13->1->21->12->2->23->29->25->5->16->11->27
30	86110	83743.1094828595	270	1	0.031250953674316406	9->15->26->7->3->20->24->18->8->19->10->28->6->22->14->4->30->17->13->1->21->12->2->23->29->25->5->16->11->27
30	86110	83743.1094828595	270	1	0.02968907356262207	9->15->26->7->3->20->24->18->8->19->10->28->6->22->14->4->30->17->13->1->21->12->2->23->29->25->5->16->11->27
30	86110	83743.1094828595	270	1	0.031250953674316406	9->15->26->7->3->20->24->18->8->19->10->28->6->22->14->4->30->17->13->1->21->12->2->23->29->25->5->16->11->27
30	86110	83743.1094828595	270	1	0.03125143051147461	9->15->26->7->3->20->24->18->8->19->10->28->6->22->14->4->30->17->13->1->21->12->2->23->29->25->5->16->11->27
30	86110	83743.1094828595	270	1	0.04687809944152832	9->15->26->7->3->20->24->18->8->19->10->28->6->22->14->4->30->17->13->1->21->12->2->23->29->25->5->16->11->27
30	86110	83743.1094828595	270	1	0.029799699783325195	9->15->26->7->3->20->24->18->8->19->10->28->6->22->14->4->30->17->13->1->21->12->2->23->29->25->5->16->11->27
30	86110	83743.1094828595	270	1	0.046971797943115234	9->15->26->7->3->20->24->18->8->19->10->28->6->22->14->4->30->17->13->1->21->12->2->23->29->25->5->16->11->27
30	86110	83743.1094828595	270	1	0.03240203857421875	9->15->26->7->3->20->24->18->8->19->10->28->6->22->14->4->30->17->13->1->21->12->2->23->29->25->5->16->11->27
30	86110	83743.1094828595	270	1	0.031244277954101562	9->15->26->7->3->20->24->18->8->19->10->28->6->22->14->4->30->17->13->1->21->12->2->23->29->25->5->16->11->27
30	86110	83743.1094828595	270	1	0.03125190734863281	9->15->26->7->3->20->24->18->8->19->10->28->6->22->14->4->30->17->13->1->21->12->2->23->29->25->5->16->11->27
30	86110	83743.1094828595	270	1	0.03502345085144043	9->15->26->7->3->20->24->18->8->19->10->28->6->22->14->4->30->17->13->1->21->12->2->23->29->25->5->16->11->27
30	20172	19799.884040312274	551	2	0.12107968330383301	1->15->7->9->26->20->24->19->18->2->8->12->4->28->16->10->3->22->6->30->13->25->23->14->5->21->11->27->17->29
