30	78655	77386.81954743218	1254	1	0.31012701988220215	1->2->18->6->3->4->8->27->26->5->19->11->10->28->15->24->29->30->12->23->25->22->13->21->20->14->17->9->16->7
30	78655	77386.81954743218	1254	1	0.3075075149536133	1->2->18->6->3->4->8->27->26->5->19->11->10->28->15->24->29->30->12->23->25->22->13->21->20->14->17->9->16->7
30	78655	77386.81954743218	1254	1	0.3075673580169678	1->2->18->6->3->4->8->27->26->5->19->11->10->28->15->24->29->30->12->23->25->22->13->21->20->14->17->9->16->7
30	78655	77386.81954743218	1254	1	0.3042724132537842	1->2->18->6->3->4->8->27->26->5->19->11->10->28->15->24->29->30->12->23->25->22->13->21->20->14->17->9->16->7
30	78655	77386.81954743218	1254	1	0.3073232173919678	1->2->18->6->3->4->8->27->26->5->19->11->10->28->15->24->29->30->12->23->25->22->13->21->20->14->17->9->16->7
30	79241	77386.81954743218	204	0	0.10937976837158203	1	
30	79241	77386.81954743218	85	0	0.10137605667114258	1	
30	79241	77386.81954743218	204	0	0.10972380638122559	1	
30	79241	77386.81954743218	85	0	0.10381197929382324	1	
30	79241	77386.81954743218	178	0	0.10000872611999512	1	
30	79241	77386.81954743218	163	0	0.10111784934997559	1	
30	79241	77386.81954743218	217	0	0.11395001411437988	1	
30	79241	77386.81954743218	247	0	0.11328649520874023	1	
30	79241	77386.81954743218	202	0	0.10937809944152832	1	
30	79241	77386.81954743218	170	0	0.10043621063232422	1	
30	79241	77386.81954743218	204	0	0.10098457336425781	1	
30	79241	77386.81954743218	210	0	0.10442256927490234	1	
30	79241	77386.81954743218	210	0	0.1073000431060791	1	
30	79241	77386.81954743218	173	0	0.10205388069152832	1	
30	79241	77386.81954743218	188	0	0.10895371437072754	1	
30	79241	77386.81954743218	210	0	0.11461114883422852	1	
30	79241	77386.81954743218	196	0	0.10037708282470703	1	
30	79241	77386.81954743218	199	0	0.10938119888305664	1	
30	79241	77386.81954743218	204	0	0.10938143730163574	1	
30	79241	77386.81954743218	204	0	0.1000666618347168	1	
30	79241	77386.81954743218	202	0	0.10937952995300293	1	
30	79241	77386.81954743218	193	0	0.10938143730163574	1	
30	79241	77386.81954743218	196	0	0.11061286926269531	1	
30	79241	77386.81954743218	185	0	0.10504961013793945	1	
30	79241	77386.81954743218	204	0	0.10402321815490723	1	
30	79241	77386.81954743218	245	0	0.1118922233581543	1	
30	79241	77386.81954743218	202	0	0.10938143730163574	1	
30	79241	77386.81954743218	181	0	0.10031008720397949	1	
30	79241	77386.81954743218	188	0	0.10086727142333984	1	
30	79241	77386.81954743218	207	0	0.10938167572021484	1	
30	79241	77386.81954743218	199	0	0.10938024520874023	1	
30	79241	77386.81954743218	191	0	0.11237072944641113	1	
30	79241	77386.81954743218	191	0	0.10545802116394043	1	
30	79241	77386.81954743218	207	0	0.10938072204589844	1	
30	78655	77386.81954743218	1254	1	0.2968912124633789	1->2->18->6->3->4->8->27->26->5->19->11->10->28->15->24->29->30->12->23->25->22->13->21->20->14->17->9->16->7
30	78655	77386.81954743218	1254	1	0.296891450881958	1->2->18->6->3->4->8->27->26->5->19->11->10->28->15->24->29->30->12->23->25->22->13->21->20->14->17->9->16->7
30	78655	77386.81954743218	1254	1	0.296891450881958	1->2->18->6->3->4->8->27->26->5->19->11->10->28->15->24->29->30->12->23->25->22->13->21->20->14->17->9->16->7
30	78655	77386.81954743218	1254	1	0.2971980571746826	1->2->18->6->3->4->8->27->26->5->19->11->10->28->15->24->29->30->12->23->25->22->13->21->20->14->17->9->16->7
30	18607	18343.96589462164	5240	2	2.4496371746063232	1->2->18->6->3->16->8->27->26->4->10->21->22->20->11->28->12->17->9->19->30->5->23->25->29->14->15->7->13->24
