30	60032	59752.16447177245	367	2	0.09375429153442383	1->2->14->24->18->16->20->21->28->12->10->8->26->17->9->25->7->19->22->3->29->15->6->11->5->30->4->13->27->23
30	60032	59752.16447177245	367	2	0.07812762260437012	1->2->14->24->18->16->20->21->28->12->10->8->26->17->9->25->7->19->22->3->29->15->6->11->5->30->4->13->27->23
30	60032	59752.16447177245	367	2	0.10200142860412598	1->2->14->24->18->16->20->21->28->12->10->8->26->17->9->25->7->19->22->3->29->15->6->11->5->30->4->13->27->23
30	60032	59752.16447177245	367	2	0.09375619888305664	1->2->14->24->18->16->20->21->28->12->10->8->26->17->9->25->7->19->22->3->29->15->6->11->5->30->4->13->27->23
30	60032	59752.16447177245	367	2	0.09706497192382812	1->2->14->24->18->16->20->21->28->12->10->8->26->17->9->25->7->19->22->3->29->15->6->11->5->30->4->13->27->23
30	60032	59752.16447177245	367	2	0.09145045280456543	1->2->14->24->18->16->20->21->28->12->10->8->26->17->9->25->7->19->22->3->29->15->6->11->5->30->4->13->27->23
30	60551	59752.16447177245	116	0	0.1052243709564209	1	
30	60551	59752.16447177245	116	0	0.10462141036987305	1	
30	60032	59752.16447177245	367	2	0.09375381469726562	1->2->14->24->18->16->20->21->28->12->10->8->26->17->9->25->7->19->22->3->29->15->6->11->5->30->4->13->27->23
30	60032	59752.16447177245	367	2	0.08495497703552246	1->2->14->24->18->16->20->21->28->12->10->8->26->17->9->25->7->19->22->3->29->15->6->11->5->30->4->13->27->23
30	60032	59752.16447177245	367	2	0.09461092948913574	1->2->14->24->18->16->20->21->28->12->10->8->26->17->9->25->7->19->22->3->29->15->6->11->5->30->4->13->27->23
30	60032	59752.16447177245	367	2	0.09375452995300293	1->2->14->24->18->16->20->21->28->12->10->8->26->17->9->25->7->19->22->3->29->15->6->11->5->30->4->13->27->23
30	60032	59752.16447177245	367	2	0.10005307197570801	1	
30	60551	59752.16447177245	316	0	0.10005640983581543	1	
30	60032	59752.16447177245	367	2	0.08922410011291504	1->2->14->24->18->16->20->21->28->12->10->8->26->17->9->25->7->19->22->3->29->15->6->11->5->30->4->13->27->23
30	60551	59752.16447177245	311	0	0.10065102577209473	1	
30	60032	59752.16447177245	367	2	0.09375643730163574	1->2->14->24->18->16->20->21->28->12->10->8->26->17->9->25->7->19->22->3->29->15->6->11->5->30->4->13->27->23
30	60032	59752.16447177245	367	2	0.09656357765197754	1->2->14->24->18->16->20->21->28->12->10->8->26->17->9->25->7->19->22->3->29->15->6->11->5->30->4->13->27->23
30	60032	59752.16447177245	367	2	0.09375405311584473	1->2->14->24->18->16->20->21->28->12->10->8->26->17->9->25->7->19->22->3->29->15->6->11->5->30->4->13->27->23
30	60032	59752.16447177245	367	2	0.09135293960571289	1->2->14->24->18->16->20->21->28->12->10->8->26->17->9->25->7->19->22->3->29->15->6->11->5->30->4->13->27->23
30	60032	59752.16447177245	367	2	0.08719825744628906	1->2->14->24->18->16->20->21->28->12->10->8->26->17->9->25->7->19->22->3->29->15->6->11->5->30->4->13->27->23
30	60032	59752.16447177245	367	2	0.09532546997070312	1->2->14->24->18->16->20->21->28->12->10->8->26->17->9->25->7->19->22->3->29->15->6->11->5->30->4->13->27->23
30	60032	59752.16447177245	367	2	0.09375596046447754	1->2->14->24->18->16->20->21->28->12->10->8->26->17->9->25->7->19->22->3->29->15->6->11->5->30->4->13->27->23
30	60032	59752.16447177245	367	2	0.08463549613952637	1->2->14->24->18->16->20->21->28->12->10->8->26->17->9->25->7->19->22->3->29->15->6->11->5->30->4->13->27->23
30	60032	59752.16447177245	367	2	0.09375572204589844	1->2->14->24->18->16->20->21->28->12->10->8->26->17->9->25->7->19->22->3->29->15->6->11->5->30->4->13->27->23
30	60032	59752.16447177245	367	2	0.08822822570800781	1->2->14->24->18->16->20->21->28->12->10->8->26->17->9->25->7->19->22->3->29->15->6->11->5->30->4->13->27->23
30	60032	59752.16447177245	367	2	0.09375500679016113	1->2->14->24->18->16->20->21->28->12->10->8->26->17->9->25->7->19->22->3->29->15->6->11->5->30->4->13->27->23
30	60032	59752.16447177245	367	2	0.09375643730163574	1->2->14->24->18->16->20->21->28->12->10->8->26->17->9->25->7->19->22->3->29->15->6->11->5->30->4->13->27->23
30	60032	59752.16447177245	367	2	0.09375715255737305	1->2->14->24->18->16->20->21->28->12->10->8->26->17->9->25->7->19->22->3->29->15->6->11->5->30->4->13->27->23
30	60032	59752.16447177245	367	2	0.09375762939453125	1->2->14->24->18->16->20->21->28->12->10->8->26->17->9->25->7->19->22->3->29->15->6->11->5->30->4->13->27->23
30	60032	59752.16447177245	367	2	0.09375309944152832	1->2->14->24->18->16->20->21->28->12->10->8->26->17->9->25->7->19->22->3->29->15->6->11->5->30->4->13->27->23
30	60032	59752.16447177245	367	2	0.08973431587219238	1->2->14->24->18->16->20->21->28->12->10->8->26->17->9->25->7->19->22->3->29->15->6->11->5->30->4->13->27->23
30	60032	59752.16447177245	367	2	0.0998387336730957	1->2->14->24->18->16->20->21->28->12->10->8->26->17->9->25->7->19->22->3->29->15->6->11->5->30->4->13->27->23
30	60032	59752.16447177245	367	2	0.09375286102294922	1->2->14->24->18->16->20->21->28->12->10->8->26->17->9->25->7->19->22->3->29->15->6->11->5->30->4->13->27->23
30	60032	59752.16447177245	367	2	0.09375476837158203	1->2->14->24->18->16->20->21->28->12->10->8->26->17->9->25->7->19->22->3->29->15->6->11->5->30->4->13->27->23
30	60032	59752.16447177245	367	2	0.09375691413879395	1->2->14->24->18->16->20->21->28->12->10->8->26->17->9->25->7->19->22->3->29->15->6->11->5->30->4->13->27->23
30	60032	59752.16447177245	367	2	0.09375381469726562	1->2->14->24->18->16->20->21->28->12->10->8->26->17->9->25->7->19->22->3->29->15->6->11->5->30->4->13->27->23
30	60032	59752.16447177245	367	2	0.09375476837158203	1->2->14->24->18->16->20->21->28->12->10->8->26->17->9->25->7->19->22->3->29->15->6->11->5->30->4->13->27->23
30	60032	59752.16447177245	367	2	0.09375572204589844	1->2->14->24->18->16->20->21->28->12->10->8->26->17->9->25->7->19->22->3->29->15->6->11->5->30->4->13->27->23
30	60032	59752.16447177245	367	2	0.07812786102294922	1->2->14->24->18->16->20->21->28->12->10->8->26->17->9->25->7->19->22->3->29->15->6->11->5->30->4->13->27->23
30	60032	59752.16447177245	367	2	0.08906054496765137	1->2->14->24->18->16->20->21->28->12->10->8->26->17->9->25->7->19->22->3->29->15->6->11->5->30->4->13->27->23
30	14273	14231.744886681945	266	4	0.08305573463439941	1->2->14->8->24->12->16->20->21->28->10->18->26->3->5->17->9->22->27->29->4->25->30->7->15->6->11->13->23->19
