30	75130	74518.26548771869	3064	0	1.0116336345672607	1	
30	75130	74518.26548771869	3098	0	1.0069854259490967	1	
30	75130	74518.26548771869	1450	0	0.5126650333404541	1	
30	75130	74518.26548771869	1416	0	0.5080032348632812	1	
30	75130	74518.26548771869	1426	0	0.500800609588623	1	
30	75130	74518.26548771869	220	0	0.10043168067932129	1	
30	75130	74518.26548771869	95	0	0.11380958557128906	1	
30	75130	74518.26548771869	90	0	0.10603213310241699	1	
30	75130	74518.26548771869	208	0	0.10062193870544434	1	
30	75130	74518.26548771869	225	0	0.10102319717407227	1	
30	75130	74518.26548771869	204	0	0.10186648368835449	1	
30	75130	74518.26548771869	230	0	0.11318469047546387	1	
30	75130	74518.26548771869	225	0	0.10719156265258789	1	
30	75130	74518.26548771869	216	0	0.10263347625732422	1	
30	75130	74518.26548771869	248	0	0.10988855361938477	1	
30	75130	74518.26548771869	239	0	0.10087132453918457	1	
30	75130	74518.26548771869	230	0	0.10938501358032227	1	
30	75130	74518.26548771869	189	0	0.10117244720458984	1	
30	75130	74518.26548771869	235	0	0.10938096046447754	1	
30	75130	74518.26548771869	216	0	0.10097122192382812	1	
30	75130	74518.26548771869	239	0	0.10938215255737305	1	
30	75130	74518.26548771869	272	0	0.10688591003417969	1	
30	75130	74518.26548771869	239	0	0.10938167572021484	1	
30	75130	74518.26548771869	225	0	0.10026812553405762	1	
30	75130	74518.26548771869	248	0	0.10076093673706055	1	
30	75130	74518.26548771869	225	0	0.10938048362731934	1	
30	75130	74518.26548771869	208	0	0.10031986236572266	1	
30	75130	74518.26548771869	239	0	0.10938000679016113	1	
30	75130	74518.26548771869	230	0	0.10938000679016113	1	
30	75130	74518.26548771869	277	0	0.11133241653442383	1	
30	75130	74518.26548771869	244	0	0.10938143730163574	1	
30	75130	74518.26548771869	235	0	0.10627436637878418	1	
30	75130	74518.26548771869	244	0	0.10938143730163574	1	
30	75130	74518.26548771869	248	0	0.10938119888305664	1	
30	75130	74518.26548771869	257	0	0.10937881469726562	1	
30	75130	74518.26548771869	239	0	0.10938048362731934	1	
30	75130	74518.26548771869	267	0	0.10653352737426758	1	
30	75130	74518.26548771869	225	0	0.10600757598876953	1	
30	74958	74518.26548771869	4469	1	1.5490508079528809	1->2->5->14->7->20->29->11->15->16->17->12->18->19->25->9->21->30->4->10->28->24->6->26->8->23->22->13->3->27
30	75130	74518.26548771869	3071	0	1.0000581741333008	1	
30	74958	74518.26548771869	4469	1	1.552039623260498	1->2->5->14->7->20->29->11->15->16->17->12->18->19->25->9->21->30->4->10->28->24->6->26->8->23->22->13->3->27
30	17281	17192.8003370579	1083	2	1.41194486618042	1->2->5->30->14->7->21->20->11->15->25->16->17->12->18->19->23->29->4->6->26->10->9->22->28->8->3->24->13->27
