30	42818	42087.11384046987	1956	2	0.2102339267730713	19->11->10->7->23->6->18->14->27->22->15->25->20->21->28->29->4->3->1->26->17->9->8->16->12->5->2->30->24->13
30	42818	42087.11384046987	1956	2	0.20312714576721191	19->11->10->7->23->6->18->14->27->22->15->25->20->21->28->29->4->3->1->26->17->9->8->16->12->5->2->30->24->13
30	42818	42087.11384046987	1956	2	0.2106022834777832	19->11->10->7->23->6->18->14->27->22->15->25->20->21->28->29->4->3->1->26->17->9->8->16->12->5->2->30->24->13
30	42818	42087.11384046987	1956	2	0.21056795120239258	19->11->10->7->23->6->18->14->27->22->15->25->20->21->28->29->4->3->1->26->17->9->8->16->12->5->2->30->24->13
30	42818	42087.11384046987	1956	2	0.21136927604675293	19->11->10->7->23->6->18->14->27->22->15->25->20->21->28->29->4->3->1->26->17->9->8->16->12->5->2->30->24->13
30	49080	42087.11384046987	988	0	0.10056710243225098	1	
30	49080	42087.11384046987	371	0	0.10973167419433594	1	
30	49080	42087.11384046987	972	0	0.1002817153930664	1	
30	49080	42087.11384046987	354	0	0.10954523086547852	1	
30	49080	42087.11384046987	1018	0	0.1005699634552002	1	
30	49080	42087.11384046987	1099	0	0.10509872436523438	1	
30	49080	42087.11384046987	746	0	0.10020732879638672	1	
30	49080	42087.11384046987	1114	0	0.10938334465026855	1	
30	49080	42087.11384046987	972	0	0.1008310317993164	1	
30	49080	42087.11384046987	1066	0	0.10067367553710938	1	
30	49080	42087.11384046987	955	0	0.1000359058380127	1	
30	49080	42087.11384046987	1145	0	0.10100889205932617	1	
30	49080	42087.11384046987	972	0	0.10054397583007812	1	
30	49080	42087.11384046987	845	0	0.10117673873901367	1	
30	49080	42087.11384046987	1018	0	0.10937952995300293	1	
30	49080	42087.11384046987	1114	0	0.10937976837158203	1	
30	49080	42087.11384046987	1099	0	0.10937976837158203	1	
30	49080	42087.11384046987	1145	0	0.10938143730163574	1	
30	49080	42087.11384046987	1114	0	0.10937976837158203	1	
30	49080	42087.11384046987	1114	0	0.10056638717651367	1	
30	49080	42087.11384046987	1145	0	0.10938191413879395	1	
30	49080	42087.11384046987	1035	0	0.10857486724853516	1	
30	49080	42087.11384046987	1083	0	0.10938072204589844	1	
30	49080	42087.11384046987	1211	0	0.10938048362731934	1	
30	49080	42087.11384046987	1066	0	0.1062164306640625	1	
30	49080	42087.11384046987	1003	0	0.1037290096282959	1	
30	49080	42087.11384046987	1114	0	0.10755515098571777	1	
30	49080	42087.11384046987	1066	0	0.10938072204589844	1	
30	49080	42087.11384046987	1051	0	0.10937762260437012	1	
30	49080	42087.11384046987	1162	0	0.10938143730163574	1	
30	49080	42087.11384046987	972	0	0.10145282745361328	1	
30	49080	42087.11384046987	925	0	0.10025906562805176	1	
30	49080	42087.11384046987	1114	0	0.10937976837158203	1	
30	49080	42087.11384046987	1083	0	0.10882902145385742	1	
30	42818	42087.11384046987	1956	2	0.21114158630371094	19->11->10->7->23->6->18->14->27->22->15->25->20->21->28->29->4->3->1->26->17->9->8->16->12->5->2->30->24->13
30	42818	42087.11384046987	1956	2	0.20313549041748047	19->11->10->7->23->6->18->14->27->22->15->25->20->21->28->29->4->3->1->26->17->9->8->16->12->5->2->30->24->13
30	42818	42087.11384046987	1956	2	0.20313358306884766	19->11->10->7->23->6->18->14->27->22->15->25->20->21->28->29->4->3->1->26->17->9->8->16->12->5->2->30->24->13
30	42818	42087.11384046987	1956	2	0.20413637161254883	19->11->10->7->23->6->18->14->27->22->15->25->20->21->28->29->4->3->1->26->17->9->8->16->12->5->2->30->24->13
30	42818	42087.11384046987	1956	2	0.22114872932434082	19->11->10->7->23->6->18->14->27->22->15->25->20->21->28->29->4->3->1->26->17->9->8->16->12->5->2->30->24->13
30	10405	10272.88571225071	10623	8	2.110413074493408	19->11->10->2->6->23->15->22->18->27->14->20->21->3->28->29->25->8->7->30->4->5->26->17->12->1->24->16->13->9
