30	76534	76284.89605911329	105	1	0.0312504768371582	1->2->14->6->22->7->23->28->25->19->11->29->5->13->27->24->4->26->17->10->8->21->18->9->30->20->12->15->3->16
30	76534	76284.89605911329	105	1	0.03125190734863281	1->2->14->6->22->7->23->28->25->19->11->29->5->13->27->24->4->26->17->10->8->21->18->9->30->20->12->15->3->16
30	76534	76284.89605911329	105	1	0.03125262260437012	1->2->14->6->22->7->23->28->25->19->11->29->5->13->27->24->4->26->17->10->8->21->18->9->30->20->12->15->3->16
30	76534	76284.89605911329	105	1	0.0312504768371582	1->2->14->6->22->7->23->28->25->19->11->29->5->13->27->24->4->26->17->10->8->21->18->9->30->20->12->15->3->16
30	76534	76284.89605911329	105	1	0.0312502384185791	1->2->14->6->22->7->23->28->25->19->11->29->5->13->27->24->4->26->17->10->8->21->18->9->30->20->12->15->3->16
30	76534	76284.89605911329	105	1	0.038902997970581055	1->2->14->6->22->7->23->28->25->19->11->29->5->13->27->24->4->26->17->10->8->21->18->9->30->20->12->15->3->16
30	76534	76284.89605911329	105	1	0.07812762260437012	1->2->14->6->22->7->23->28->25->19->11->29->5->13->27->24->4->26->17->10->8->21->18->9->30->20->12->15->3->16
30	76534	76284.89605911329	105	1	0.015627145767211914	1->2->14->6->22->7->23->28->25->19->11->29->5->13->27->24->4->26->17->10->8->21->18->9->30->20->12->15->3->16
30	76534	76284.89605911329	105	1	0.08034491539001465	1->2->14->6->22->7->23->28->25->19->11->29->5->13->27->24->4->26->17->10->8->21->18->9->30->20->12->15->3->16
30	76534	76284.89605911329	105	1	0.03302121162414551	1->2->14->6->22->7->23->28->25->19->11->29->5->13->27->24->4->26->17->10->8->21->18->9->30->20->12->15->3->16
30	76534	76284.89605911329	105	1	0.02566075325012207	1->2->14->6->22->7->23->28->25->19->11->29->5->13->27->24->4->26->17->10->8->21->18->9->30->20->12->15->3->16
30	76534	76284.89605911329	105	1	0.024893522262573242	1->2->14->6->22->7->23->28->25->19->11->29->5->13->27->24->4->26->17->10->8->21->18->9->30->20->12->15->3->16
30	76534	76284.89605911329	105	1	0.017706871032714844	1->2->14->6->22->7->23->28->25->19->11->29->5->13->27->24->4->26->17->10->8->21->18->9->30->20->12->15->3->16
30	76534	76284.89605911329	105	1	0.03125166893005371	1->2->14->6->22->7->23->28->25->19->11->29->5->13->27->24->4->26->17->10->8->21->18->9->30->20->12->15->3->16
30	76534	76284.89605911329	105	1	0.03125286102294922	1->2->14->6->22->7->23->28->25->19->11->29->5->13->27->24->4->26->17->10->8->21->18->9->30->20->12->15->3->16
30	76534	76284.89605911329	105	1	0.04687809944152832	1->2->14->6->22->7->23->28->25->19->11->29->5->13->27->24->4->26->17->10->8->21->18->9->30->20->12->15->3->16
30	76534	76284.89605911329	105	1	0.022437572479248047	1->2->14->6->22->7->23->28->25->19->11->29->5->13->27->24->4->26->17->10->8->21->18->9->30->20->12->15->3->16
30	76534	76284.89605911329	105	1	0.03125166893005371	1->2->14->6->22->7->23->28->25->19->11->29->5->13->27->24->4->26->17->10->8->21->18->9->30->20->12->15->3->16
30	76534	76284.89605911329	105	1	0.021915674209594727	1->2->14->6->22->7->23->28->25->19->11->29->5->13->27->24->4->26->17->10->8->21->18->9->30->20->12->15->3->16
30	76534	76284.89605911329	105	1	0.031253814697265625	1->2->14->6->22->7->23->28->25->19->11->29->5->13->27->24->4->26->17->10->8->21->18->9->30->20->12->15->3->16
30	76534	76284.89605911329	105	1	0.03125119209289551	1->2->14->6->22->7->23->28->25->19->11->29->5->13->27->24->4->26->17->10->8->21->18->9->30->20->12->15->3->16
30	76534	76284.89605911329	105	1	0.03125119209289551	1->2->14->6->22->7->23->28->25->19->11->29->5->13->27->24->4->26->17->10->8->21->18->9->30->20->12->15->3->16
30	76534	76284.89605911329	105	1	0.01873016357421875	1->2->14->6->22->7->23->28->25->19->11->29->5->13->27->24->4->26->17->10->8->21->18->9->30->20->12->15->3->16
30	76534	76284.89605911329	105	1	0.031249523162841797	1->2->14->6->22->7->23->28->25->19->11->29->5->13->27->24->4->26->17->10->8->21->18->9->30->20->12->15->3->16
30	76534	76284.89605911329	105	1	0.030019283294677734	1->2->14->6->22->7->23->28->25->19->11->29->5->13->27->24->4->26->17->10->8->21->18->9->30->20->12->15->3->16
30	76534	76284.89605911329	105	1	0.03125119209289551	1->2->14->6->22->7->23->28->25->19->11->29->5->13->27->24->4->26->17->10->8->21->18->9->30->20->12->15->3->16
30	76534	76284.89605911329	105	1	0.031252384185791016	1->2->14->6->22->7->23->28->25->19->11->29->5->13->27->24->4->26->17->10->8->21->18->9->30->20->12->15->3->16
30	76534	76284.89605911329	105	1	0.0312502384185791	1->2->14->6->22->7->23->28->25->19->11->29->5->13->27->24->4->26->17->10->8->21->18->9->30->20->12->15->3->16
30	76534	76284.89605911329	105	1	0.03125309944152832	1->2->14->6->22->7->23->28->25->19->11->29->5->13->27->24->4->26->17->10->8->21->18->9->30->20->12->15->3->16
30	76534	76284.89605911329	105	1	0.030367374420166016	1->2->14->6->22->7->23->28->25->19->11->29->5->13->27->24->4->26->17->10->8->21->18->9->30->20->12->15->3->16
30	76534	76284.89605911329	105	1	0.0312504768371582	1->2->14->6->22->7->23->28->25->19->11->29->5->13->27->24->4->26->17->10->8->21->18->9->30->20->12->15->3->16
30	76534	76284.89605911329	105	1	0.03125166893005371	1->2->14->6->22->7->23->28->25->19->11->29->5->13->27->24->4->26->17->10->8->21->18->9->30->20->12->15->3->16
30	76534	76284.89605911329	105	1	0.025873661041259766	1->2->14->6->22->7->23->28->25->19->11->29->5->13->27->24->4->26->17->10->8->21->18->9->30->20->12->15->3->16
30	76534	76284.89605911329	105	1	0.0312502384185791	1->2->14->6->22->7->23->28->25->19->11->29->5->13->27->24->4->26->17->10->8->21->18->9->30->20->12->15->3->16
30	76534	76284.89605911329	105	1	0.03125190734863281	1->2->14->6->22->7->23->28->25->19->11->29->5->13->27->24->4->26->17->10->8->21->18->9->30->20->12->15->3->16
30	76534	76284.89605911329	105	1	0.0312504768371582	1->2->14->6->22->7->23->28->25->19->11->29->5->13->27->24->4->26->17->10->8->21->18->9->30->20->12->15->3->16
30	76534	76284.89605911329	105	1	0.03745102882385254	1->2->14->6->22->7->23->28->25->19->11->29->5->13->27->24->4->26->17->10->8->21->18->9->30->20->12->15->3->16
30	76534	76284.89605911329	105	1	0.031252384185791016	1->2->14->6->22->7->23->28->25->19->11->29->5->13->27->24->4->26->17->10->8->21->18->9->30->20->12->15->3->16
30	76534	76284.89605911329	105	1	0.03125119209289551	1->2->14->6->22->7->23->28->25->19->11->29->5->13->27->24->4->26->17->10->8->21->18->9->30->20->12->15->3->16
30	76534	76284.89605911329	105	1	0.031020641326904297	1->2->14->6->22->7->23->28->25->19->11->29->5->13->27->24->4->26->17->10->8->21->18->9->30->20->12->15->3->16
30	76534	76284.89605911329	105	1	0.03125286102294922	1->2->14->6->22->7->23->28->25->19->11->29->5->13->27->24->4->26->17->10->8->21->18->9->30->20->12->15->3->16
30	76534	76284.89605911329	105	1	0.031252145767211914	1->2->14->6->22->7->23->28->25->19->11->29->5->13->27->24->4->26->17->10->8->21->18->9->30->20->12->15->3->16
30	76534	76284.89605911329	105	1	0.02901935577392578	1->2->14->6->22->7->23->28->25->19->11->29->5->13->27->24->4->26->17->10->8->21->18->9->30->20->12->15->3->16
30	76534	76284.89605911329	105	1	0.031020164489746094	1->2->14->6->22->7->23->28->25->19->11->29->5->13->27->24->4->26->17->10->8->21->18->9->30->20->12->15->3->16
30	19640	19588.356230614852	425	32	0.3072068691253662	1->2->29->14->22->6->23->7->28->25->19->30->24->3->26->11->10->16->21->5->17->9->20->18->4->8->12->13->15->27
