30	96144	93232.40342426825	3022	0	1.007920742034912	1	
30	96144	93232.40342426825	3035	0	1.0112688541412354	1	
30	96144	93232.40342426825	1384	0	0.5119342803955078	1	
30	96144	93232.40342426825	1345	0	0.5103962421417236	1	
30	96144	93232.40342426825	1371	0	0.5105957984924316	1	
30	96144	93232.40342426825	220	0	0.10051846504211426	1	
30	96144	93232.40342426825	118	0	0.10018110275268555	1	
30	96144	93232.40342426825	216	0	0.10245752334594727	1	
30	96144	93232.40342426825	118	0	0.10264062881469727	1	
30	96144	93232.40342426825	261	0	0.10329365730285645	1	
30	96144	93232.40342426825	267	0	0.11344647407531738	1	
30	96144	93232.40342426825	213	0	0.10028743743896484	1	
30	96144	93232.40342426825	251	0	0.10463333129882812	1	
30	96144	93232.40342426825	216	0	0.10021662712097168	1	
30	96144	93232.40342426825	216	0	0.10082626342773438	1	
30	96144	93232.40342426825	241	0	0.10709619522094727	1	
30	96144	93232.40342426825	282	0	0.11083006858825684	1	
30	96144	93232.40342426825	251	0	0.10938048362731934	1	
30	96144	93232.40342426825	230	0	0.11295175552368164	1	
30	96144	93232.40342426825	213	0	0.1003117561340332	1	
30	96144	93232.40342426825	236	0	0.10938143730163574	1	
30	96144	93232.40342426825	251	0	0.11052775382995605	1	
30	96144	93232.40342426825	241	0	0.10515689849853516	1	
30	96144	93232.40342426825	251	0	0.10938000679016113	1	
30	96144	93232.40342426825	251	0	0.10056805610656738	1	
30	96144	93232.40342426825	287	0	0.10993289947509766	1	
30	96144	93232.40342426825	241	0	0.10938072204589844	1	
30	96144	93232.40342426825	220	0	0.10640692710876465	1	
30	96144	93232.40342426825	246	0	0.10938167572021484	1	
30	96144	93232.40342426825	236	0	0.10937976837158203	1	
30	96144	93232.40342426825	272	0	0.10938239097595215	1	
30	96144	93232.40342426825	246	0	0.10938286781311035	1	
30	96144	93232.40342426825	261	0	0.10182929039001465	1	
30	96144	93232.40342426825	255	0	0.10937881469726562	1	
30	96144	93232.40342426825	251	0	0.10938334465026855	1	
30	96144	93232.40342426825	246	0	0.10938119888305664	1	
30	96144	93232.40342426825	230	0	0.10938096046447754	1	
30	96144	93232.40342426825	251	0	0.1016089916229248	1	
30	96144	93232.40342426825	236	0	0.10356760025024414	1	
30	95344	93232.40342426825	21075	2	7.7143495082855225	1->2->20->4->7->3->28->11->9->10->14->5->27->15->26->19->23->18->24->8->29->6->25->22->13->17->30->16->12->21
30	96144	93232.40342426825	3022	0	1.0000531673431396	1	
30	95344	93232.40342426825	21075	2	7.641084432601929	1->2->20->4->7->3->28->11->9->10->14->5->27->15->26->19->23->18->24->8->29->6->25->22->13->17->30->16->12->21
30	95344	93232.40342426825	21075	2	7.740176677703857	1->2->20->4->7->3->28->11->9->10->14->5->27->15->26->19->23->18->24->8->29->6->25->22->13->17->30->16->12->21
30	19570	19086.862871936966	148037	1	289.57560682296753	1->2->20->4->7->3->14->11->8->16->9->5->27->10->18->22->19->29->23->17->6->30->26->21->25->13->15->12->28->24
