30	70529	69073.81313137923	1882	4	0.3997471332550049	26->2->3->1->15->5->11->28->14->21->16->18->13->30->9->25->22->17->7->12->19->10->20->8->27->23->29->24->6->4
30	70529	69073.81313137923	1882	4	0.39422035217285156	26->2->3->1->15->5->11->28->14->21->16->18->13->30->9->25->22->17->7->12->19->10->20->8->27->23->29->24->6->4
30	70529	69073.81313137923	1882	4	0.38968420028686523	26->2->3->1->15->5->11->28->14->21->16->18->13->30->9->25->22->17->7->12->19->10->20->8->27->23->29->24->6->4
30	70529	69073.81313137923	1882	4	0.39064669609069824	26->2->3->1->15->5->11->28->14->21->16->18->13->30->9->25->22->17->7->12->19->10->20->8->27->23->29->24->6->4
30	70529	69073.81313137923	1882	4	0.39473819732666016	26->2->3->1->15->5->11->28->14->21->16->18->13->30->9->25->22->17->7->12->19->10->20->8->27->23->29->24->6->4
30	73949	69073.81313137923	142	0	0.10106801986694336	1	
30	73949	69073.81313137923	84	0	0.11447429656982422	1	
30	73949	69073.81313137923	72	0	0.10031700134277344	1	
30	73949	69073.81313137923	154	0	0.11153078079223633	1	
30	73949	69073.81313137923	136	0	0.1043088436126709	1	
30	73949	69073.81313137923	127	0	0.10126852989196777	1	
30	73949	69073.81313137923	172	0	0.11315155029296875	1	
30	73949	69073.81313137923	151	0	0.10937929153442383	1	
30	73949	69073.81313137923	133	0	0.10022211074829102	1	
30	73949	69073.81313137923	151	0	0.10938119888305664	1	
30	73949	69073.81313137923	136	0	0.10087847709655762	1	
30	73949	69073.81313137923	148	0	0.10110235214233398	1	
30	73949	69073.81313137923	145	0	0.10216927528381348	1	
30	73949	69073.81313137923	142	0	0.10937976837158203	1	
30	73949	69073.81313137923	151	0	0.10938191413879395	1	
30	73949	69073.81313137923	154	0	0.10938072204589844	1	
30	73949	69073.81313137923	151	0	0.10937905311584473	1	
30	73949	69073.81313137923	148	0	0.10938024520874023	1	
30	73949	69073.81313137923	136	0	0.10026860237121582	1	
30	73949	69073.81313137923	148	0	0.10099387168884277	1	
30	73949	69073.81313137923	154	0	0.11456084251403809	1	
30	73949	69073.81313137923	145	0	0.10938143730163574	1	
30	73949	69073.81313137923	151	0	0.10989856719970703	1	
30	73949	69073.81313137923	145	0	0.10625600814819336	1	
30	73949	69073.81313137923	130	0	0.10009121894836426	1	
30	73949	69073.81313137923	136	0	0.10275959968566895	1	
30	73949	69073.81313137923	148	0	0.10937976837158203	1	
30	73949	69073.81313137923	148	0	0.10938191413879395	1	
30	73949	69073.81313137923	151	0	0.10938072204589844	1	
30	73949	69073.81313137923	148	0	0.1074824333190918	1	
30	73949	69073.81313137923	136	0	0.10304403305053711	1	
30	73949	69073.81313137923	154	0	0.10938000679016113	1	
30	73949	69073.81313137923	151	0	0.10263609886169434	1	
30	70529	69073.81313137923	1882	4	0.37027955055236816	26->2->3->1->15->5->11->28->14->21->16->18->13->30->9->25->22->17->7->12->19->10->20->8->27->23->29->24->6->4
30	70529	69073.81313137923	1882	4	0.3750190734863281	26->2->3->1->15->5->11->28->14->21->16->18->13->30->9->25->22->17->7->12->19->10->20->8->27->23->29->24->6->4
30	70529	69073.81313137923	1882	4	0.3862590789794922	26->2->3->1->15->5->11->28->14->21->16->18->13->30->9->25->22->17->7->12->19->10->20->8->27->23->29->24->6->4
30	19559	19239.85453818827	19998	4	12.82157039642334	1->26->2->3->6->15->10->28->11->5->8->19->16->7->18->13->30->25->20->23->22->27->29->21->12->17->14->4->24->9
