30	95937	92426.51950026702	3526	0	1.000988483428955	1	
30	95937	92426.51950026702	3608	0	1.0070273876190186	1	
30	95937	92426.51950026702	1661	0	0.503190279006958	1	
30	95937	92426.51950026702	1654	0	0.5016896724700928	1	
30	95937	92426.51950026702	1753	0	0.5091464519500732	1	
30	95937	92426.51950026702	328	0	0.1155238151550293	1	
30	95937	92426.51950026702	132	0	0.10301589965820312	1	
30	95937	92426.51950026702	145	0	0.11337637901306152	1	
30	95937	92426.51950026702	277	0	0.10150384902954102	1	
30	95937	92426.51950026702	292	0	0.10412025451660156	1	
30	95937	92426.51950026702	264	0	0.10200929641723633	1	
30	95937	92426.51950026702	343	0	0.1103825569152832	1	
30	95937	92426.51950026702	271	0	0.10286426544189453	1	
30	95937	92426.51950026702	264	0	0.10112237930297852	1	
30	95937	92426.51950026702	307	0	0.10038137435913086	1	
30	95937	92426.51950026702	300	0	0.10938167572021484	1	
30	95937	92426.51950026702	271	0	0.1000826358795166	1	
30	95937	92426.51950026702	271	0	0.10756874084472656	1	
30	95937	92426.51950026702	277	0	0.10937714576721191	1	
30	95937	92426.51950026702	314	0	0.10937976837158203	1	
30	95937	92426.51950026702	300	0	0.10938262939453125	1	
30	95937	92426.51950026702	350	0	0.11159873008728027	1	
30	95937	92426.51950026702	277	0	0.10561442375183105	1	
30	95937	92426.51950026702	271	0	0.10026979446411133	1	
30	95937	92426.51950026702	321	0	0.10937929153442383	1	
30	95937	92426.51950026702	300	0	0.10458683967590332	1	
30	95937	92426.51950026702	292	0	0.10835027694702148	1	
30	95937	92426.51950026702	292	0	0.10938119888305664	1	
30	95937	92426.51950026702	307	0	0.10938262939453125	1	
30	95937	92426.51950026702	314	0	0.10938310623168945	1	
30	95937	92426.51950026702	307	0	0.10938119888305664	1	
30	95937	92426.51950026702	314	0	0.10938048362731934	1	
30	95937	92426.51950026702	292	0	0.11018562316894531	1	
30	95937	92426.51950026702	314	0	0.11102652549743652	1	
30	95937	92426.51950026702	314	0	0.10938119888305664	1	
30	95937	92426.51950026702	271	0	0.10878992080688477	1	
30	95937	92426.51950026702	307	0	0.10937976837158203	1	
30	95937	92426.51950026702	314	0	0.10982012748718262	1	
30	93849	92426.51950026702	35870	2	20.953486919403076	30->1->12->8->14->22->18->17->7->16->29->20->11->19->5->13->25->21->26->24->9->23->15->27->4->3->28->6->2->10
30	95937	92426.51950026702	3601	0	1.000051498413086	1	
30	93849	92426.51950026702	35870	2	21.300240993499756	30->1->12->8->14->22->18->17->7->16->29->20->11->19->5->13->25->21->26->24->9->23->15->27->4->3->28->6->2->10
30	17032	16810.236220697458	116972	2	183.7878770828247	30->1->12->8->14->9->18->2->7->17->16->29->11->10->19->20->4->3->25->21->28->6->24->23->26->15->5->22->13->27
