30	68169	66882.5999405823	5151	4	0.6811904907226562	20->5->16->25->14->11->7->29->12->9->22->24->28->15->26->10->27->3->19->8->30->1->2->17->23->18->4->13->21->6
30	68169	66882.5999405823	5151	4	0.6776790618896484	20->5->16->25->14->11->7->29->12->9->22->24->28->15->26->10->27->3->19->8->30->1->2->17->23->18->4->13->21->6
30	68169	66882.5999405823	5151	4	0.5000274181365967	1	
30	68169	66882.5999405823	5151	4	0.5082864761352539	1	
30	68169	66882.5999405823	5151	4	0.5000259876251221	1	
30	74463	66882.5999405823	1097	0	0.10938143730163574	1	
30	74463	66882.5999405823	334	0	0.10229778289794922	1	
30	74463	66882.5999405823	1044	0	0.1010899543762207	1	
30	74463	66882.5999405823	405	0	0.1027216911315918	1	
30	74463	66882.5999405823	1199	0	0.10359549522399902	1	
30	74463	66882.5999405823	1220	0	0.10956072807312012	1	
30	74463	66882.5999405823	1220	0	0.1155233383178711	1	
30	74463	66882.5999405823	1283	0	0.1102914810180664	1	
30	74463	66882.5999405823	1061	0	0.10165977478027344	1	
30	74463	66882.5999405823	1118	0	0.10988640785217285	1	
30	74463	66882.5999405823	1118	0	0.10938000679016113	1	
30	74463	66882.5999405823	1061	0	0.10184788703918457	1	
30	74463	66882.5999405823	1044	0	0.10139584541320801	1	
30	74463	66882.5999405823	1044	0	0.10936951637268066	1	
30	74463	66882.5999405823	1044	0	0.10937857627868652	1	
30	74463	66882.5999405823	1160	0	0.10937976837158203	1	
30	74463	66882.5999405823	1262	0	0.10938119888305664	1	
30	74463	66882.5999405823	1199	0	0.10937976837158203	1	
30	74463	66882.5999405823	1118	0	0.10938239097595215	1	
30	74463	66882.5999405823	1160	0	0.10056638717651367	1	
30	74463	66882.5999405823	1181	0	0.10937833786010742	1	
30	74463	66882.5999405823	1160	0	0.10790681838989258	1	
30	74463	66882.5999405823	1241	0	0.10938000679016113	1	
30	74463	66882.5999405823	1160	0	0.10057711601257324	1	
30	74463	66882.5999405823	1139	0	0.10938167572021484	1	
30	74463	66882.5999405823	1118	0	0.10938215255737305	1	
30	74463	66882.5999405823	1160	0	0.10937952995300293	1	
30	74463	66882.5999405823	1097	0	0.10938286781311035	1	
30	74463	66882.5999405823	1301	0	0.10938382148742676	1	
30	74463	66882.5999405823	1241	0	0.10938024520874023	1	
30	74463	66882.5999405823	1118	0	0.10132908821105957	1	
30	74463	66882.5999405823	1262	0	0.11191153526306152	1	
30	74463	66882.5999405823	1160	0	0.10938048362731934	1	
30	74463	66882.5999405823	1262	0	0.10938096046447754	1	
30	68169	66882.5999405823	5151	4	0.7064728736877441	20->5->16->25->14->11->7->29->12->9->22->24->28->15->26->10->27->3->19->8->30->1->2->17->23->18->4->13->21->6
30	68169	66882.5999405823	5151	4	0.671910285949707	20->5->16->25->14->11->7->29->12->9->22->24->28->15->26->10->27->3->19->8->30->1->2->17->23->18->4->13->21->6
30	68169	66882.5999405823	5151	4	0.6562845706939697	20->5->16->25->14->11->7->29->12->9->22->24->28->15->26->10->27->3->19->8->30->1->2->17->23->18->4->13->21->6
30	68169	66882.5999405823	5151	4	0.674450159072876	20->5->16->25->14->11->7->29->12->9->22->24->28->15->26->10->27->3->19->8->30->1->2->17->23->18->4->13->21->6
30	68169	66882.5999405823	5151	4	0.7144775390625	20->5->16->25->14->11->7->29->12->9->22->24->28->15->26->10->27->3->19->8->30->1->2->17->23->18->4->13->21->6
30	13352	13040.85332314744	9325	32	1.599069595336914	20->23->16->5->11->14->4->9->25->29->7->22->24->12->30->28->10->26->27->15->3->17->13->2->18->21->6->19->8->1
