30	96597	83341.79602907768	8243	0	1.0130760669708252	1	
30	96597	83341.79602907768	8229	0	1.0071897506713867	1	
30	96597	83341.79602907768	3441	0	0.5060915946960449	1	
30	96597	83341.79602907768	3351	0	0.5000259876251221	1	
30	96597	83341.79602907768	3363	0	0.5000250339508057	1	
30	96597	83341.79602907768	441	0	0.10770440101623535	1	
30	96597	83341.79602907768	170	0	0.10992217063903809	1	
30	96597	83341.79602907768	430	0	0.10752367973327637	1	
30	96597	83341.79602907768	181	0	0.10373330116271973	1	
30	96597	83341.79602907768	408	0	0.10500812530517578	1	
30	96597	83341.79602907768	418	0	0.10938143730163574	1	
30	96597	83341.79602907768	376	0	0.10163426399230957	1	
30	96597	83341.79602907768	397	0	0.10016202926635742	1	
30	96597	83341.79602907768	418	0	0.10681891441345215	1	
30	96597	83341.79602907768	453	0	0.1057744026184082	1	
30	96597	83341.79602907768	453	0	0.11025047302246094	1	
30	96597	83341.79602907768	397	0	0.10113954544067383	1	
30	96597	83341.79602907768	497	0	0.11236810684204102	1	
30	96597	83341.79602907768	418	0	0.10938143730163574	1	
30	96597	83341.79602907768	397	0	0.10439682006835938	1	
30	96597	83341.79602907768	397	0	0.1000516414642334	1	
30	96597	83341.79602907768	430	0	0.10617542266845703	1	
30	96597	83341.79602907768	441	0	0.10938191413879395	1	
30	96597	83341.79602907768	441	0	0.10938024520874023	1	
30	96597	83341.79602907768	441	0	0.10206913948059082	1	
30	96597	83341.79602907768	418	0	0.10381150245666504	1	
30	96597	83341.79602907768	418	0	0.10938072204589844	1	
30	96597	83341.79602907768	441	0	0.10938096046447754	1	
30	96597	83341.79602907768	476	0	0.10427355766296387	1	
30	96597	83341.79602907768	397	0	0.1010737419128418	1	
30	96597	83341.79602907768	441	0	0.11065268516540527	1	
30	96597	83341.79602907768	508	0	0.11215519905090332	1	
30	96597	83341.79602907768	441	0	0.10938239097595215	1	
30	96597	83341.79602907768	441	0	0.10059666633605957	1	
30	96597	83341.79602907768	397	0	0.10029816627502441	1	
30	96597	83341.79602907768	464	0	0.10938000679016113	1	
30	96597	83341.79602907768	441	0	0.10511565208435059	1	
30	96597	83341.79602907768	441	0	0.10938119888305664	1	
30	96597	83341.79602907768	397	0	0.10195565223693848	1	
30	87197	83341.79602907768	68435	1	61.03448510169983	2->5->1->9->4->17->10->16->13->7->27->28->21->20->14->19->22->25->26->24->18->23->3->11->30->6->12->29->15->8
30	96597	83341.79602907768	8073	0	1.0000526905059814	1	
30	87197	83341.79602907768	68435	1	60.22134876251221	2->5->1->9->4->17->10->16->13->7->27->28->21->20->14->19->22->25->26->24->18->23->3->11->30->6->12->29->15->8
30	87197	83341.79602907768	68435	1	61.04181218147278	2->5->1->9->4->17->10->16->13->7->27->28->21->20->14->19->22->25->26->24->18->23->3->11->30->6->12->29->15->8
30	22829	22455.487525504934	50641	8	32.41367268562317	1->5->2->11->4->18->10->16->13->7->21->27->28->12->17->19->22->9->14->3->24->29->15->30->20->6->26->8->25->23
