30	60032	59500.79307257863	669	2	0.1785142421722412	1->2->14->24->18->16->20->21->28->12->10->8->26->17->9->25->7->19->22->3->29->15->6->11->5->30->4->13->27->23
30	60032	59500.79307257863	669	2	0.17188501358032227	1->2->14->24->18->16->20->21->28->12->10->8->26->17->9->25->7->19->22->3->29->15->6->11->5->30->4->13->27->23
30	60032	59500.79307257863	669	2	0.17352533340454102	1->2->14->24->18->16->20->21->28->12->10->8->26->17->9->25->7->19->22->3->29->15->6->11->5->30->4->13->27->23
30	60032	59500.79307257863	669	2	0.18751120567321777	1->2->14->24->18->16->20->21->28->12->10->8->26->17->9->25->7->19->22->3->29->15->6->11->5->30->4->13->27->23
30	60032	59500.79307257863	669	2	0.19574761390686035	1->2->14->24->18->16->20->21->28->12->10->8->26->17->9->25->7->19->22->3->29->15->6->11->5->30->4->13->27->23
30	60551	59500.79307257863	327	0	0.10938191413879395	1	
30	60551	59500.79307257863	127	0	0.11017203330993652	1	
30	60551	59500.79307257863	307	0	0.10615730285644531	1	
30	60551	59500.79307257863	127	0	0.11095261573791504	1	
30	60551	59500.79307257863	318	0	0.10938334465026855	1	
30	60551	59500.79307257863	260	0	0.10164451599121094	1	
30	60551	59500.79307257863	298	0	0.10938191413879395	1	
30	60551	59500.79307257863	298	0	0.10066986083984375	1	
30	60551	59500.79307257863	337	0	0.10984587669372559	1	
30	60551	59500.79307257863	327	0	0.10657954216003418	1	
30	60551	59500.79307257863	330	0	0.10937952995300293	1	
30	60551	59500.79307257863	341	0	0.1040194034576416	1	
30	60551	59500.79307257863	302	0	0.10013508796691895	1	
30	60551	59500.79307257863	302	0	0.10938119888305664	1	
30	60551	59500.79307257863	307	0	0.10395693778991699	1	
30	60551	59500.79307257863	302	0	0.10092878341674805	1	
30	60551	59500.79307257863	341	0	0.10294747352600098	1	
30	60551	59500.79307257863	283	0	0.10439634323120117	1	
30	60551	59500.79307257863	318	0	0.10937905311584473	1	
30	60551	59500.79307257863	327	0	0.10056710243225098	1	
30	60551	59500.79307257863	334	0	0.10938096046447754	1	
30	60551	59500.79307257863	337	0	0.10937929153442383	1	
30	60551	59500.79307257863	327	0	0.10938000679016113	1	
30	60551	59500.79307257863	334	0	0.10953569412231445	1	
30	60551	59500.79307257863	318	0	0.10938167572021484	1	
30	60551	59500.79307257863	312	0	0.10938119888305664	1	
30	60551	59500.79307257863	334	0	0.10938096046447754	1	
30	60551	59500.79307257863	344	0	0.10938096046447754	1	
30	60551	59500.79307257863	318	0	0.10914850234985352	1	
30	60551	59500.79307257863	327	0	0.10938167572021484	1	
30	60551	59500.79307257863	327	0	0.10938262939453125	1	
30	60551	59500.79307257863	302	0	0.10846185684204102	1	
30	60551	59500.79307257863	330	0	0.10938024520874023	1	
30	60551	59500.79307257863	327	0	0.10938358306884766	1	
30	60032	59500.79307257863	669	2	0.1881275177001953	1->2->14->24->18->16->20->21->28->12->10->8->26->17->9->25->7->19->22->3->29->15->6->11->5->30->4->13->27->23
30	60032	59500.79307257863	669	2	0.18750786781311035	1->2->14->24->18->16->20->21->28->12->10->8->26->17->9->25->7->19->22->3->29->15->6->11->5->30->4->13->27->23
30	60032	59500.79307257863	669	2	0.17188334465026855	1->2->14->24->18->16->20->21->28->12->10->8->26->17->9->25->7->19->22->3->29->15->6->11->5->30->4->13->27->23
30	60032	59500.79307257863	669	2	0.1831221580505371	1->2->14->24->18->16->20->21->28->12->10->8->26->17->9->25->7->19->22->3->29->15->6->11->5->30->4->13->27->23
30	60032	59500.79307257863	669	2	0.1931300163269043	1->2->14->24->18->16->20->21->28->12->10->8->26->17->9->25->7->19->22->3->29->15->6->11->5->30->4->13->27->23
30	14273	14214.39666327137	361	4	0.13409113883972168	1->2->14->8->24->12->16->20->21->28->10->18->26->3->5->17->9->22->27->29->4->25->30->7->15->6->11->13->23->19
