30	68169	67048.50351935645	2961	4	0.33354902267456055	20->5->16->25->14->11->7->29->12->9->22->24->28->15->26->10->27->3->19->8->30->1->2->17->23->18->4->13->21->6
30	68169	67048.50351935645	2961	4	0.309802770614624	20->5->16->25->14->11->7->29->12->9->22->24->28->15->26->10->27->3->19->8->30->1->2->17->23->18->4->13->21->6
30	68169	67048.50351935645	2961	4	0.3287222385406494	20->5->16->25->14->11->7->29->12->9->22->24->28->15->26->10->27->3->19->8->30->1->2->17->23->18->4->13->21->6
30	68169	67048.50351935645	2961	4	0.311140775680542	20->5->16->25->14->11->7->29->12->9->22->24->28->15->26->10->27->3->19->8->30->1->2->17->23->18->4->13->21->6
30	68169	67048.50351935645	2961	4	0.321016788482666	20->5->16->25->14->11->7->29->12->9->22->24->28->15->26->10->27->3->19->8->30->1->2->17->23->18->4->13->21->6
30	74463	67048.50351935645	1177	0	0.10245180130004883	1	
30	74463	67048.50351935645	416	0	0.1081087589263916	1	
30	74463	67048.50351935645	471	0	0.11259746551513672	1	
30	74463	67048.50351935645	1342	0	0.10938048362731934	1	
30	74463	67048.50351935645	1177	0	0.10273075103759766	1	
30	74463	67048.50351935645	1036	0	0.1008143424987793	1	
30	74463	67048.50351935645	1377	0	0.10957860946655273	1	
30	74463	67048.50351935645	1359	0	0.11323213577270508	1	
30	74463	67048.50351935645	1159	0	0.10093283653259277	1	
30	74463	67048.50351935645	1240	0	0.10938262939453125	1	
30	74463	67048.50351935645	1096	0	0.10937952995300293	1	
30	74463	67048.50351935645	1177	0	0.10162663459777832	1	
30	74463	67048.50351935645	1177	0	0.10896778106689453	1	
30	74463	67048.50351935645	1377	0	0.1149444580078125	1	
30	74463	67048.50351935645	1377	0	0.10938048362731934	1	
30	74463	67048.50351935645	1279	0	0.10937905311584473	1	
30	74463	67048.50351935645	1419	0	0.11256718635559082	1	
30	74463	67048.50351935645	1036	0	0.1002950668334961	1	
30	74463	67048.50351935645	1377	0	0.11161160469055176	1	
30	74463	67048.50351935645	1342	0	0.10938239097595215	1	
30	74463	67048.50351935645	1075	0	0.10637187957763672	1	
30	74463	67048.50351935645	1261	0	0.10938048362731934	1	
30	74463	67048.50351935645	1159	0	0.10554981231689453	1	
30	74463	67048.50351935645	1219	0	0.10938239097595215	1	
30	74463	67048.50351935645	1240	0	0.10990262031555176	1	
30	74463	67048.50351935645	1198	0	0.10938191413879395	1	
30	74463	67048.50351935645	1300	0	0.10938119888305664	1	
30	74463	67048.50351935645	1240	0	0.10937929153442383	1	
30	74463	67048.50351935645	1198	0	0.10938096046447754	1	
30	74463	67048.50351935645	1159	0	0.10804176330566406	1	
30	74463	67048.50351935645	1279	0	0.10938167572021484	1	
30	74463	67048.50351935645	1377	0	0.10937952995300293	1	
30	74463	67048.50351935645	1219	0	0.10938096046447754	1	
30	68169	67048.50351935645	2961	4	0.3125138282775879	20->5->16->25->14->11->7->29->12->9->22->24->28->15->26->10->27->3->19->8->30->1->2->17->23->18->4->13->21->6
30	68169	67048.50351935645	2961	4	0.3281416893005371	20->5->16->25->14->11->7->29->12->9->22->24->28->15->26->10->27->3->19->8->30->1->2->17->23->18->4->13->21->6
30	68169	67048.50351935645	2961	4	0.3152124881744385	20->5->16->25->14->11->7->29->12->9->22->24->28->15->26->10->27->3->19->8->30->1->2->17->23->18->4->13->21->6
30	13352	13083.614081996435	4627	32	0.556372880935669	20->23->16->5->11->14->4->9->29->25->7->22->24->12->30->28->10->26->27->15->3->17->13->2->18->21->6->19->8->1
