30	76436	75203.27049180328	825	8	0.0692896842956543	29->12->7->27->21->17->24->26->13->28->20->8->19->4->18->16->2->11->23->3->22->25->5->14->30->6->15->9->10->1
30	76436	75203.27049180328	825	8	0.07812690734863281	29->12->7->27->21->17->24->26->13->28->20->8->19->4->18->16->2->11->23->3->22->25->5->14->30->6->15->9->10->1
30	76436	75203.27049180328	825	8	0.07813072204589844	29->12->7->27->21->17->24->26->13->28->20->8->19->4->18->16->2->11->23->3->22->25->5->14->30->6->15->9->10->1
30	76436	75203.27049180328	825	8	0.07812833786010742	29->12->7->27->21->17->24->26->13->28->20->8->19->4->18->16->2->11->23->3->22->25->5->14->30->6->15->9->10->1
30	76436	75203.27049180328	825	8	0.07812881469726562	29->12->7->27->21->17->24->26->13->28->20->8->19->4->18->16->2->11->23->3->22->25->5->14->30->6->15->9->10->1
30	76436	75203.27049180328	825	8	0.07812929153442383	29->12->7->27->21->17->24->26->13->28->20->8->19->4->18->16->2->11->23->3->22->25->5->14->30->6->15->9->10->1
30	82804	75203.27049180328	601	0	0.11548995971679688	1	
30	76436	75203.27049180328	825	8	0.07812952995300293	29->12->7->27->21->17->24->26->13->28->20->8->19->4->18->16->2->11->23->3->22->25->5->14->30->6->15->9->10->1
30	82804	75203.27049180328	371	0	0.10135912895202637	1	
30	76436	75203.27049180328	825	8	0.07812809944152832	29->12->7->27->21->17->24->26->13->28->20->8->19->4->18->16->2->11->23->3->22->25->5->14->30->6->15->9->10->1
30	76436	75203.27049180328	825	8	0.08137035369873047	29->12->7->27->21->17->24->26->13->28->20->8->19->4->18->16->2->11->23->3->22->25->5->14->30->6->15->9->10->1
30	76436	75203.27049180328	825	8	0.09096622467041016	29->12->7->27->21->17->24->26->13->28->20->8->19->4->18->16->2->11->23->3->22->25->5->14->30->6->15->9->10->1
30	76436	75203.27049180328	825	8	0.08260941505432129	29->12->7->27->21->17->24->26->13->28->20->8->19->4->18->16->2->11->23->3->22->25->5->14->30->6->15->9->10->1
30	76436	75203.27049180328	825	8	0.07995462417602539	29->12->7->27->21->17->24->26->13->28->20->8->19->4->18->16->2->11->23->3->22->25->5->14->30->6->15->9->10->1
30	76436	75203.27049180328	825	8	0.07648181915283203	29->12->7->27->21->17->24->26->13->28->20->8->19->4->18->16->2->11->23->3->22->25->5->14->30->6->15->9->10->1
30	76436	75203.27049180328	825	8	0.0775613784790039	29->12->7->27->21->17->24->26->13->28->20->8->19->4->18->16->2->11->23->3->22->25->5->14->30->6->15->9->10->1
30	76436	75203.27049180328	825	8	0.08602142333984375	29->12->7->27->21->17->24->26->13->28->20->8->19->4->18->16->2->11->23->3->22->25->5->14->30->6->15->9->10->1
30	76436	75203.27049180328	825	8	0.06536030769348145	29->12->7->27->21->17->24->26->13->28->20->8->19->4->18->16->2->11->23->3->22->25->5->14->30->6->15->9->10->1
30	76436	75203.27049180328	825	8	0.10045576095581055	1	
30	76436	75203.27049180328	825	8	0.07813382148742676	29->12->7->27->21->17->24->26->13->28->20->8->19->4->18->16->2->11->23->3->22->25->5->14->30->6->15->9->10->1
30	76436	75203.27049180328	825	8	0.07382774353027344	29->12->7->27->21->17->24->26->13->28->20->8->19->4->18->16->2->11->23->3->22->25->5->14->30->6->15->9->10->1
30	76436	75203.27049180328	825	8	0.07813096046447754	29->12->7->27->21->17->24->26->13->28->20->8->19->4->18->16->2->11->23->3->22->25->5->14->30->6->15->9->10->1
30	76436	75203.27049180328	825	8	0.07812356948852539	29->12->7->27->21->17->24->26->13->28->20->8->19->4->18->16->2->11->23->3->22->25->5->14->30->6->15->9->10->1
30	76436	75203.27049180328	825	8	0.07812857627868652	29->12->7->27->21->17->24->26->13->28->20->8->19->4->18->16->2->11->23->3->22->25->5->14->30->6->15->9->10->1
30	76436	75203.27049180328	825	8	0.07554817199707031	29->12->7->27->21->17->24->26->13->28->20->8->19->4->18->16->2->11->23->3->22->25->5->14->30->6->15->9->10->1
30	76436	75203.27049180328	825	8	0.07812809944152832	29->12->7->27->21->17->24->26->13->28->20->8->19->4->18->16->2->11->23->3->22->25->5->14->30->6->15->9->10->1
30	76436	75203.27049180328	825	8	0.07813024520874023	29->12->7->27->21->17->24->26->13->28->20->8->19->4->18->16->2->11->23->3->22->25->5->14->30->6->15->9->10->1
30	76436	75203.27049180328	825	8	0.07812881469726562	29->12->7->27->21->17->24->26->13->28->20->8->19->4->18->16->2->11->23->3->22->25->5->14->30->6->15->9->10->1
30	76436	75203.27049180328	825	8	0.07565546035766602	29->12->7->27->21->17->24->26->13->28->20->8->19->4->18->16->2->11->23->3->22->25->5->14->30->6->15->9->10->1
30	76436	75203.27049180328	825	8	0.07812833786010742	29->12->7->27->21->17->24->26->13->28->20->8->19->4->18->16->2->11->23->3->22->25->5->14->30->6->15->9->10->1
30	76436	75203.27049180328	825	8	0.07812881469726562	29->12->7->27->21->17->24->26->13->28->20->8->19->4->18->16->2->11->23->3->22->25->5->14->30->6->15->9->10->1
30	76436	75203.27049180328	825	8	0.07524275779724121	29->12->7->27->21->17->24->26->13->28->20->8->19->4->18->16->2->11->23->3->22->25->5->14->30->6->15->9->10->1
30	76436	75203.27049180328	825	8	0.07770133018493652	29->12->7->27->21->17->24->26->13->28->20->8->19->4->18->16->2->11->23->3->22->25->5->14->30->6->15->9->10->1
30	76436	75203.27049180328	825	8	0.07813096046447754	29->12->7->27->21->17->24->26->13->28->20->8->19->4->18->16->2->11->23->3->22->25->5->14->30->6->15->9->10->1
30	76436	75203.27049180328	825	8	0.07812809944152832	29->12->7->27->21->17->24->26->13->28->20->8->19->4->18->16->2->11->23->3->22->25->5->14->30->6->15->9->10->1
30	76436	75203.27049180328	825	8	0.07812905311584473	29->12->7->27->21->17->24->26->13->28->20->8->19->4->18->16->2->11->23->3->22->25->5->14->30->6->15->9->10->1
30	76436	75203.27049180328	825	8	0.07812881469726562	29->12->7->27->21->17->24->26->13->28->20->8->19->4->18->16->2->11->23->3->22->25->5->14->30->6->15->9->10->1
30	76436	75203.27049180328	825	8	0.08155965805053711	29->12->7->27->21->17->24->26->13->28->20->8->19->4->18->16->2->11->23->3->22->25->5->14->30->6->15->9->10->1
30	76436	75203.27049180328	825	8	0.09375238418579102	29->12->7->27->21->17->24->26->13->28->20->8->19->4->18->16->2->11->23->3->22->25->5->14->30->6->15->9->10->1
30	76436	75203.27049180328	825	8	0.08205342292785645	29->12->7->27->21->17->24->26->13->28->20->8->19->4->18->16->2->11->23->3->22->25->5->14->30->6->15->9->10->1
30	76436	75203.27049180328	825	8	0.07812738418579102	29->12->7->27->21->17->24->26->13->28->20->8->19->4->18->16->2->11->23->3->22->25->5->14->30->6->15->9->10->1
30	76436	75203.27049180328	825	8	0.07812643051147461	29->12->7->27->21->17->24->26->13->28->20->8->19->4->18->16->2->11->23->3->22->25->5->14->30->6->15->9->10->1
30	76436	75203.27049180328	825	8	0.07605266571044922	29->12->7->27->21->17->24->26->13->28->20->8->19->4->18->16->2->11->23->3->22->25->5->14->30->6->15->9->10->1
30	76436	75203.27049180328	825	8	0.08005213737487793	29->12->7->27->21->17->24->26->13->28->20->8->19->4->18->16->2->11->23->3->22->25->5->14->30->6->15->9->10->1
30	18770	18591.568181818184	2040	48	0.17511582374572754	14->12->4->6->27->16->17->21->22->26->24->7->13->28->23->20->3->29->15->5->2->18->8->19->25->9->10->30->11->1
