30	104703	101408.52784817223	3241	0	1.0088534355163574	1	
30	104703	101408.52784817223	3235	0	1.0013096332550049	1	
30	104703	101408.52784817223	1546	0	0.5061979293823242	1	
30	104703	101408.52784817223	1536	0	0.5000267028808594	1	
30	104703	101408.52784817223	1605	0	0.5122518539428711	1	
30	104703	101408.52784817223	242	0	0.10085153579711914	1	
30	104703	101408.52784817223	110	0	0.10143136978149414	1	
30	104703	101408.52784817223	242	0	0.10938143730163574	1	
30	104703	101408.52784817223	120	0	0.11101484298706055	1	
30	104703	101408.52784817223	242	0	0.10296010971069336	1	
30	104703	101408.52784817223	242	0	0.1028597354888916	1	
30	104703	101408.52784817223	248	0	0.10938286781311035	1	
30	104703	101408.52784817223	225	0	0.10090374946594238	1	
30	104703	101408.52784817223	242	0	0.10767221450805664	1	
30	104703	101408.52784817223	237	0	0.10938167572021484	1	
30	104703	101408.52784817223	270	0	0.1141657829284668	1	
30	104703	101408.52784817223	225	0	0.10001683235168457	1	
30	104703	101408.52784817223	254	0	0.10743355751037598	1	
30	104703	101408.52784817223	242	0	0.10938167572021484	1	
30	104703	101408.52784817223	254	0	0.1136164665222168	1	
30	104703	101408.52784817223	276	0	0.11026358604431152	1	
30	104703	101408.52784817223	282	0	0.11051392555236816	1	
30	104703	101408.52784817223	254	0	0.11207175254821777	1	
30	104703	101408.52784817223	248	0	0.10938167572021484	1	
30	104703	101408.52784817223	254	0	0.1000666618347168	1	
30	104703	101408.52784817223	225	0	0.1013040542602539	1	
30	104703	101408.52784817223	254	0	0.10938143730163574	1	
30	104703	101408.52784817223	254	0	0.10938239097595215	1	
30	104703	101408.52784817223	259	0	0.10028386116027832	1	
30	104703	101408.52784817223	248	0	0.10938167572021484	1	
30	104703	101408.52784817223	225	0	0.10099983215332031	1	
30	104703	101408.52784817223	265	0	0.10937929153442383	1	
30	104703	101408.52784817223	231	0	0.10147833824157715	1	
30	104703	101408.52784817223	293	0	0.11338567733764648	1	
30	104703	101408.52784817223	265	0	0.10937976837158203	1	
30	104703	101408.52784817223	265	0	0.10937952995300293	1	
30	104703	101408.52784817223	259	0	0.1124420166015625	1	
30	104703	101408.52784817223	259	0	0.11081910133361816	1	
30	104703	101408.52784817223	231	0	0.10184097290039062	1	
30	103232	101408.52784817223	77078	2	83.35620450973511	1->3->4->6->16->14->11->19->7->18->25->10->29->27->28->12->22->13->21->23->2->20->15->9->30->24->26->5->8->17
30	104703	101408.52784817223	3289	0	1.000053882598877	1	
30	103232	101408.52784817223	77078	2	82.82569408416748	1->3->4->6->16->14->11->19->7->18->25->10->29->27->28->12->22->13->21->23->2->20->15->9->30->24->26->5->8->17
30	103232	101408.52784817223	77078	2	83.98615050315857	1->3->4->6->16->14->11->19->7->18->25->10->29->27->28->12->22->13->21->23->2->20->15->9->30->24->26->5->8->17
30	20413	19885.741763294925	664580	0	1800.0134890079498	1	
