30	75520	73405.54827170758	3286	4	0.6678030490875244	13->2->8->3->4->7->26->11->15->17->16->22->19->25->20->21->23->24->14->30->27->1->28->10->9->12->5->6->18->29
30	75520	73405.54827170758	3286	4	0.6562850475311279	13->2->8->3->4->7->26->11->15->17->16->22->19->25->20->21->23->24->14->30->27->1->28->10->9->12->5->6->18->29
30	78534	73405.54827170758	2401	0	0.5000262260437012	1	
30	78534	73405.54827170758	2373	0	0.5000250339508057	1	
30	78534	73405.54827170758	2442	0	0.5000274181365967	1	
30	78534	73405.54827170758	248	0	0.1074514389038086	1	
30	78534	73405.54827170758	114	0	0.1148993968963623	1	
30	78534	73405.54827170758	211	0	0.10028266906738281	1	
30	78534	73405.54827170758	109	0	0.10806608200073242	1	
30	78534	73405.54827170758	229	0	0.10256385803222656	1	
30	78534	73405.54827170758	229	0	0.10557031631469727	1	
30	78534	73405.54827170758	244	0	0.11433911323547363	1	
30	78534	73405.54827170758	270	0	0.11256647109985352	1	
30	78534	73405.54827170758	234	0	0.10138845443725586	1	
30	78534	73405.54827170758	207	0	0.1019124984741211	1	
30	78534	73405.54827170758	255	0	0.11474943161010742	1	
30	78534	73405.54827170758	244	0	0.11423635482788086	1	
30	78534	73405.54827170758	217	0	0.10065984725952148	1	
30	78534	73405.54827170758	229	0	0.10362529754638672	1	
30	78534	73405.54827170758	224	0	0.11109423637390137	1	
30	78534	73405.54827170758	238	0	0.10937833786010742	1	
30	78534	73405.54827170758	244	0	0.10938000679016113	1	
30	78534	73405.54827170758	234	0	0.10938239097595215	1	
30	78534	73405.54827170758	224	0	0.1024329662322998	1	
30	78534	73405.54827170758	229	0	0.10056805610656738	1	
30	78534	73405.54827170758	238	0	0.10938239097595215	1	
30	78534	73405.54827170758	229	0	0.10693216323852539	1	
30	78534	73405.54827170758	238	0	0.11107349395751953	1	
30	78534	73405.54827170758	224	0	0.10046005249023438	1	
30	78534	73405.54827170758	224	0	0.11071944236755371	1	
30	78534	73405.54827170758	238	0	0.11317992210388184	1	
30	78534	73405.54827170758	207	0	0.10010695457458496	1	
30	78534	73405.54827170758	229	0	0.10979914665222168	1	
30	78534	73405.54827170758	234	0	0.10938215255737305	1	
30	78534	73405.54827170758	244	0	0.10938215255737305	1	
30	78534	73405.54827170758	279	0	0.11533951759338379	1	
30	78534	73405.54827170758	234	0	0.10938167572021484	1	
30	78534	73405.54827170758	248	0	0.10938024520874023	1	
30	78534	73405.54827170758	238	0	0.10938119888305664	1	
30	75520	73405.54827170758	3286	4	0.6562857627868652	13->2->8->3->4->7->26->11->15->17->16->22->19->25->20->21->23->24->14->30->27->1->28->10->9->12->5->6->18->29
30	75520	73405.54827170758	3286	4	0.6568899154663086	13->2->8->3->4->7->26->11->15->17->16->22->19->25->20->21->23->24->14->30->27->1->28->10->9->12->5->6->18->29
30	75520	73405.54827170758	3286	4	0.6487951278686523	13->2->8->3->4->7->26->11->15->17->16->22->19->25->20->21->23->24->14->30->27->1->28->10->9->12->5->6->18->29
30	75520	73405.54827170758	3286	4	0.6534388065338135	13->2->8->3->4->7->26->11->15->17->16->22->19->25->20->21->23->24->14->30->27->1->28->10->9->12->5->6->18->29
30	16424	16080.242437080205	216867	8	650.2737667560577	1->2->8->13->6->3->12->26->11->9->15->18->30->16->25->4->27->20->19->17->23->24->29->28->10->21->5->7->22->14
