30	79937	73867.69117445308	7434	0	1.0007362365722656	1	
30	79937	73867.69117445308	7540	0	1.008626937866211	1	
30	79937	73867.69117445308	3325	0	0.5000267028808594	1	
30	79937	73867.69117445308	3356	0	0.5093255043029785	1	
30	79937	73867.69117445308	3420	0	0.5037150382995605	1	
30	79937	73867.69117445308	517	0	0.10938215255737305	1	
30	79937	73867.69117445308	178	0	0.10418844223022461	1	
30	79937	73867.69117445308	178	0	0.11176490783691406	1	
30	79937	73867.69117445308	488	0	0.10037016868591309	1	
30	79937	73867.69117445308	458	0	0.10149836540222168	1	
30	79937	73867.69117445308	537	0	0.1128685474395752	1	
30	79937	73867.69117445308	458	0	0.10071277618408203	1	
30	79937	73867.69117445308	517	0	0.10693216323852539	1	
30	79937	73867.69117445308	458	0	0.10038971900939941	1	
30	79937	73867.69117445308	543	0	0.11051726341247559	1	
30	79937	73867.69117445308	469	0	0.10115385055541992	1	
30	79937	73867.69117445308	507	0	0.10084199905395508	1	
30	79937	73867.69117445308	426	0	0.10133957862854004	1	
30	79937	73867.69117445308	478	0	0.10938358306884766	1	
30	79937	73867.69117445308	497	0	0.10938191413879395	1	
30	79937	73867.69117445308	507	0	0.10938000679016113	1	
30	79937	73867.69117445308	517	0	0.10938096046447754	1	
30	79937	73867.69117445308	507	0	0.10937976837158203	1	
30	79937	73867.69117445308	469	0	0.10026788711547852	1	
30	79937	73867.69117445308	469	0	0.10278010368347168	1	
30	79937	73867.69117445308	488	0	0.10937237739562988	1	
30	79937	73867.69117445308	497	0	0.10937166213989258	1	
30	79937	73867.69117445308	507	0	0.10938048362731934	1	
30	79937	73867.69117445308	478	0	0.10938096046447754	1	
30	79937	73867.69117445308	507	0	0.10937976837158203	1	
30	79937	73867.69117445308	537	0	0.11490964889526367	1	
30	79937	73867.69117445308	497	0	0.10938191413879395	1	
30	79937	73867.69117445308	507	0	0.10135364532470703	1	
30	79937	73867.69117445308	497	0	0.10000324249267578	1	
30	79937	73867.69117445308	537	0	0.11559748649597168	1	
30	79937	73867.69117445308	497	0	0.10206985473632812	1	
30	79937	73867.69117445308	458	0	0.10033416748046875	1	
30	79937	73867.69117445308	458	0	0.1004338264465332	1	
30	75229	73867.69117445308	20978	1	6.782983064651489	21->4->3->6->11->8->13->20->9->10->12->7->18->22->15->28->27->25->30->17->29->23->2->5->1->14->19->16->26->24
30	79937	73867.69117445308	7584	0	1.0017967224121094	1	
30	75229	73867.69117445308	20978	1	6.898612022399902	21->4->3->6->11->8->13->20->9->10->12->7->18->22->15->28->27->25->30->17->29->23->2->5->1->14->19->16->26->24
30	19424	19186.796957611652	20662	4	7.612090349197388	21->4->3->1->6->11->8->13->9->17->10->12->7->18->28->15->20->27->16->30->14->29->26->23->2->24->22->5->19->25
