30	75520	74233.77312399722	1892	4	0.32102036476135254	13->2->8->3->4->7->26->11->15->17->16->22->19->25->20->21->23->24->14->30->27->1->28->10->9->12->5->6->18->29
30	75520	74233.77312399722	1892	4	0.3079695701599121	13->2->8->3->4->7->26->11->15->17->16->22->19->25->20->21->23->24->14->30->27->1->28->10->9->12->5->6->18->29
30	75520	74233.77312399722	1892	4	0.3281431198120117	13->2->8->3->4->7->26->11->15->17->16->22->19->25->20->21->23->24->14->30->27->1->28->10->9->12->5->6->18->29
30	75520	74233.77312399722	1892	4	0.33504796028137207	13->2->8->3->4->7->26->11->15->17->16->22->19->25->20->21->23->24->14->30->27->1->28->10->9->12->5->6->18->29
30	75520	74233.77312399722	1892	4	0.32766175270080566	13->2->8->3->4->7->26->11->15->17->16->22->19->25->20->21->23->24->14->30->27->1->28->10->9->12->5->6->18->29
30	78534	74233.77312399722	233	0	0.11080408096313477	1	
30	78534	74233.77312399722	96	0	0.10020303726196289	1	
30	78534	74233.77312399722	92	0	0.10090947151184082	1	
30	78534	74233.77312399722	233	0	0.10938239097595215	1	
30	78534	74233.77312399722	210	0	0.10268831253051758	1	
30	78534	74233.77312399722	200	0	0.10102605819702148	1	
30	78534	74233.77312399722	195	0	0.10060405731201172	1	
30	78534	74233.77312399722	218	0	0.10937976837158203	1	
30	78534	74233.77312399722	180	0	0.10162615776062012	1	
30	78534	74233.77312399722	247	0	0.10926675796508789	1	
30	78534	74233.77312399722	233	0	0.10938119888305664	1	
30	78534	74233.77312399722	247	0	0.10629487037658691	1	
30	78534	74233.77312399722	164	0	0.10027122497558594	1	
30	78534	74233.77312399722	200	0	0.10938453674316406	1	
30	78534	74233.77312399722	218	0	0.10938072204589844	1	
30	78534	74233.77312399722	228	0	0.10937881469726562	1	
30	78534	74233.77312399722	233	0	0.10035276412963867	1	
30	78534	74233.77312399722	228	0	0.1080775260925293	1	
30	78534	74233.77312399722	204	0	0.10026669502258301	1	
30	78534	74233.77312399722	233	0	0.11553788185119629	1	
30	78534	74233.77312399722	200	0	0.10216212272644043	1	
30	78534	74233.77312399722	204	0	0.10563945770263672	1	
30	78534	74233.77312399722	218	0	0.10938024520874023	1	
30	78534	74233.77312399722	195	0	0.10150289535522461	1	
30	78534	74233.77312399722	200	0	0.10005784034729004	1	
30	78534	74233.77312399722	233	0	0.10938119888305664	1	
30	78534	74233.77312399722	218	0	0.10938000679016113	1	
30	78534	74233.77312399722	237	0	0.10938000679016113	1	
30	78534	74233.77312399722	233	0	0.11484313011169434	1	
30	78534	74233.77312399722	210	0	0.10628986358642578	1	
30	78534	74233.77312399722	228	0	0.10938000679016113	1	
30	78534	74233.77312399722	228	0	0.11276674270629883	1	
30	78534	74233.77312399722	233	0	0.10938191413879395	1	
30	75520	74233.77312399722	1892	4	0.3125150203704834	13->2->8->3->4->7->26->11->15->17->16->22->19->25->20->21->23->24->14->30->27->1->28->10->9->12->5->6->18->29
30	75520	74233.77312399722	1892	4	0.3281421661376953	13->2->8->3->4->7->26->11->15->17->16->22->19->25->20->21->23->24->14->30->27->1->28->10->9->12->5->6->18->29
30	75520	74233.77312399722	1892	4	0.3282194137573242	13->2->8->3->4->7->26->11->15->17->16->22->19->25->20->21->23->24->14->30->27->1->28->10->9->12->5->6->18->29
30	16424	16200.202092319414	44190	8	26.176501274108887	1->2->8->13->6->10->12->26->11->9->15->18->30->16->25->17->27->20->19->4->23->24->29->28->3->21->5->7->22->14
