30	71888	70901.38998678298	2638	0	1.0079255104064941	1	
30	71888	70901.38998678298	2723	0	1.0144481658935547	1	
30	71888	70901.38998678298	1130	0	0.5003132820129395	1	
30	71888	70901.38998678298	1137	0	0.5000262260437012	1	
30	71888	70901.38998678298	1123	0	0.5068655014038086	1	
30	71888	70901.38998678298	256	0	0.10131120681762695	1	
30	71888	70901.38998678298	131	0	0.11537933349609375	1	
30	71888	70901.38998678298	127	0	0.11478877067565918	1	
30	71888	70901.38998678298	266	0	0.11424660682678223	1	
30	71888	70901.38998678298	223	0	0.10096049308776855	1	
30	71888	70901.38998678298	250	0	0.11078524589538574	1	
30	71888	70901.38998678298	256	0	0.11639738082885742	1	
30	71888	70901.38998678298	250	0	0.1119391918182373	1	
30	71888	70901.38998678298	223	0	0.10072183609008789	1	
30	71888	70901.38998678298	236	0	0.10024404525756836	1	
30	71888	70901.38998678298	223	0	0.10099267959594727	1	
30	71888	70901.38998678298	233	0	0.10061526298522949	1	
30	71888	70901.38998678298	266	0	0.11406493186950684	1	
30	71888	70901.38998678298	239	0	0.10937786102294922	1	
30	71888	70901.38998678298	256	0	0.10938024520874023	1	
30	71888	70901.38998678298	250	0	0.11169958114624023	1	
30	71888	70901.38998678298	256	0	0.10937905311584473	1	
30	71888	70901.38998678298	229	0	0.10049986839294434	1	
30	71888	70901.38998678298	256	0	0.10221004486083984	1	
30	71888	70901.38998678298	242	0	0.10106730461120605	1	
30	71888	70901.38998678298	245	0	0.10938096046447754	1	
30	71888	70901.38998678298	226	0	0.10046267509460449	1	
30	71888	70901.38998678298	242	0	0.10938191413879395	1	
30	71888	70901.38998678298	226	0	0.10134077072143555	1	
30	71888	70901.38998678298	242	0	0.10516834259033203	1	
30	71888	70901.38998678298	256	0	0.10938215255737305	1	
30	71888	70901.38998678298	287	0	0.11556506156921387	1	
30	71888	70901.38998678298	256	0	0.10938239097595215	1	
30	71888	70901.38998678298	250	0	0.10937857627868652	1	
30	71888	70901.38998678298	275	0	0.1114654541015625	1	
30	71888	70901.38998678298	256	0	0.10937881469726562	1	
30	71888	70901.38998678298	242	0	0.10938024520874023	1	
30	71888	70901.38998678298	261	0	0.11182832717895508	1	
30	71577	70901.38998678298	83814	2	97.82032418251038	1->27->11->20->2->10->6->12->24->23->15->3->22->9->29->19->25->17->7->14->5->21->18->8->4->16->30->28->26->13
30	71888	70901.38998678298	2647	0	1.0000531673431396	1	
30	71577	70901.38998678298	83814	2	98.16363096237183	1->27->11->20->2->10->6->12->24->23->15->3->22->9->29->19->25->17->7->14->5->21->18->8->4->16->30->28->26->13
30	17551	17384.971788492378	9437	4	3.3452374935150146	1->27->24->3->15->20->11->10->5->14->23->12->30->2->8->22->29->26->6->13->18->21->28->4->7->19->16->17->9->25
