30	73949	68532.79788804824	7522	0	1.0142056941986084	1	
30	73949	68532.79788804824	7482	0	1.00616455078125	1	
30	73949	68532.79788804824	2393	0	0.5051360130310059	1	
30	73949	68532.79788804824	2357	0	0.500025749206543	1	
30	73949	68532.79788804824	2448	0	0.5034942626953125	1	
30	73949	68532.79788804824	190	0	0.11474013328552246	1	
30	73949	68532.79788804824	75	0	0.10438132286071777	1	
30	73949	68532.79788804824	141	0	0.10862064361572266	1	
30	73949	68532.79788804824	81	0	0.11042356491088867	1	
30	73949	68532.79788804824	162	0	0.11499547958374023	1	
30	73949	68532.79788804824	138	0	0.10218286514282227	1	
30	73949	68532.79788804824	150	0	0.10976552963256836	1	
30	73949	68532.79788804824	156	0	0.1072998046875	1	
30	73949	68532.79788804824	162	0	0.10554862022399902	1	
30	73949	68532.79788804824	138	0	0.1029822826385498	1	
30	73949	68532.79788804824	150	0	0.10662007331848145	1	
30	73949	68532.79788804824	162	0	0.10938429832458496	1	
30	73949	68532.79788804824	150	0	0.10091686248779297	1	
30	73949	68532.79788804824	168	0	0.11107373237609863	1	
30	73949	68532.79788804824	153	0	0.10938096046447754	1	
30	73949	68532.79788804824	153	0	0.10937881469726562	1	
30	73949	68532.79788804824	168	0	0.1019439697265625	1	
30	73949	68532.79788804824	141	0	0.1013181209564209	1	
30	73949	68532.79788804824	153	0	0.10954117774963379	1	
30	73949	68532.79788804824	175	0	0.10908222198486328	1	
30	73949	68532.79788804824	144	0	0.10084223747253418	1	
30	73949	68532.79788804824	144	0	0.10176467895507812	1	
30	73949	68532.79788804824	156	0	0.10938000679016113	1	
30	73949	68532.79788804824	150	0	0.10703825950622559	1	
30	73949	68532.79788804824	153	0	0.10938167572021484	1	
30	73949	68532.79788804824	153	0	0.10938167572021484	1	
30	73949	68532.79788804824	162	0	0.10937976837158203	1	
30	73949	68532.79788804824	150	0	0.10148358345031738	1	
30	73949	68532.79788804824	168	0	0.10938096046447754	1	
30	73949	68532.79788804824	168	0	0.10938000679016113	1	
30	73949	68532.79788804824	156	0	0.10418939590454102	1	
30	73949	68532.79788804824	156	0	0.10937952995300293	1	
30	73949	68532.79788804824	141	0	0.1055450439453125	1	
30	73949	68532.79788804824	156	0	0.10937857627868652	1	
30	70529	68532.79788804824	8403	4	1.7074699401855469	26->2->3->1->15->5->11->28->14->21->16->18->13->30->9->25->22->17->7->12->19->10->20->8->27->23->29->24->6->4
30	73949	68532.79788804824	7482	0	1.000051736831665	1	
30	70529	68532.79788804824	8403	4	1.7032170295715332	26->2->3->1->15->5->11->28->14->21->16->18->13->30->9->25->22->17->7->12->19->10->20->8->27->23->29->24->6->4
30	70529	68532.79788804824	8403	4	1.7071399688720703	26->2->3->1->15->5->11->28->14->21->16->18->13->30->9->25->22->17->7->12->19->10->20->8->27->23->29->24->6->4
30	19559	19119.916394427142	65950	4	66.91774010658264	1->26->2->3->6->15->10->28->11->5->8->19->16->7->18->13->30->25->20->23->22->27->29->21->12->17->14->4->24->9
