30	75130	74139.6435125072	2418	0	1.0021891593933105	1	
30	75130	74139.6435125072	2621	0	1.0132362842559814	1	
30	75130	74139.6435125072	1348	0	0.5008630752563477	1	
30	75130	74139.6435125072	1357	0	0.5013148784637451	1	
30	75130	74139.6435125072	1391	0	0.5147392749786377	1	
30	75130	74139.6435125072	296	0	0.11359071731567383	1	
30	75130	74139.6435125072	107	0	0.10938143730163574	1	
30	75130	74139.6435125072	255	0	0.1000525951385498	1	
30	75130	74139.6435125072	102	0	0.10721635818481445	1	
30	75130	74139.6435125072	265	0	0.10938024520874023	1	
30	75130	74139.6435125072	259	0	0.10874652862548828	1	
30	75130	74139.6435125072	194	0	0.10186529159545898	1	
30	75130	74139.6435125072	255	0	0.10858464241027832	1	
30	75130	74139.6435125072	259	0	0.10058879852294922	1	
30	75130	74139.6435125072	214	0	0.10158061981201172	1	
30	75130	74139.6435125072	259	0	0.10938119888305664	1	
30	75130	74139.6435125072	250	0	0.10592532157897949	1	
30	75130	74139.6435125072	296	0	0.11393475532531738	1	
30	75130	74139.6435125072	229	0	0.10985398292541504	1	
30	75130	74139.6435125072	245	0	0.10938167572021484	1	
30	75130	74139.6435125072	301	0	0.11469554901123047	1	
30	75130	74139.6435125072	250	0	0.10938191413879395	1	
30	75130	74139.6435125072	270	0	0.10433149337768555	1	
30	75130	74139.6435125072	270	0	0.10694217681884766	1	
30	75130	74139.6435125072	259	0	0.10173225402832031	1	
30	75130	74139.6435125072	265	0	0.1105194091796875	1	
30	75130	74139.6435125072	245	0	0.10937619209289551	1	
30	75130	74139.6435125072	245	0	0.10938119888305664	1	
30	75130	74139.6435125072	259	0	0.10937929153442383	1	
30	75130	74139.6435125072	265	0	0.10938072204589844	1	
30	75130	74139.6435125072	250	0	0.10938072204589844	1	
30	75130	74139.6435125072	270	0	0.10938024520874023	1	
30	75130	74139.6435125072	245	0	0.10612225532531738	1	
30	75130	74139.6435125072	229	0	0.10257959365844727	1	
30	75130	74139.6435125072	285	0	0.10870742797851562	1	
30	75130	74139.6435125072	224	0	0.10124945640563965	1	
30	75130	74139.6435125072	255	0	0.10938048362731934	1	
30	75130	74139.6435125072	255	0	0.10938143730163574	1	
30	75130	74139.6435125072	255	0	0.10938167572021484	1	
30	74958	74139.6435125072	16224	1	8.469202041625977	1->2->5->14->7->20->29->11->15->16->17->12->18->19->25->9->21->30->4->10->28->24->6->26->8->23->22->13->3->27
30	75130	74139.6435125072	2602	0	1.0000531673431396	1	
30	74958	74139.6435125072	16224	1	8.357444286346436	1->2->5->14->7->20->29->11->15->16->17->12->18->19->25->9->21->30->4->10->28->24->6->26->8->23->22->13->3->27
30	74958	74139.6435125072	16224	1	8.415624856948853	1->2->5->14->7->20->29->11->15->16->17->12->18->19->25->9->21->30->4->10->28->24->6->26->8->23->22->13->3->27
30	17281	17140.655923908023	2807	2	3.551375389099121	1->2->5->30->14->7->21->20->11->15->25->16->17->12->18->19->23->29->4->6->26->10->9->22->28->8->3->24->13->27
