30	71403	68600.66289438853	4357	0	1.010711431503296	1	
30	71403	68600.66289438853	4392	0	1.0078866481781006	1	
30	71403	68600.66289438853	2108	0	0.5074875354766846	1	
30	71403	68600.66289438853	2061	0	0.5000269412994385	1	
30	71403	68600.66289438853	2108	0	0.5084218978881836	1	
30	71403	68600.66289438853	334	0	0.10000467300415039	1	
30	71403	68600.66289438853	147	0	0.10380005836486816	1	
30	71403	68600.66289438853	326	0	0.10075736045837402	1	
30	71403	68600.66289438853	154	0	0.10679125785827637	1	
30	71403	68600.66289438853	360	0	0.10956382751464844	1	
30	71403	68600.66289438853	347	0	0.10081219673156738	1	
30	71403	68600.66289438853	319	0	0.10193228721618652	1	
30	71403	68600.66289438853	340	0	0.10277819633483887	1	
30	71403	68600.66289438853	340	0	0.10659956932067871	1	
30	71403	68600.66289438853	347	0	0.10883450508117676	1	
30	71403	68600.66289438853	397	0	0.10682368278503418	1	
30	71403	68600.66289438853	375	0	0.10938072204589844	1	
30	71403	68600.66289438853	334	0	0.10139608383178711	1	
30	71403	68600.66289438853	340	0	0.10744142532348633	1	
30	71403	68600.66289438853	340	0	0.10938262939453125	1	
30	71403	68600.66289438853	360	0	0.10938334465026855	1	
30	71403	68600.66289438853	382	0	0.10938096046447754	1	
30	71403	68600.66289438853	368	0	0.10938143730163574	1	
30	71403	68600.66289438853	419	0	0.11500263214111328	1	
30	71403	68600.66289438853	340	0	0.10178279876708984	1	
30	71403	68600.66289438853	375	0	0.10938191413879395	1	
30	71403	68600.66289438853	360	0	0.10894298553466797	1	
30	71403	68600.66289438853	375	0	0.11406469345092773	1	
30	71403	68600.66289438853	412	0	0.11164402961730957	1	
30	71403	68600.66289438853	353	0	0.10938167572021484	1	
30	71403	68600.66289438853	326	0	0.10076546669006348	1	
30	71403	68600.66289438853	382	0	0.10938000679016113	1	
30	71403	68600.66289438853	375	0	0.10937976837158203	1	
30	71403	68600.66289438853	382	0	0.10938096046447754	1	
30	71403	68600.66289438853	368	0	0.10629749298095703	1	
30	71403	68600.66289438853	375	0	0.10938000679016113	1	
30	71403	68600.66289438853	360	0	0.10938239097595215	1	
30	71403	68600.66289438853	375	0	0.10396838188171387	1	
30	71403	68600.66289438853	334	0	0.10182023048400879	1	
30	69791	68600.66289438853	138882	1	253.37983560562134	1->20->2->19->27->9->14->6->4->7->28->24->13->12->15->16->21->22->18->5->23->25->10->17->11->26->3->29->8->30
30	71403	68600.66289438853	4387	0	1.0000531673431396	1	
30	69791	68600.66289438853	138882	1	257.8378746509552	1->20->2->19->27->9->14->6->4->7->28->24->13->12->15->16->21->22->18->5->23->25->10->17->11->26->3->29->8->30
30	69791	68600.66289438853	138882	1	255.15158915519714	1->20->2->19->27->9->14->6->4->7->28->24->13->12->15->16->21->22->18->5->23->25->10->17->11->26->3->29->8->30
30	19365	19136.87889763728	5848	2	2.8088762760162354	1->2->23->27->19->14->9->4->6->7->11->24->28->20->12->15->16->21->18->22->25->5->10->29->17->26->8->13->3->30
