30	79937	73061.76488584731	6441	0	1.000758409500122	1	
30	79937	73061.76488584731	6677	0	1.015354871749878	1	
30	79937	73061.76488584731	2947	0	0.5035145282745361	1	
30	79937	73061.76488584731	2871	0	0.5000247955322266	1	
30	79937	73061.76488584731	2883	0	0.5000278949737549	1	
30	79937	73061.76488584731	384	0	0.1016242504119873	1	
30	79937	73061.76488584731	160	0	0.10043215751647949	1	
30	79937	73061.76488584731	442	0	0.10151004791259766	1	
30	79937	73061.76488584731	169	0	0.10589385032653809	1	
30	79937	73061.76488584731	437	0	0.10780596733093262	1	
30	79937	73061.76488584731	363	0	0.10120797157287598	1	
30	79937	73061.76488584731	394	0	0.1036064624786377	1	
30	79937	73061.76488584731	446	0	0.10938048362731934	1	
30	79937	73061.76488584731	394	0	0.10048079490661621	1	
30	79937	73061.76488584731	374	0	0.10012388229370117	1	
30	79937	73061.76488584731	426	0	0.11068868637084961	1	
30	79937	73061.76488584731	446	0	0.10075783729553223	1	
30	79937	73061.76488584731	496	0	0.10848140716552734	1	
30	79937	73061.76488584731	446	0	0.10678815841674805	1	
30	79937	73061.76488584731	426	0	0.10938239097595215	1	
30	79937	73061.76488584731	426	0	0.10937976837158203	1	
30	79937	73061.76488584731	455	0	0.10938024520874023	1	
30	79937	73061.76488584731	437	0	0.10938262939453125	1	
30	79937	73061.76488584731	437	0	0.10578584671020508	1	
30	79937	73061.76488584731	442	0	0.1000676155090332	1	
30	79937	73061.76488584731	442	0	0.10711455345153809	1	
30	79937	73061.76488584731	426	0	0.1093757152557373	1	
30	79937	73061.76488584731	437	0	0.10531830787658691	1	
30	79937	73061.76488584731	465	0	0.11105728149414062	1	
30	79937	73061.76488584731	437	0	0.11079096794128418	1	
30	79937	73061.76488584731	442	0	0.10938096046447754	1	
30	79937	73061.76488584731	415	0	0.1007990837097168	1	
30	79937	73061.76488584731	394	0	0.10044384002685547	1	
30	79937	73061.76488584731	446	0	0.10938191413879395	1	
30	79937	73061.76488584731	437	0	0.10537338256835938	1	
30	79937	73061.76488584731	455	0	0.10937976837158203	1	
30	79937	73061.76488584731	455	0	0.10938000679016113	1	
30	79937	73061.76488584731	455	0	0.10937857627868652	1	
30	79937	73061.76488584731	384	0	0.10937833786010742	1	
30	75229	73061.76488584731	199137	1	552.6615290641785	21->4->3->6->11->8->13->20->9->10->12->7->18->22->15->28->27->25->30->17->29->23->2->5->1->14->19->16->26->24
30	79937	73061.76488584731	6247	0	1.0068469047546387	1	
30	75229	73061.76488584731	199137	1	540.8239500522614	21->4->3->6->11->8->13->20->9->10->12->7->18->22->15->28->27->25->30->17->29->23->2->5->1->14->19->16->26->24
30	75229	73061.76488584731	199137	1	548.6218016147614	21->4->3->6->11->8->13->20->9->10->12->7->18->22->15->28->27->25->30->17->29->23->2->5->1->14->19->16->26->24
30	19424	19029.45345899831	344213	4	1690.4762365818024	21->4->3->1->6->11->8->13->9->17->10->12->7->18->28->15->20->27->16->30->26->29->14->23->24->2->22->5->19->25
