30	95937	91378.38999942986	3949	0	1.0034728050231934	1	
30	95937	91378.38999942986	4255	0	1.0021710395812988	1	
30	95937	91378.38999942986	2055	0	0.5076179504394531	1	
30	95937	91378.38999942986	2018	0	0.5071227550506592	1	
30	95937	91378.38999942986	2046	0	0.514256477355957	1	
30	95937	91378.38999942986	366	0	0.10938167572021484	1	
30	95937	91378.38999942986	154	0	0.1028745174407959	1	
30	95937	91378.38999942986	366	0	0.10053086280822754	1	
30	95937	91378.38999942986	169	0	0.11518526077270508	1	
30	95937	91378.38999942986	392	0	0.10938334465026855	1	
30	95937	91378.38999942986	313	0	0.10089874267578125	1	
30	95937	91378.38999942986	306	0	0.10395240783691406	1	
30	95937	91378.38999942986	358	0	0.10938143730163574	1	
30	95937	91378.38999942986	349	0	0.10998249053955078	1	
30	95937	91378.38999942986	366	0	0.1065523624420166	1	
30	95937	91378.38999942986	349	0	0.10291409492492676	1	
30	95937	91378.38999942986	331	0	0.10239124298095703	1	
30	95937	91378.38999942986	331	0	0.1004791259765625	1	
30	95937	91378.38999942986	349	0	0.11267232894897461	1	
30	95937	91378.38999942986	358	0	0.10361933708190918	1	
30	95937	91378.38999942986	349	0	0.10938334465026855	1	
30	95937	91378.38999942986	349	0	0.10937976837158203	1	
30	95937	91378.38999942986	358	0	0.10937881469726562	1	
30	95937	91378.38999942986	358	0	0.10938167572021484	1	
30	95937	91378.38999942986	366	0	0.10204386711120605	1	
30	95937	91378.38999942986	366	0	0.10938024520874023	1	
30	95937	91378.38999942986	358	0	0.10938787460327148	1	
30	95937	91378.38999942986	366	0	0.10335612297058105	1	
30	95937	91378.38999942986	392	0	0.10938239097595215	1	
30	95937	91378.38999942986	358	0	0.11011672019958496	1	
30	95937	91378.38999942986	340	0	0.10612177848815918	1	
30	95937	91378.38999942986	384	0	0.10394430160522461	1	
30	95937	91378.38999942986	426	0	0.11490297317504883	1	
30	95937	91378.38999942986	366	0	0.10937952995300293	1	
30	95937	91378.38999942986	366	0	0.10986948013305664	1	
30	95937	91378.38999942986	358	0	0.10938239097595215	1	
30	95937	91378.38999942986	358	0	0.10937952995300293	1	
30	95937	91378.38999942986	358	0	0.10938167572021484	1	
30	95937	91378.38999942986	313	0	0.10625386238098145	1	
30	93849	91378.38999942986	356220	2	1770.4716992378235	30->1->12->8->14->22->18->17->7->16->29->20->11->19->5->13->25->21->26->24->9->23->15->27->4->3->28->6->2->10
30	95937	91378.38999942986	4372	0	1.000053882598877	1	
30	93849	91378.38999942986	356220	2	1762.065095424652	30->1->12->8->14->22->18->17->7->16->29->20->11->19->5->13->25->21->26->24->9->23->15->27->4->3->28->6->2->10
30	93849	91378.38999942986	356220	2	1786.9247171878815	30->1->12->8->14->22->18->17->7->16->29->20->11->19->5->13->25->21->26->24->9->23->15->27->4->3->28->6->2->10
30	17532	16671.419179426914	803550	0	1800.0044639110565	1	
