30	83129	79675.33611104343	2733	0	1.0015697479248047	1	
30	83129	79675.33611104343	2763	0	1.0003290176391602	1	
30	83129	79675.33611104343	1334	0	0.5058383941650391	1	
30	83129	79675.33611104343	1323	0	0.5000264644622803	1	
30	83129	79675.33611104343	1323	0	0.5007543563842773	1	
30	83129	79675.33611104343	261	0	0.10116410255432129	1	
30	83129	79675.33611104343	116	0	0.1095113754272461	1	
30	83129	79675.33611104343	131	0	0.10938167572021484	1	
30	83129	79675.33611104343	279	0	0.11001181602478027	1	
30	83129	79675.33611104343	261	0	0.10886383056640625	1	
30	83129	79675.33611104343	233	0	0.1004784107208252	1	
30	83129	79675.33611104343	284	0	0.10057640075683594	1	
30	83129	79675.33611104343	288	0	0.1021726131439209	1	
30	83129	79675.33611104343	293	0	0.11338329315185547	1	
30	83129	79675.33611104343	293	0	0.1129300594329834	1	
30	83129	79675.33611104343	270	0	0.10938024520874023	1	
30	83129	79675.33611104343	256	0	0.10147261619567871	1	
30	83129	79675.33611104343	247	0	0.11056160926818848	1	
30	83129	79675.33611104343	270	0	0.10937857627868652	1	
30	83129	79675.33611104343	288	0	0.10938334465026855	1	
30	83129	79675.33611104343	274	0	0.10938143730163574	1	
30	83129	79675.33611104343	274	0	0.10938310623168945	1	
30	83129	79675.33611104343	274	0	0.10938167572021484	1	
30	83129	79675.33611104343	247	0	0.10026764869689941	1	
30	83129	79675.33611104343	256	0	0.10105133056640625	1	
30	83129	79675.33611104343	293	0	0.1043705940246582	1	
30	83129	79675.33611104343	270	0	0.10938119888305664	1	
30	83129	79675.33611104343	274	0	0.10833573341369629	1	
30	83129	79675.33611104343	270	0	0.10816240310668945	1	
30	83129	79675.33611104343	274	0	0.10909771919250488	1	
30	83129	79675.33611104343	261	0	0.10465478897094727	1	
30	83129	79675.33611104343	279	0	0.10938358306884766	1	
30	83129	79675.33611104343	274	0	0.10938119888305664	1	
30	83129	79675.33611104343	293	0	0.10938000679016113	1	
30	83129	79675.33611104343	270	0	0.10323786735534668	1	
30	83129	79675.33611104343	279	0	0.10938191413879395	1	
30	83129	79675.33611104343	293	0	0.10118770599365234	1	
30	83129	79675.33611104343	284	0	0.10937976837158203	1	
30	81988	79675.33611104343	5634	1	2.0133206844329834	1->12->11->6->7->19->10->15->9->27->20->30->24->26->13->25->22->18->5->28->29->16->3->23->17->21->8->14->4->2
30	83129	79675.33611104343	2804	0	1.0000510215759277	1	
30	81988	79675.33611104343	5634	1	2.0253539085388184	1->12->11->6->7->19->10->15->9->27->20->30->24->26->13->25->22->18->5->28->29->16->3->23->17->21->8->14->4->2
30	19666	19326.383507662882	201019	4	565.4910795688629	1->3->15->10->19->6->7->14->11->13->27->20->30->24->9->21->22->25->29->23->28->8->5->4->12->17->26->18->2->16
