30	83129	79167.8972653363	2551	0	1.0016095638275146	1	
30	83129	79167.8972653363	2847	0	1.0153489112854004	1	
30	83129	79167.8972653363	1416	0	0.5078091621398926	1	
30	83129	79167.8972653363	1392	0	0.5098001956939697	1	
30	83129	79167.8972653363	1411	0	0.5037045478820801	1	
30	83129	79167.8972653363	298	0	0.10938143730163574	1	
30	83129	79167.8972653363	128	0	0.1054544448852539	1	
30	83129	79167.8972653363	307	0	0.10462737083435059	1	
30	83129	79167.8972653363	124	0	0.10203218460083008	1	
30	83129	79167.8972653363	316	0	0.10970425605773926	1	
30	83129	79167.8972653363	249	0	0.10006213188171387	1	
30	83129	79167.8972653363	272	0	0.11649298667907715	1	
30	83129	79167.8972653363	262	0	0.10075092315673828	1	
30	83129	79167.8972653363	262	0	0.10003995895385742	1	
30	83129	79167.8972653363	253	0	0.10110306739807129	1	
30	83129	79167.8972653363	293	0	0.10938048362731934	1	
30	83129	79167.8972653363	281	0	0.10499167442321777	1	
30	83129	79167.8972653363	330	0	0.11464524269104004	1	
30	83129	79167.8972653363	253	0	0.10141444206237793	1	
30	83129	79167.8972653363	272	0	0.10937952995300293	1	
30	83129	79167.8972653363	293	0	0.10938262939453125	1	
30	83129	79167.8972653363	281	0	0.10938119888305664	1	
30	83129	79167.8972653363	289	0	0.10937833786010742	1	
30	83129	79167.8972653363	289	0	0.10938119888305664	1	
30	83129	79167.8972653363	293	0	0.10094189643859863	1	
30	83129	79167.8972653363	293	0	0.10938000679016113	1	
30	83129	79167.8972653363	298	0	0.10529589653015137	1	
30	83129	79167.8972653363	281	0	0.10938167572021484	1	
30	83129	79167.8972653363	289	0	0.10910773277282715	1	
30	83129	79167.8972653363	281	0	0.10938024520874023	1	
30	83129	79167.8972653363	281	0	0.10937952995300293	1	
30	83129	79167.8972653363	298	0	0.10937976837158203	1	
30	83129	79167.8972653363	298	0	0.10938167572021484	1	
30	83129	79167.8972653363	303	0	0.10938072204589844	1	
30	83129	79167.8972653363	298	0	0.10937881469726562	1	
30	83129	79167.8972653363	262	0	0.10082054138183594	1	
30	83129	79167.8972653363	289	0	0.10938119888305664	1	
30	83129	79167.8972653363	289	0	0.10938119888305664	1	
30	83129	79167.8972653363	289	0	0.10938167572021484	1	
30	81988	79167.8972653363	13618	1	5.250277757644653	1->12->11->6->7->19->10->15->9->27->20->30->24->26->13->25->22->18->5->28->29->16->3->23->17->21->8->14->4->2
30	83129	79167.8972653363	2871	0	1.0106546878814697	1	
30	81988	79167.8972653363	13618	1	5.170367240905762	1->12->11->6->7->19->10->15->9->27->20->30->24->26->13->25->22->18->5->28->29->16->3->23->17->21->8->14->4->2
30	81988	79167.8972653363	13618	1	5.215489149093628	1->12->11->6->7->19->10->15->9->27->20->30->24->26->13->25->22->18->5->28->29->16->3->23->17->21->8->14->4->2
30	19666	19264.249093623395	489939	4	1800.0004630088806	1	
