30	42818	42390.883797524315	1125	2	0.10938191413879395	19->11->10->7->23->6->18->14->27->22->15->25->20->21->28->29->4->3->1->26->17->9->8->16->12->5->2->30->24->13
30	42818	42390.883797524315	1125	2	0.10938167572021484	19->11->10->7->23->6->18->14->27->22->15->25->20->21->28->29->4->3->1->26->17->9->8->16->12->5->2->30->24->13
30	42818	42390.883797524315	1125	2	0.10938167572021484	19->11->10->7->23->6->18->14->27->22->15->25->20->21->28->29->4->3->1->26->17->9->8->16->12->5->2->30->24->13
30	42818	42390.883797524315	1125	2	0.10398244857788086	19->11->10->7->23->6->18->14->27->22->15->25->20->21->28->29->4->3->1->26->17->9->8->16->12->5->2->30->24->13
30	42818	42390.883797524315	1125	2	0.10324621200561523	19->11->10->7->23->6->18->14->27->22->15->25->20->21->28->29->4->3->1->26->17->9->8->16->12->5->2->30->24->13
30	42818	42390.883797524315	1125	2	0.10039567947387695	1	
30	49080	42390.883797524315	422	0	0.10938024520874023	1	
30	49080	42390.883797524315	407	0	0.11487960815429688	1	
30	42818	42390.883797524315	1125	2	0.11369752883911133	1	
30	42818	42390.883797524315	1125	2	0.10676288604736328	1	
30	42818	42390.883797524315	1125	2	0.1000664234161377	1	
30	42818	42390.883797524315	1125	2	0.10082077980041504	1	
30	42818	42390.883797524315	1125	2	0.10454916954040527	1	
30	49080	42390.883797524315	1061	0	0.1006312370300293	1	
30	49080	42390.883797524315	1123	0	0.10097670555114746	1	
30	42818	42390.883797524315	1125	2	0.10104131698608398	1	
30	42818	42390.883797524315	1125	2	0.10938119888305664	1	
30	49080	42390.883797524315	1100	0	0.10246825218200684	1	
30	42818	42390.883797524315	1125	2	0.10938358306884766	1	
30	42818	42390.883797524315	1125	2	0.10938072204589844	1	
30	42818	42390.883797524315	1125	2	0.10938167572021484	1	
30	42818	42390.883797524315	1125	2	0.10669469833374023	1	
30	42818	42390.883797524315	1125	2	0.10405325889587402	1	
30	49080	42390.883797524315	1121	0	0.1007685661315918	1	
30	42818	42390.883797524315	1125	2	0.10072183609008789	1	
30	42818	42390.883797524315	1125	2	0.10921597480773926	1	
30	42818	42390.883797524315	1125	2	0.10910630226135254	1	
30	42818	42390.883797524315	1125	2	0.10937976837158203	1	
30	42818	42390.883797524315	1125	2	0.09930968284606934	19->11->10->7->23->6->18->14->27->22->15->25->20->21->28->29->4->3->1->26->17->9->8->16->12->5->2->30->24->13
30	42818	42390.883797524315	1125	2	0.10693788528442383	1	
30	42818	42390.883797524315	1125	2	0.10937857627868652	1	
30	49080	42390.883797524315	1105	0	0.10000824928283691	1	
30	42818	42390.883797524315	1125	2	0.10938048362731934	1	
30	42818	42390.883797524315	1125	2	0.10938000679016113	1	
30	42818	42390.883797524315	1125	2	0.1088402271270752	1	
30	42818	42390.883797524315	1125	2	0.10938096046447754	1	
30	42818	42390.883797524315	1125	2	0.10938191413879395	1	
30	42818	42390.883797524315	1125	2	0.10938048362731934	1	
30	42818	42390.883797524315	1125	2	0.10938024520874023	19->11->10->7->23->6->18->14->27->22->15->25->20->21->28->29->4->3->1->26->17->9->8->16->12->5->2->30->24->13
30	42818	42390.883797524315	1125	2	0.10938191413879395	19->11->10->7->23->6->18->14->27->22->15->25->20->21->28->29->4->3->1->26->17->9->8->16->12->5->2->30->24->13
30	42818	42390.883797524315	1125	2	0.1070718765258789	19->11->10->7->23->6->18->14->27->22->15->25->20->21->28->29->4->3->1->26->17->9->8->16->12->5->2->30->24->13
30	10405	10324.893717948718	3101	8	0.3732490539550781	19->11->10->2->6->23->15->22->18->27->14->20->21->3->28->29->25->8->7->30->4->5->26->17->12->1->24->16->13->9
