30	75957	70940.90991830516	4982	0	1.0058467388153076	1	
30	75957	70940.90991830516	5070	0	1.001189947128296	1	
30	75957	70940.90991830516	2257	0	0.5012030601501465	1	
30	75957	70940.90991830516	2331	0	0.5080389976501465	1	
30	75957	70940.90991830516	2244	0	0.5011193752288818	1	
30	75957	70940.90991830516	450	0	0.10938024520874023	1	
30	75957	70940.90991830516	165	0	0.1082465648651123	1	
30	75957	70940.90991830516	174	0	0.11208653450012207	1	
30	75957	70940.90991830516	459	0	0.1142280101776123	1	
30	75957	70940.90991830516	394	0	0.10132694244384766	1	
30	75957	70940.90991830516	402	0	0.10488104820251465	1	
30	75957	70940.90991830516	459	0	0.11525344848632812	1	
30	75957	70940.90991830516	350	0	0.10937929153442383	1	
30	75957	70940.90991830516	385	0	0.1006314754486084	1	
30	75957	70940.90991830516	368	0	0.10421490669250488	1	
30	75957	70940.90991830516	394	0	0.10609269142150879	1	
30	75957	70940.90991830516	350	0	0.10136747360229492	1	
30	75957	70940.90991830516	402	0	0.11283397674560547	1	
30	75957	70940.90991830516	394	0	0.11471009254455566	1	
30	75957	70940.90991830516	429	0	0.11274456977844238	1	
30	75957	70940.90991830516	410	0	0.11096692085266113	1	
30	75957	70940.90991830516	420	0	0.1109931468963623	1	
30	75957	70940.90991830516	410	0	0.1110844612121582	1	
30	75957	70940.90991830516	377	0	0.10477447509765625	1	
30	75957	70940.90991830516	402	0	0.10015177726745605	1	
30	75957	70940.90991830516	385	0	0.10937857627868652	1	
30	75957	70940.90991830516	402	0	0.10938096046447754	1	
30	75957	70940.90991830516	402	0	0.10938000679016113	1	
30	75957	70940.90991830516	402	0	0.10938239097595215	1	
30	75957	70940.90991830516	410	0	0.1107022762298584	1	
30	75957	70940.90991830516	410	0	0.10937905311584473	1	
30	75957	70940.90991830516	459	0	0.11290597915649414	1	
30	75957	70940.90991830516	402	0	0.10930919647216797	1	
30	75957	70940.90991830516	385	0	0.10586404800415039	1	
30	75957	70940.90991830516	402	0	0.10938024520874023	1	
30	75957	70940.90991830516	402	0	0.10812520980834961	1	
30	75957	70940.90991830516	394	0	0.10938024520874023	1	
30	75957	70940.90991830516	420	0	0.10938119888305664	1	
30	72550	70940.90991830516	52052	1	36.4686017036438	1->12->14->7->6->4->27->25->8->11->19->2->18->22->15->17->28->30->21->20->29->26->5->3->9->24->16->10->23->13
30	75957	70940.90991830516	5166	0	1.0132489204406738	1	
30	72550	70940.90991830516	52052	1	36.98172736167908	1->12->14->7->6->4->27->25->8->11->19->2->18->22->15->17->28->30->21->20->29->26->5->3->9->24->16->10->23->13
30	16280	16002.698487608193	27678	4	11.926975727081299	1->12->14->11->6->27->2->22->25->8->7->19->4->18->15->5->3->24->30->21->20->10->26->16->17->29->9->28->23->13
