30	99487	98468.18272718924	2762	0	1.0071086883544922	1	
30	99487	98468.18272718924	2896	0	1.0001609325408936	1	
30	99487	98468.18272718924	1487	0	0.5079464912414551	1	
30	99487	98468.18272718924	1471	0	0.5068457126617432	1	
30	99487	98468.18272718924	1471	0	0.5089573860168457	1	
30	99487	98468.18272718924	277	0	0.10042953491210938	1	
30	99487	98468.18272718924	94	0	0.10427021980285645	1	
30	99487	98468.18272718924	273	0	0.10103774070739746	1	
30	99487	98468.18272718924	109	0	0.10759353637695312	1	
30	99487	98468.18272718924	304	0	0.10647392272949219	1	
30	99487	98468.18272718924	287	0	0.10938072204589844	1	
30	99487	98468.18272718924	261	0	0.10354065895080566	1	
30	99487	98468.18272718924	311	0	0.10938072204589844	1	
30	99487	98468.18272718924	282	0	0.10073494911193848	1	
30	99487	98468.18272718924	324	0	0.11173701286315918	1	
30	99487	98468.18272718924	287	0	0.10274314880371094	1	
30	99487	98468.18272718924	311	0	0.10937881469726562	1	
30	99487	98468.18272718924	264	0	0.10056805610656738	1	
30	99487	98468.18272718924	291	0	0.10705280303955078	1	
30	99487	98468.18272718924	287	0	0.10937976837158203	1	
30	99487	98468.18272718924	311	0	0.10938119888305664	1	
30	99487	98468.18272718924	287	0	0.10938167572021484	1	
30	99487	98468.18272718924	311	0	0.10937929153442383	1	
30	99487	98468.18272718924	291	0	0.10640907287597656	1	
30	99487	98468.18272718924	311	0	0.10093092918395996	1	
30	99487	98468.18272718924	304	0	0.10774374008178711	1	
30	99487	98468.18272718924	295	0	0.10938191413879395	1	
30	99487	98468.18272718924	291	0	0.10915875434875488	1	
30	99487	98468.18272718924	324	0	0.10938239097595215	1	
30	99487	98468.18272718924	307	0	0.10938215255737305	1	
30	99487	98468.18272718924	273	0	0.10061144828796387	1	
30	99487	98468.18272718924	282	0	0.10048532485961914	1	
30	99487	98468.18272718924	304	0	0.10938143730163574	1	
30	99487	98468.18272718924	287	0	0.10937929153442383	1	
30	99487	98468.18272718924	315	0	0.11097455024719238	1	
30	99487	98468.18272718924	261	0	0.10085511207580566	1	
30	99487	98468.18272718924	311	0	0.10938000679016113	1	
30	99487	98468.18272718924	273	0	0.10172057151794434	1	
30	99487	98468.18272718924	300	0	0.10004687309265137	1	
30	99300	98468.18272718924	13234	1	6.547224044799805	1->17->7->9->5->24->22->2->14->16->12->26->11->30->29->27->21->20->28->4->19->6->10->8->15->18->25->3->13->23
30	99487	98468.18272718924	2980	0	1.0000526905059814	1	
30	99300	98468.18272718924	13234	1	6.4417150020599365	1->17->7->9->5->24->22->2->14->16->12->26->11->30->29->27->21->20->28->4->19->6->10->8->15->18->25->3->13->23
30	99300	98468.18272718924	13234	1	6.628430366516113	1->17->7->9->5->24->22->2->14->16->12->26->11->30->29->27->21->20->28->4->19->6->10->8->15->18->25->3->13->23
30	19018	18889.335499646666	2350	4	2.143432140350342	1->3->7->9->5->24->17->22->14->28->16->27->11->26->2->30->6->29->23->12->15->10->21->8->20->4->25->13->19->18
