30	85140	84055.48074873385	2141	2	0.35814571380615234	1->15->10->4->30->7->13->16->9->11->26->3->24->12->28->25->5->6->14->8->29->18->22->17->21->2->27->20->23->19
30	85140	84055.48074873385	2141	2	0.365079402923584	1->15->10->4->30->7->13->16->9->11->26->3->24->12->28->25->5->6->14->8->29->18->22->17->21->2->27->20->23->19
30	85140	84055.48074873385	2141	2	0.3593924045562744	1->15->10->4->30->7->13->16->9->11->26->3->24->12->28->25->5->6->14->8->29->18->22->17->21->2->27->20->23->19
30	85140	84055.48074873385	2141	2	0.3639185428619385	1->15->10->4->30->7->13->16->9->11->26->3->24->12->28->25->5->6->14->8->29->18->22->17->21->2->27->20->23->19
30	85140	84055.48074873385	2141	2	0.36713314056396484	1->15->10->4->30->7->13->16->9->11->26->3->24->12->28->25->5->6->14->8->29->18->22->17->21->2->27->20->23->19
30	85990	84055.48074873385	388	0	0.10149002075195312	1	
30	85990	84055.48074873385	93	0	0.10599470138549805	1	
30	85990	84055.48074873385	98	0	0.10938048362731934	1	
30	85990	84055.48074873385	310	0	0.10112190246582031	1	
30	85990	84055.48074873385	299	0	0.10777735710144043	1	
30	85990	84055.48074873385	322	0	0.10937976837158203	1	
30	85990	84055.48074873385	381	0	0.10055971145629883	1	
30	85990	84055.48074873385	322	0	0.10276317596435547	1	
30	85990	84055.48074873385	295	0	0.1001288890838623	1	
30	85990	84055.48074873385	410	0	0.11274909973144531	1	
30	85990	84055.48074873385	388	0	0.10937261581420898	1	
30	85990	84055.48074873385	310	0	0.10020756721496582	1	
30	85990	84055.48074873385	299	0	0.1058344841003418	1	
30	85990	84055.48074873385	388	0	0.10913896560668945	1	
30	85990	84055.48074873385	310	0	0.10019326210021973	1	
30	85990	84055.48074873385	310	0	0.10079050064086914	1	
30	85990	84055.48074873385	388	0	0.10937929153442383	1	
30	85990	84055.48074873385	388	0	0.11214113235473633	1	
30	85990	84055.48074873385	388	0	0.11134076118469238	1	
30	85990	84055.48074873385	358	0	0.10106778144836426	1	
30	85990	84055.48074873385	299	0	0.10938143730163574	1	
30	85990	84055.48074873385	388	0	0.11512994766235352	1	
30	85990	84055.48074873385	369	0	0.1068582534790039	1	
30	85990	84055.48074873385	384	0	0.10937905311584473	1	
30	85990	84055.48074873385	384	0	0.10871267318725586	1	
30	85990	84055.48074873385	399	0	0.100341796875	1	
30	85990	84055.48074873385	384	0	0.1111452579498291	1	
30	85990	84055.48074873385	388	0	0.10937952995300293	1	
30	85990	84055.48074873385	399	0	0.10937976837158203	1	
30	85990	84055.48074873385	388	0	0.10938310623168945	1	
30	85990	84055.48074873385	410	0	0.10545778274536133	1	
30	85990	84055.48074873385	346	0	0.10518527030944824	1	
30	85990	84055.48074873385	334	0	0.10199761390686035	1	
30	85140	84055.48074873385	2141	2	0.34916114807128906	1->15->10->4->30->7->13->16->9->11->26->3->24->12->28->25->5->6->14->8->29->18->22->17->21->2->27->20->23->19
30	85140	84055.48074873385	2141	2	0.3437683582305908	1->15->10->4->30->7->13->16->9->11->26->3->24->12->28->25->5->6->14->8->29->18->22->17->21->2->27->20->23->19
30	85140	84055.48074873385	2141	2	0.35524797439575195	1->15->10->4->30->7->13->16->9->11->26->3->24->12->28->25->5->6->14->8->29->18->22->17->21->2->27->20->23->19
30	17238	16972.870391887187	16878	4	4.5910704135894775	8->15->4->10->2->30->26->7->11->21->16->9->14->27->24->18->22->3->25->6->13->19->29->23->12->28->1->20->17->5
