30	86110	83396.70622245621	270	1	0.04687643051147461	9->15->26->7->3->20->24->18->8->19->10->28->6->22->14->4->30->17->13->1->21->12->2->23->29->25->5->16->11->27
30	86110	83396.70622245621	270	1	0.031256914138793945	9->15->26->7->3->20->24->18->8->19->10->28->6->22->14->4->30->17->13->1->21->12->2->23->29->25->5->16->11->27
30	86110	83396.70622245621	270	1	0.029805421829223633	9->15->26->7->3->20->24->18->8->19->10->28->6->22->14->4->30->17->13->1->21->12->2->23->29->25->5->16->11->27
30	86110	83396.70622245621	270	1	0.03125286102294922	9->15->26->7->3->20->24->18->8->19->10->28->6->22->14->4->30->17->13->1->21->12->2->23->29->25->5->16->11->27
30	86110	83396.70622245621	270	1	0.04687762260437012	9->15->26->7->3->20->24->18->8->19->10->28->6->22->14->4->30->17->13->1->21->12->2->23->29->25->5->16->11->27
30	86110	83396.70622245621	270	1	0.04263734817504883	9->15->26->7->3->20->24->18->8->19->10->28->6->22->14->4->30->17->13->1->21->12->2->23->29->25->5->16->11->27
30	86110	83396.70622245621	270	1	0.07918953895568848	9->15->26->7->3->20->24->18->8->19->10->28->6->22->14->4->30->17->13->1->21->12->2->23->29->25->5->16->11->27
30	86110	83396.70622245621	270	1	0.04686760902404785	9->15->26->7->3->20->24->18->8->19->10->28->6->22->14->4->30->17->13->1->21->12->2->23->29->25->5->16->11->27
30	88162	83396.70622245621	267	0	0.10015368461608887	1	
30	86110	83396.70622245621	270	1	0.044861793518066406	9->15->26->7->3->20->24->18->8->19->10->28->6->22->14->4->30->17->13->1->21->12->2->23->29->25->5->16->11->27
30	86110	83396.70622245621	270	1	0.04987049102783203	9->15->26->7->3->20->24->18->8->19->10->28->6->22->14->4->30->17->13->1->21->12->2->23->29->25->5->16->11->27
30	86110	83396.70622245621	270	1	0.04687762260437012	9->15->26->7->3->20->24->18->8->19->10->28->6->22->14->4->30->17->13->1->21->12->2->23->29->25->5->16->11->27
30	86110	83396.70622245621	270	1	0.047318220138549805	9->15->26->7->3->20->24->18->8->19->10->28->6->22->14->4->30->17->13->1->21->12->2->23->29->25->5->16->11->27
30	86110	83396.70622245621	270	1	0.027423620223999023	9->15->26->7->3->20->24->18->8->19->10->28->6->22->14->4->30->17->13->1->21->12->2->23->29->25->5->16->11->27
30	86110	83396.70622245621	270	1	0.04687833786010742	9->15->26->7->3->20->24->18->8->19->10->28->6->22->14->4->30->17->13->1->21->12->2->23->29->25->5->16->11->27
30	86110	83396.70622245621	270	1	0.03125405311584473	9->15->26->7->3->20->24->18->8->19->10->28->6->22->14->4->30->17->13->1->21->12->2->23->29->25->5->16->11->27
30	86110	83396.70622245621	270	1	0.04800057411193848	9->15->26->7->3->20->24->18->8->19->10->28->6->22->14->4->30->17->13->1->21->12->2->23->29->25->5->16->11->27
30	86110	83396.70622245621	270	1	0.036568403244018555	9->15->26->7->3->20->24->18->8->19->10->28->6->22->14->4->30->17->13->1->21->12->2->23->29->25->5->16->11->27
30	86110	83396.70622245621	270	1	0.04573202133178711	9->15->26->7->3->20->24->18->8->19->10->28->6->22->14->4->30->17->13->1->21->12->2->23->29->25->5->16->11->27
30	86110	83396.70622245621	270	1	0.04687905311584473	9->15->26->7->3->20->24->18->8->19->10->28->6->22->14->4->30->17->13->1->21->12->2->23->29->25->5->16->11->27
30	86110	83396.70622245621	270	1	0.04687786102294922	9->15->26->7->3->20->24->18->8->19->10->28->6->22->14->4->30->17->13->1->21->12->2->23->29->25->5->16->11->27
30	86110	83396.70622245621	270	1	0.031250715255737305	9->15->26->7->3->20->24->18->8->19->10->28->6->22->14->4->30->17->13->1->21->12->2->23->29->25->5->16->11->27
30	86110	83396.70622245621	270	1	0.04687976837158203	9->15->26->7->3->20->24->18->8->19->10->28->6->22->14->4->30->17->13->1->21->12->2->23->29->25->5->16->11->27
30	86110	83396.70622245621	270	1	0.031249523162841797	9->15->26->7->3->20->24->18->8->19->10->28->6->22->14->4->30->17->13->1->21->12->2->23->29->25->5->16->11->27
30	86110	83396.70622245621	270	1	0.03702497482299805	9->15->26->7->3->20->24->18->8->19->10->28->6->22->14->4->30->17->13->1->21->12->2->23->29->25->5->16->11->27
30	86110	83396.70622245621	270	1	0.03125286102294922	9->15->26->7->3->20->24->18->8->19->10->28->6->22->14->4->30->17->13->1->21->12->2->23->29->25->5->16->11->27
30	86110	83396.70622245621	270	1	0.031250715255737305	9->15->26->7->3->20->24->18->8->19->10->28->6->22->14->4->30->17->13->1->21->12->2->23->29->25->5->16->11->27
30	86110	83396.70622245621	270	1	0.044834136962890625	9->15->26->7->3->20->24->18->8->19->10->28->6->22->14->4->30->17->13->1->21->12->2->23->29->25->5->16->11->27
30	86110	83396.70622245621	270	1	0.031250953674316406	9->15->26->7->3->20->24->18->8->19->10->28->6->22->14->4->30->17->13->1->21->12->2->23->29->25->5->16->11->27
30	86110	83396.70622245621	270	1	0.04785919189453125	9->15->26->7->3->20->24->18->8->19->10->28->6->22->14->4->30->17->13->1->21->12->2->23->29->25->5->16->11->27
30	86110	83396.70622245621	270	1	0.03332781791687012	9->15->26->7->3->20->24->18->8->19->10->28->6->22->14->4->30->17->13->1->21->12->2->23->29->25->5->16->11->27
30	86110	83396.70622245621	270	1	0.02417159080505371	9->15->26->7->3->20->24->18->8->19->10->28->6->22->14->4->30->17->13->1->21->12->2->23->29->25->5->16->11->27
30	86110	83396.70622245621	270	1	0.031250953674316406	9->15->26->7->3->20->24->18->8->19->10->28->6->22->14->4->30->17->13->1->21->12->2->23->29->25->5->16->11->27
30	86110	83396.70622245621	270	1	0.03125143051147461	9->15->26->7->3->20->24->18->8->19->10->28->6->22->14->4->30->17->13->1->21->12->2->23->29->25->5->16->11->27
30	86110	83396.70622245621	270	1	0.03354907035827637	9->15->26->7->3->20->24->18->8->19->10->28->6->22->14->4->30->17->13->1->21->12->2->23->29->25->5->16->11->27
30	86110	83396.70622245621	270	1	0.024671077728271484	9->15->26->7->3->20->24->18->8->19->10->28->6->22->14->4->30->17->13->1->21->12->2->23->29->25->5->16->11->27
30	86110	83396.70622245621	270	1	0.04687952995300293	9->15->26->7->3->20->24->18->8->19->10->28->6->22->14->4->30->17->13->1->21->12->2->23->29->25->5->16->11->27
30	86110	83396.70622245621	270	1	0.03125166893005371	9->15->26->7->3->20->24->18->8->19->10->28->6->22->14->4->30->17->13->1->21->12->2->23->29->25->5->16->11->27
30	86110	83396.70622245621	270	1	0.0271148681640625	9->15->26->7->3->20->24->18->8->19->10->28->6->22->14->4->30->17->13->1->21->12->2->23->29->25->5->16->11->27
30	86110	83396.70622245621	270	1	0.04687762260437012	9->15->26->7->3->20->24->18->8->19->10->28->6->22->14->4->30->17->13->1->21->12->2->23->29->25->5->16->11->27
30	86110	83396.70622245621	270	1	0.03125262260437012	9->15->26->7->3->20->24->18->8->19->10->28->6->22->14->4->30->17->13->1->21->12->2->23->29->25->5->16->11->27
30	86110	83396.70622245621	270	1	0.03125166893005371	9->15->26->7->3->20->24->18->8->19->10->28->6->22->14->4->30->17->13->1->21->12->2->23->29->25->5->16->11->27
30	86110	83396.70622245621	270	1	0.03502368927001953	9->15->26->7->3->20->24->18->8->19->10->28->6->22->14->4->30->17->13->1->21->12->2->23->29->25->5->16->11->27
30	20172	19745.175352044178	600	2	0.14009308815002441	1->15->7->9->26->20->24->19->18->2->8->12->4->28->16->10->3->22->6->30->13->25->23->14->5->21->11->27->17->29
