40	150445	148301.98300850892	2123	0	1.013556957244873	1	
40	150445	148301.98300850892	2108	0	1.0117688179016113	1	
40	150445	148301.98300850892	795	0	0.5000259876251221	1	
40	150445	148301.98300850892	877	0	0.5131185054779053	1	
40	150445	148301.98300850892	596	0	0.5000278949737549	1	
40	150445	148301.98300850892	118	0	0.10110783576965332	1	
40	150445	148301.98300850892	64	0	0.10938191413879395	1	
40	150445	148301.98300850892	61	0	0.10548639297485352	1	
40	150445	148301.98300850892	114	0	0.1093745231628418	1	
40	150445	148301.98300850892	110	0	0.10048818588256836	1	
40	150445	148301.98300850892	92	0	0.10062718391418457	1	
40	150445	148301.98300850892	92	0	0.1037607192993164	1	
40	150445	148301.98300850892	114	0	0.10938215255737305	1	
40	150445	148301.98300850892	118	0	0.10484814643859863	1	
40	150445	148301.98300850892	101	0	0.10320782661437988	1	
40	150445	148301.98300850892	131	0	0.11139225959777832	1	
40	150445	148301.98300850892	118	0	0.10938000679016113	1	
40	150445	148301.98300850892	110	0	0.10318446159362793	1	
40	150445	148301.98300850892	110	0	0.11468386650085449	1	
40	150445	148301.98300850892	118	0	0.10233473777770996	1	
40	150445	148301.98300850892	125	0	0.11380791664123535	1	
40	150445	148301.98300850892	114	0	0.10938096046447754	1	
40	150445	148301.98300850892	121	0	0.11332941055297852	1	
40	150445	148301.98300850892	101	0	0.1002664566040039	1	
40	150445	148301.98300850892	118	0	0.10937762260437012	1	
40	150445	148301.98300850892	106	0	0.10678744316101074	1	
40	150445	148301.98300850892	110	0	0.10938286781311035	1	
40	150445	148301.98300850892	110	0	0.10937976837158203	1	
40	150445	148301.98300850892	114	0	0.10938048362731934	1	
40	150445	148301.98300850892	114	0	0.10938310623168945	1	
40	150445	148301.98300850892	114	0	0.10938143730163574	1	
40	150445	148301.98300850892	118	0	0.1138458251953125	1	
40	150445	148301.98300850892	125	0	0.1130056381225586	1	
40	150445	148301.98300850892	131	0	0.11244893074035645	1	
40	150445	148301.98300850892	114	0	0.10938191413879395	1	
40	150445	148301.98300850892	114	0	0.11182379722595215	1	
40	150445	148301.98300850892	125	0	0.10526561737060547	1	
40	150445	148301.98300850892	114	0	0.10937929153442383	1	
40	149853	148301.98300850892	27119	1	16.198668718338013	1->5->33->25->13->14->8->29->18->31->6->37->32->10->3->24->17->20->34->28->27->9->12->15->26->7->16->40->39->36->23->35->19->22->38->4->11->30->21->2
40	150445	148301.98300850892	2081	0	1.0000531673431396	1	
40	149853	148301.98300850892	27119	1	16.046756982803345	1->5->33->25->13->14->8->29->18->31->6->37->32->10->3->24->17->20->34->28->27->9->12->15->26->7->16->40->39->36->23->35->19->22->38->4->11->30->21->2
40	149853	148301.98300850892	27119	1	16.15480327606201	1->5->33->25->13->14->8->29->18->31->6->37->32->10->3->24->17->20->34->28->27->9->12->15->26->7->16->40->39->36->23->35->19->22->38->4->11->30->21->2
40	32155	31862.335809281227	318935	16	1317.6079378128052	1->5->33->25->22->14->6->9->8->4->18->31->10->23->32->37->29->16->38->20->12->34->28->27->40->26->13->24->11->30->35->21->17->39->2->36->15->3->7->19
