40	98909	97799.88372294372	1884	0	1.0032501220703125	1	
40	98909	97799.88372294372	1871	0	1.0105297565460205	1	
40	98909	97799.88372294372	940	0	0.5087442398071289	1	
40	98909	97799.88372294372	935	0	0.5089361667633057	1	
40	98909	97799.88372294372	953	0	0.5068955421447754	1	
40	98909	97799.88372294372	165	0	0.10966992378234863	1	
40	98909	97799.88372294372	64	0	0.10721540451049805	1	
40	98909	97799.88372294372	147	0	0.10099506378173828	1	
40	98909	97799.88372294372	68	0	0.11114120483398438	1	
40	98909	97799.88372294372	147	0	0.10266518592834473	1	
40	98909	97799.88372294372	175	0	0.11366009712219238	1	
40	98909	97799.88372294372	151	0	0.10011506080627441	1	
40	98909	97799.88372294372	155	0	0.10360860824584961	1	
40	98909	97799.88372294372	165	0	0.11260175704956055	1	
40	98909	97799.88372294372	151	0	0.1087195873260498	1	
40	98909	97799.88372294372	158	0	0.10945296287536621	1	
40	98909	97799.88372294372	147	0	0.10060954093933105	1	
40	98909	97799.88372294372	155	0	0.1004331111907959	1	
40	98909	97799.88372294372	172	0	0.11418938636779785	1	
40	98909	97799.88372294372	151	0	0.10937786102294922	1	
40	98909	97799.88372294372	165	0	0.10937976837158203	1	
40	98909	97799.88372294372	155	0	0.10938239097595215	1	
40	98909	97799.88372294372	165	0	0.10937952995300293	1	
40	98909	97799.88372294372	155	0	0.10530328750610352	1	
40	98909	97799.88372294372	175	0	0.11639904975891113	1	
40	98909	97799.88372294372	158	0	0.11516094207763672	1	
40	98909	97799.88372294372	158	0	0.10938239097595215	1	
40	98909	97799.88372294372	151	0	0.10840845108032227	1	
40	98909	97799.88372294372	179	0	0.11252045631408691	1	
40	98909	97799.88372294372	158	0	0.10938000679016113	1	
40	98909	97799.88372294372	175	0	0.10938191413879395	1	
40	98909	97799.88372294372	147	0	0.1011819839477539	1	
40	98909	97799.88372294372	155	0	0.1093900203704834	1	
40	98909	97799.88372294372	179	0	0.10937857627868652	1	
40	98909	97799.88372294372	158	0	0.11235809326171875	1	
40	98909	97799.88372294372	158	0	0.11173510551452637	1	
40	98909	97799.88372294372	158	0	0.10937833786010742	1	
40	98909	97799.88372294372	155	0	0.10937952995300293	1	
40	98909	97799.88372294372	158	0	0.10938239097595215	1	
40	98616	97799.88372294372	4888	1	2.969590663909912	1->5->2->33->20->10->12->22->30->8->27->9->24->34->38->21->25->16->35->40->18->19->15->13->32->23->3->31->7->29->4->26->28->37->11->17->14->36->39->6
40	98909	97799.88372294372	1867	0	1.000051736831665	1	
40	98616	97799.88372294372	4888	1	2.97586989402771	1->5->2->33->20->10->12->22->30->8->27->9->24->34->38->21->25->16->35->40->18->19->15->13->32->23->3->31->7->29->4->26->28->37->11->17->14->36->39->6
40	98616	97799.88372294372	4888	1	2.9609808921813965	1->5->2->33->20->10->12->22->30->8->27->9->24->34->38->21->25->16->35->40->18->19->15->13->32->23->3->31->7->29->4->26->28->37->11->17->14->36->39->6
40	26034	25823.44553144224	68010	32	64.96643400192261	1->5->2->12->33->20->7->3->10->35->21->22->27->19->25->9->34->26->23->37->30->11->29->38->8->18->13->36->24->16->17->14->32->40->39->15->28->4->6->31
