40	142262	140975.2563809454	1598	0	1.0075838565826416	1	
40	142262	140975.2563809454	1610	0	1.001081943511963	1	
40	142262	140975.2563809454	886	0	0.5142664909362793	1	
40	142262	140975.2563809454	844	0	0.5000255107879639	1	
40	142262	140975.2563809454	864	0	0.5000307559967041	1	
40	142262	140975.2563809454	157	0	0.10430479049682617	1	
40	142262	140975.2563809454	80	0	0.10938191413879395	1	
40	142262	140975.2563809454	153	0	0.10171055793762207	1	
40	142262	140975.2563809454	75	0	0.10418486595153809	1	
40	142262	140975.2563809454	199	0	0.11194682121276855	1	
40	142262	140975.2563809454	160	0	0.11018800735473633	1	
40	142262	140975.2563809454	157	0	0.10938191413879395	1	
40	142262	140975.2563809454	173	0	0.10937857627868652	1	
40	142262	140975.2563809454	153	0	0.10072207450866699	1	
40	142262	140975.2563809454	165	0	0.10084748268127441	1	
40	142262	140975.2563809454	165	0	0.10985755920410156	1	
40	142262	140975.2563809454	165	0	0.11309933662414551	1	
40	142262	140975.2563809454	173	0	0.10040426254272461	1	
40	142262	140975.2563809454	157	0	0.10938382148742676	1	
40	142262	140975.2563809454	153	0	0.10938191413879395	1	
40	142262	140975.2563809454	193	0	0.10938119888305664	1	
40	142262	140975.2563809454	173	0	0.10937905311584473	1	
40	142262	140975.2563809454	160	0	0.10938262939453125	1	
40	142262	140975.2563809454	160	0	0.10937976837158203	1	
40	142262	140975.2563809454	193	0	0.11007452011108398	1	
40	142262	140975.2563809454	165	0	0.10489630699157715	1	
40	142262	140975.2563809454	165	0	0.10938143730163574	1	
40	142262	140975.2563809454	165	0	0.10938024520874023	1	
40	142262	140975.2563809454	165	0	0.10938048362731934	1	
40	142262	140975.2563809454	199	0	0.1142876148223877	1	
40	142262	140975.2563809454	173	0	0.11208772659301758	1	
40	142262	140975.2563809454	180	0	0.10938000679016113	1	
40	142262	140975.2563809454	180	0	0.11068034172058105	1	
40	142262	140975.2563809454	160	0	0.1042180061340332	1	
40	142262	140975.2563809454	199	0	0.10938262939453125	1	
40	142262	140975.2563809454	173	0	0.10937976837158203	1	
40	142262	140975.2563809454	173	0	0.10938167572021484	1	
40	142262	140975.2563809454	153	0	0.10343241691589355	1	
40	142262	140975.2563809454	165	0	0.10603904724121094	1	
40	141882	140975.2563809454	6884	8	5.362663984298706	1->2->5->14->27->35->10->36->24->32->12->37->34->40->4->26->19->11->38->8->20->7->33->18->22->29->21->9->3->6->23->25->28->30->16->39->15->13->17->31
40	142262	140975.2563809454	1615	0	1.0000548362731934	1	
40	141882	140975.2563809454	6884	8	5.3895440101623535	1->2->5->14->27->35->10->36->24->32->12->37->34->40->4->26->19->11->38->8->20->7->33->18->22->29->21->9->3->6->23->25->28->30->16->39->15->13->17->31
40	141882	140975.2563809454	6884	8	5.317557096481323	1->2->5->14->27->35->10->36->24->32->12->37->34->40->4->26->19->11->38->8->20->7->33->18->22->29->21->9->3->6->23->25->28->30->16->39->15->13->17->31
40	32724	32581.10242825748	16301	864	6.631435394287109	1->5->2->12->27->9->35->13->26->39->10->32->36->37->17->24->40->21->4->11->14->28->20->16->19->29->7->34->25->15->23->38->22->31->6->8->30->18->3->33
