40	115690	115502.95652173914	205	1	0.11285519599914551	1->13->9->30->18->20->11->17->27->40->19->7->22->31->39->34->16->12->21->8->26->32->15->24->25->4->2->35->5->38->28->10->3->37->6->29->36->14->23->33
40	115690	115502.95652173914	205	1	0.13532376289367676	1->13->9->30->18->20->11->17->27->40->19->7->22->31->39->34->16->12->21->8->26->32->15->24->25->4->2->35->5->38->28->10->3->37->6->29->36->14->23->33
40	115690	115502.95652173914	205	1	0.14063334465026855	1->13->9->30->18->20->11->17->27->40->19->7->22->31->39->34->16->12->21->8->26->32->15->24->25->4->2->35->5->38->28->10->3->37->6->29->36->14->23->33
40	115690	115502.95652173914	205	1	0.14063048362731934	1->13->9->30->18->20->11->17->27->40->19->7->22->31->39->34->16->12->21->8->26->32->15->24->25->4->2->35->5->38->28->10->3->37->6->29->36->14->23->33
40	115690	115502.95652173914	205	1	0.14171314239501953	1->13->9->30->18->20->11->17->27->40->19->7->22->31->39->34->16->12->21->8->26->32->15->24->25->4->2->35->5->38->28->10->3->37->6->29->36->14->23->33
40	115790	115502.95652173914	113	0	0.10586333274841309	1	
40	115790	115502.95652173914	65	0	0.10759711265563965	1	
40	115790	115502.95652173914	59	0	0.10737895965576172	1	
40	115790	115502.95652173914	99	0	0.10884547233581543	1	
40	115790	115502.95652173914	96	0	0.10036492347717285	1	
40	115790	115502.95652173914	103	0	0.10984921455383301	1	
40	115790	115502.95652173914	105	0	0.10100507736206055	1	
40	115790	115502.95652173914	103	0	0.10938143730163574	1	
40	115790	115502.95652173914	94	0	0.10097551345825195	1	
40	115790	115502.95652173914	97	0	0.10048818588256836	1	
40	115790	115502.95652173914	101	0	0.10938167572021484	1	
40	115790	115502.95652173914	103	0	0.10937952995300293	1	
40	115790	115502.95652173914	97	0	0.1117703914642334	1	
40	115790	115502.95652173914	103	0	0.10232686996459961	1	
40	115790	115502.95652173914	96	0	0.10075616836547852	1	
40	115790	115502.95652173914	99	0	0.1108560562133789	1	
40	115790	115502.95652173914	103	0	0.11067509651184082	1	
40	115790	115502.95652173914	103	0	0.10938024520874023	1	
40	115790	115502.95652173914	108	0	0.1155850887298584	1	
40	115790	115502.95652173914	117	0	0.1112511157989502	1	
40	115790	115502.95652173914	108	0	0.10938072204589844	1	
40	115790	115502.95652173914	101	0	0.10937833786010742	1	
40	115790	115502.95652173914	92	0	0.10937952995300293	1	
40	115790	115502.95652173914	103	0	0.10938167572021484	1	
40	115790	115502.95652173914	117	0	0.10938143730163574	1	
40	115790	115502.95652173914	103	0	0.10937929153442383	1	
40	115790	115502.95652173914	97	0	0.10340046882629395	1	
40	115790	115502.95652173914	103	0	0.10938000679016113	1	
40	115790	115502.95652173914	136	0	0.11762523651123047	1	
40	115790	115502.95652173914	99	0	0.10938143730163574	1	
40	115790	115502.95652173914	77	0	0.1000661849975586	1	
40	115790	115502.95652173914	99	0	0.10589718818664551	1	
40	115790	115502.95652173914	103	0	0.10306906700134277	1	
40	115690	115502.95652173914	205	1	0.12500572204589844	1->13->9->30->18->20->11->17->27->40->19->7->22->31->39->34->16->12->21->8->26->32->15->24->25->4->2->35->5->38->28->10->3->37->6->29->36->14->23->33
40	115690	115502.95652173914	205	1	0.12500739097595215	1->13->9->30->18->20->11->17->27->40->19->7->22->31->39->34->16->12->21->8->26->32->15->24->25->4->2->35->5->38->28->10->3->37->6->29->36->14->23->33
40	115690	115502.95652173914	205	1	0.12808561325073242	1->13->9->30->18->20->11->17->27->40->19->7->22->31->39->34->16->12->21->8->26->32->15->24->25->4->2->35->5->38->28->10->3->37->6->29->36->14->23->33
40	24034	23925.076579716555	1023	24	0.4783205986022949	1->13->9->30->18->20->21->11->17->27->22->19->40->7->35->28->31->15->39->34->16->3->32->24->12->23->10->26->8->33->25->5->36->4->14->6->2->38->37->29
