40	115690	115320.75776397515	249	1	0.18340468406677246	1->13->9->30->18->20->11->17->27->40->19->7->22->31->39->34->16->12->21->8->26->32->15->24->25->4->2->35->5->38->28->10->3->37->6->29->36->14->23->33
40	115690	115320.75776397515	249	1	0.18750691413879395	1->13->9->30->18->20->11->17->27->40->19->7->22->31->39->34->16->12->21->8->26->32->15->24->25->4->2->35->5->38->28->10->3->37->6->29->36->14->23->33
40	115690	115320.75776397515	249	1	0.18751001358032227	1->13->9->30->18->20->11->17->27->40->19->7->22->31->39->34->16->12->21->8->26->32->15->24->25->4->2->35->5->38->28->10->3->37->6->29->36->14->23->33
40	115690	115320.75776397515	249	1	0.18750977516174316	1->13->9->30->18->20->11->17->27->40->19->7->22->31->39->34->16->12->21->8->26->32->15->24->25->4->2->35->5->38->28->10->3->37->6->29->36->14->23->33
40	115690	115320.75776397515	249	1	0.18751001358032227	1->13->9->30->18->20->11->17->27->40->19->7->22->31->39->34->16->12->21->8->26->32->15->24->25->4->2->35->5->38->28->10->3->37->6->29->36->14->23->33
40	115790	115320.75776397515	117	0	0.10300183296203613	1	
40	115790	115320.75776397515	62	0	0.10085010528564453	1	
40	115790	115320.75776397515	104	0	0.10221362113952637	1	
40	115790	115320.75776397515	64	0	0.10733699798583984	1	
40	115790	115320.75776397515	106	0	0.10221195220947266	1	
40	115790	115320.75776397515	117	0	0.10937976837158203	1	
40	115790	115320.75776397515	99	0	0.10112953186035156	1	
40	115790	115320.75776397515	112	0	0.10938286781311035	1	
40	115790	115320.75776397515	104	0	0.10021328926086426	1	
40	115790	115320.75776397515	112	0	0.10186290740966797	1	
40	115790	115320.75776397515	126	0	0.11463117599487305	1	
40	115790	115320.75776397515	112	0	0.10399317741394043	1	
40	115790	115320.75776397515	117	0	0.10938143730163574	1	
40	115790	115320.75776397515	106	0	0.10937976837158203	1	
40	115790	115320.75776397515	106	0	0.10938000679016113	1	
40	115790	115320.75776397515	114	0	0.1106414794921875	1	
40	115790	115320.75776397515	104	0	0.10210037231445312	1	
40	115790	115320.75776397515	117	0	0.10937881469726562	1	
40	115790	115320.75776397515	117	0	0.10937929153442383	1	
40	115790	115320.75776397515	106	0	0.10026884078979492	1	
40	115790	115320.75776397515	112	0	0.10938143730163574	1	
40	115790	115320.75776397515	112	0	0.10938906669616699	1	
40	115790	115320.75776397515	112	0	0.10938167572021484	1	
40	115790	115320.75776397515	112	0	0.10937857627868652	1	
40	115790	115320.75776397515	112	0	0.10722470283508301	1	
40	115790	115320.75776397515	123	0	0.10937833786010742	1	
40	115790	115320.75776397515	112	0	0.10534977912902832	1	
40	115790	115320.75776397515	112	0	0.10938191413879395	1	
40	115790	115320.75776397515	123	0	0.10596275329589844	1	
40	115790	115320.75776397515	112	0	0.10938072204589844	1	
40	115790	115320.75776397515	106	0	0.1025993824005127	1	
40	115790	115320.75776397515	112	0	0.10677313804626465	1	
40	115790	115320.75776397515	114	0	0.10033917427062988	1	
40	115790	115320.75776397515	112	0	0.10938119888305664	1	
40	115690	115320.75776397515	249	1	0.18751072883605957	1->13->9->30->18->20->11->17->27->40->19->7->22->31->39->34->16->12->21->8->26->32->15->24->25->4->2->35->5->38->28->10->3->37->6->29->36->14->23->33
40	115690	115320.75776397515	249	1	0.18750834465026855	1->13->9->30->18->20->11->17->27->40->19->7->22->31->39->34->16->12->21->8->26->32->15->24->25->4->2->35->5->38->28->10->3->37->6->29->36->14->23->33
40	115690	115320.75776397515	249	1	0.18751096725463867	1->13->9->30->18->20->11->17->27->40->19->7->22->31->39->34->16->12->21->8->26->32->15->24->25->4->2->35->5->38->28->10->3->37->6->29->36->14->23->33
40	115690	115320.75776397515	249	1	0.18212294578552246	1->13->9->30->18->20->11->17->27->40->19->7->22->31->39->34->16->12->21->8->26->32->15->24->25->4->2->35->5->38->28->10->3->37->6->29->36->14->23->33
40	24034	23894.808049134987	2930	24	1.6881296634674072	1->13->9->30->18->20->21->11->17->27->22->19->40->7->35->28->31->15->39->34->32->16->3->24->12->23->10->8->26->25->33->5->36->4->14->6->2->38->37->29
