40	98616	98091.12796536797	747	1	0.44077634811401367	1->5->2->33->20->10->12->22->30->8->27->9->24->34->38->21->25->16->35->40->18->19->15->13->32->23->3->31->7->29->4->26->28->37->11->17->14->36->39->6
40	98616	98091.12796536797	747	1	0.43752264976501465	1->5->2->33->20->10->12->22->30->8->27->9->24->34->38->21->25->16->35->40->18->19->15->13->32->23->3->31->7->29->4->26->28->37->11->17->14->36->39->6
40	98616	98091.12796536797	747	1	0.44725847244262695	1->5->2->33->20->10->12->22->30->8->27->9->24->34->38->21->25->16->35->40->18->19->15->13->32->23->3->31->7->29->4->26->28->37->11->17->14->36->39->6
40	98616	98091.12796536797	747	1	0.44443273544311523	1->5->2->33->20->10->12->22->30->8->27->9->24->34->38->21->25->16->35->40->18->19->15->13->32->23->3->31->7->29->4->26->28->37->11->17->14->36->39->6
40	98616	98091.12796536797	747	1	0.44202399253845215	1->5->2->33->20->10->12->22->30->8->27->9->24->34->38->21->25->16->35->40->18->19->15->13->32->23->3->31->7->29->4->26->28->37->11->17->14->36->39->6
40	98909	98091.12796536797	143	0	0.11389613151550293	1	
40	98909	98091.12796536797	58	0	0.10294938087463379	1	
40	98909	98091.12796536797	67	0	0.10423970222473145	1	
40	98909	98091.12796536797	132	0	0.10200285911560059	1	
40	98909	98091.12796536797	129	0	0.10340118408203125	1	
40	98909	98091.12796536797	151	0	0.11294817924499512	1	
40	98909	98091.12796536797	140	0	0.10938191413879395	1	
40	98909	98091.12796536797	136	0	0.10396480560302734	1	
40	98909	98091.12796536797	136	0	0.10938143730163574	1	
40	98909	98091.12796536797	143	0	0.10405540466308594	1	
40	98909	98091.12796536797	136	0	0.10938167572021484	1	
40	98909	98091.12796536797	124	0	0.10318803787231445	1	
40	98909	98091.12796536797	129	0	0.10262346267700195	1	
40	98909	98091.12796536797	136	0	0.10938119888305664	1	
40	98909	98091.12796536797	143	0	0.10938072204589844	1	
40	98909	98091.12796536797	140	0	0.10938143730163574	1	
40	98909	98091.12796536797	154	0	0.10938167572021484	1	
40	98909	98091.12796536797	143	0	0.10938000679016113	1	
40	98909	98091.12796536797	132	0	0.1002659797668457	1	
40	98909	98091.12796536797	136	0	0.10416388511657715	1	
40	98909	98091.12796536797	140	0	0.10938167572021484	1	
40	98909	98091.12796536797	140	0	0.11108684539794922	1	
40	98909	98091.12796536797	140	0	0.10937976837158203	1	
40	98909	98091.12796536797	136	0	0.10938167572021484	1	
40	98909	98091.12796536797	151	0	0.10938191413879395	1	
40	98909	98091.12796536797	143	0	0.10874629020690918	1	
40	98909	98091.12796536797	143	0	0.10937881469726562	1	
40	98909	98091.12796536797	148	0	0.11294913291931152	1	
40	98909	98091.12796536797	143	0	0.1068565845489502	1	
40	98909	98091.12796536797	132	0	0.10457205772399902	1	
40	98909	98091.12796536797	140	0	0.10937976837158203	1	
40	98909	98091.12796536797	140	0	0.10938191413879395	1	
40	98909	98091.12796536797	143	0	0.1004495620727539	1	
40	98616	98091.12796536797	747	1	0.42189788818359375	1->5->2->33->20->10->12->22->30->8->27->9->24->34->38->21->25->16->35->40->18->19->15->13->32->23->3->31->7->29->4->26->28->37->11->17->14->36->39->6
40	98616	98091.12796536797	747	1	0.43752312660217285	1->5->2->33->20->10->12->22->30->8->27->9->24->34->38->21->25->16->35->40->18->19->15->13->32->23->3->31->7->29->4->26->28->37->11->17->14->36->39->6
40	98616	98091.12796536797	747	1	0.435291051864624	1->5->2->33->20->10->12->22->30->8->27->9->24->34->38->21->25->16->35->40->18->19->15->13->32->23->3->31->7->29->4->26->28->37->11->17->14->36->39->6
40	26034	25881.4146872864	8324	32	1.9803259372711182	1->5->2->12->33->20->7->3->10->35->22->21->27->19->25->9->34->26->23->37->30->11->29->38->8->18->13->36->24->16->17->14->32->40->39->15->28->4->6->31
