40	164190	149607.67679133255	3148	0	1.0007336139678955	1	
40	164190	149607.67679133255	3187	0	1.0030286312103271	1	
40	164190	149607.67679133255	1562	0	0.5111510753631592	1	
40	164190	149607.67679133255	1487	0	0.5049562454223633	1	
40	164190	149607.67679133255	1382	0	0.5005302429199219	1	
40	164190	149607.67679133255	257	0	0.10938096046447754	1	
40	164190	149607.67679133255	111	0	0.11988186836242676	1	
40	164190	149607.67679133255	91	0	0.10070562362670898	1	
40	164190	149607.67679133255	257	0	0.11138224601745605	1	
40	164190	149607.67679133255	257	0	0.10651898384094238	1	
40	164190	149607.67679133255	191	0	0.10093927383422852	1	
40	164190	149607.67679133255	257	0	0.10122084617614746	1	
40	164190	149607.67679133255	257	0	0.10938072204589844	1	
40	164190	149607.67679133255	283	0	0.11266660690307617	1	
40	164190	149607.67679133255	272	0	0.10196733474731445	1	
40	164190	149607.67679133255	218	0	0.1009519100189209	1	
40	164190	149607.67679133255	218	0	0.10165929794311523	1	
40	164190	149607.67679133255	257	0	0.10937786102294922	1	
40	164190	149607.67679133255	233	0	0.10938191413879395	1	
40	164190	149607.67679133255	283	0	0.10937952995300293	1	
40	164190	149607.67679133255	293	0	0.11350727081298828	1	
40	164190	149607.67679133255	218	0	0.10085916519165039	1	
40	164190	149607.67679133255	293	0	0.10937952995300293	1	
40	164190	149607.67679133255	257	0	0.10027098655700684	1	
40	164190	149607.67679133255	245	0	0.10162782669067383	1	
40	164190	149607.67679133255	233	0	0.10938143730163574	1	
40	164190	149607.67679133255	257	0	0.11556363105773926	1	
40	164190	149607.67679133255	283	0	0.10938167572021484	1	
40	164190	149607.67679133255	245	0	0.10938119888305664	1	
40	164190	149607.67679133255	233	0	0.10938167572021484	1	
40	164190	149607.67679133255	245	0	0.10938024520874023	1	
40	164190	149607.67679133255	245	0	0.10586047172546387	1	
40	164190	149607.67679133255	245	0	0.10938143730163574	1	
40	164190	149607.67679133255	293	0	0.10937881469726562	1	
40	164190	149607.67679133255	150	0	0.10938096046447754	1	
40	164190	149607.67679133255	245	0	0.10938024520874023	1	
40	164190	149607.67679133255	283	0	0.10416889190673828	1	
40	164190	149607.67679133255	218	0	0.10306930541992188	1	
40	153493	149607.67679133255	65001	1	63.93181920051575	7->1->38->5->30->23->15->14->11->9->4->31->21->16->32->24->40->22->34->27->28->39->37->36->19->10->33->20->17->29->2->6->12->35->18->13->26->8->3->25
40	164190	149607.67679133255	3160	0	1.0000531673431396	1	
40	153493	149607.67679133255	65001	1	66.10974097251892	7->1->38->5->30->23->15->14->11->9->4->31->21->16->32->24->40->22->34->27->28->39->37->36->19->10->33->20->17->29->2->6->12->35->18->13->26->8->3->25
40	33544	33406.12475848814	17955	8	7.908288955688477	1->7->3->5->38->15->23->14->11->12->10->17->21->31->4->27->24->20->40->22->32->16->28->30->33->36->37->39->25->9->18->34->13->29->26->35->2->8->19->6
