40	95314	93917.10606943216	1376	0	1.0140776634216309	1	
40	95314	93917.10606943216	1393	0	1.0152149200439453	1	
40	95314	93917.10606943216	692	0	0.5108566284179688	1	
40	95314	93917.10606943216	697	0	0.5111465454101562	1	
40	95314	93917.10606943216	707	0	0.5000262260437012	1	
40	95314	93917.10606943216	162	0	0.11465096473693848	1	
40	95314	93917.10606943216	72	0	0.10453987121582031	1	
40	95314	93917.10606943216	186	0	0.11525797843933105	1	
40	95314	93917.10606943216	83	0	0.11034464836120605	1	
40	95314	93917.10606943216	162	0	0.10938024520874023	1	
40	95314	93917.10606943216	149	0	0.10938096046447754	1	
40	95314	93917.10606943216	171	0	0.1136627197265625	1	
40	95314	93917.10606943216	144	0	0.1005866527557373	1	
40	95314	93917.10606943216	167	0	0.1134490966796875	1	
40	95314	93917.10606943216	133	0	0.10165095329284668	1	
40	95314	93917.10606943216	156	0	0.1064448356628418	1	
40	95314	93917.10606943216	162	0	0.10938191413879395	1	
40	95314	93917.10606943216	149	0	0.10104155540466309	1	
40	95314	93917.10606943216	138	0	0.10453939437866211	1	
40	95314	93917.10606943216	149	0	0.10938072204589844	1	
40	95314	93917.10606943216	144	0	0.10938072204589844	1	
40	95314	93917.10606943216	175	0	0.10937976837158203	1	
40	95314	93917.10606943216	156	0	0.11231327056884766	1	
40	95314	93917.10606943216	149	0	0.1021127700805664	1	
40	95314	93917.10606943216	167	0	0.1002657413482666	1	
40	95314	93917.10606943216	162	0	0.10938334465026855	1	
40	95314	93917.10606943216	162	0	0.11068534851074219	1	
40	95314	93917.10606943216	162	0	0.11096835136413574	1	
40	95314	93917.10606943216	167	0	0.10829043388366699	1	
40	95314	93917.10606943216	138	0	0.10938167572021484	1	
40	95314	93917.10606943216	144	0	0.10212540626525879	1	
40	95314	93917.10606943216	156	0	0.10938119888305664	1	
40	95314	93917.10606943216	167	0	0.10937762260437012	1	
40	95314	93917.10606943216	162	0	0.10937952995300293	1	
40	95314	93917.10606943216	156	0	0.10921168327331543	1	
40	95314	93917.10606943216	156	0	0.10938096046447754	1	
40	95314	93917.10606943216	171	0	0.10937952995300293	1	
40	95314	93917.10606943216	162	0	0.10937857627868652	1	
40	95314	93917.10606943216	149	0	0.10145139694213867	1	
40	95003	93917.10606943216	18279	4	31.6447970867157	17->5->37->6->9->16->3->22->7->19->11->34->33->27->35->40->29->23->25->26->21->13->14->18->30->8->10->38->2->1->31->28->20->36->39->4->15->24->12->32
40	95314	93917.10606943216	1376	0	1.0064406394958496	1	
40	95003	93917.10606943216	18279	4	31.156671285629272	17->5->37->6->9->16->3->22->7->19->11->34->33->27->35->40->29->23->25->26->21->13->14->18->30->8->10->38->2->1->31->28->20->36->39->4->15->24->12->32
40	95003	93917.10606943216	18279	4	31.247894048690796	17->5->37->6->9->16->3->22->7->19->11->34->33->27->35->40->29->23->25->26->21->13->14->18->30->8->10->38->2->1->31->28->20->36->39->4->15->24->12->32
40	32073	31655.55417042769	697636	0	1800.0224792957306	1	
