40	149966	132025.2459966432	8406	0	1.0147361755371094	1	
40	149966	132025.2459966432	8406	0	1.012392520904541	1	
40	149966	132025.2459966432	4103	0	0.5000245571136475	1	
40	149966	132025.2459966432	3957	0	0.5000269412994385	1	
40	149966	132025.2459966432	4103	0	0.5000271797180176	1	
40	149966	132025.2459966432	640	0	0.10234761238098145	1	
40	149966	132025.2459966432	311	0	0.10258984565734863	1	
40	149966	132025.2459966432	668	0	0.10051846504211426	1	
40	149966	132025.2459966432	311	0	0.10937881469726562	1	
40	149966	132025.2459966432	640	0	0.10133576393127441	1	
40	149966	132025.2459966432	668	0	0.10063672065734863	1	
40	149966	132025.2459966432	614	0	0.1023862361907959	1	
40	149966	132025.2459966432	809	0	0.10834360122680664	1	
40	149966	132025.2459966432	724	0	0.10938000679016113	1	
40	149966	132025.2459966432	640	0	0.10938239097595215	1	
40	149966	132025.2459966432	640	0	0.10123467445373535	1	
40	149966	132025.2459966432	696	0	0.10501933097839355	1	
40	149966	132025.2459966432	640	0	0.10122370719909668	1	
40	149966	132025.2459966432	586	0	0.10052680969238281	1	
40	149966	132025.2459966432	614	0	0.10324358940124512	1	
40	149966	132025.2459966432	724	0	0.10938096046447754	1	
40	149966	132025.2459966432	809	0	0.10938024520874023	1	
40	149966	132025.2459966432	614	0	0.1002969741821289	1	
40	149966	132025.2459966432	724	0	0.10938358306884766	1	
40	149966	132025.2459966432	640	0	0.10027146339416504	1	
40	149966	132025.2459966432	696	0	0.10938048362731934	1	
40	149966	132025.2459966432	724	0	0.1119389533996582	1	
40	149966	132025.2459966432	668	0	0.10938143730163574	1	
40	149966	132025.2459966432	696	0	0.10938096046447754	1	
40	149966	132025.2459966432	809	0	0.10937976837158203	1	
40	149966	132025.2459966432	696	0	0.10938024520874023	1	
40	149966	132025.2459966432	696	0	0.10938119888305664	1	
40	149966	132025.2459966432	724	0	0.10938096046447754	1	
40	149966	132025.2459966432	809	0	0.10938048362731934	1	
40	149966	132025.2459966432	724	0	0.10938024520874023	1	
40	149966	132025.2459966432	752	0	0.10938215255737305	1	
40	149966	132025.2459966432	780	0	0.10938048362731934	1	
40	149966	132025.2459966432	696	0	0.10938167572021484	1	
40	149966	132025.2459966432	809	0	0.10938048362731934	1	
40	133484	132025.2459966432	31439	2	14.281280994415283	11->2->8->9->3->6->26->30->35->24->31->37->28->33->22->36->18->13->34->12->16->20->5->27->7->15->40->23->10->29->1->17->4->21->14->19->39->32->25->38
40	149966	132025.2459966432	8350	0	1.001537561416626	1	
40	133484	132025.2459966432	31439	2	14.29637360572815	11->2->8->9->3->6->26->30->35->24->31->37->28->33->22->36->18->13->34->12->16->20->5->27->7->15->40->23->10->29->1->17->4->21->14->19->39->32->25->38
40	133484	132025.2459966432	31439	2	14.327577352523804	11->2->8->9->3->6->26->30->35->24->31->37->28->33->22->36->18->13->34->12->16->20->5->27->7->15->40->23->10->29->1->17->4->21->14->19->39->32->25->38
40	29175	28984.931448371448	17735	192	5.229496240615845	11->2->8->9->35->3->21->26->16->6->31->28->37->24->33->30->15->14->23->20->10->19->32->18->13->36->5->39->22->25->12->40->34->17->4->38->7->27->29->1
