40	150445	148793.4377720875	2103	0	1.0089592933654785	1	
40	150445	148793.4377720875	2130	0	1.008772373199463	1	
40	150445	148793.4377720875	851	0	0.5125312805175781	1	
40	150445	148793.4377720875	854	0	0.5152897834777832	1	
40	150445	148793.4377720875	708	0	0.5009233951568604	1	
40	150445	148793.4377720875	107	0	0.10938215255737305	1	
40	150445	148793.4377720875	55	0	0.10441040992736816	1	
40	150445	148793.4377720875	53	0	0.10097432136535645	1	
40	150445	148793.4377720875	91	0	0.11096882820129395	1	
40	150445	148793.4377720875	91	0	0.10999536514282227	1	
40	150445	148793.4377720875	91	0	0.1008768081665039	1	
40	150445	148793.4377720875	96	0	0.10214924812316895	1	
40	150445	148793.4377720875	99	0	0.1010434627532959	1	
40	150445	148793.4377720875	112	0	0.11565303802490234	1	
40	150445	148793.4377720875	96	0	0.1109471321105957	1	
40	150445	148793.4377720875	96	0	0.1056966781616211	1	
40	150445	148793.4377720875	91	0	0.10042119026184082	1	
40	150445	148793.4377720875	96	0	0.10103940963745117	1	
40	150445	148793.4377720875	82	0	0.10165834426879883	1	
40	150445	148793.4377720875	120	0	0.11477851867675781	1	
40	150445	148793.4377720875	91	0	0.10344862937927246	1	
40	150445	148793.4377720875	112	0	0.10926985740661621	1	
40	150445	148793.4377720875	99	0	0.10938358306884766	1	
40	150445	148793.4377720875	91	0	0.10001707077026367	1	
40	150445	148793.4377720875	99	0	0.10307002067565918	1	
40	150445	148793.4377720875	99	0	0.10938096046447754	1	
40	150445	148793.4377720875	99	0	0.10087800025939941	1	
40	150445	148793.4377720875	103	0	0.10938167572021484	1	
40	150445	148793.4377720875	112	0	0.10938096046447754	1	
40	150445	148793.4377720875	82	0	0.10300946235656738	1	
40	150445	148793.4377720875	103	0	0.11313796043395996	1	
40	150445	148793.4377720875	103	0	0.10938286781311035	1	
40	150445	148793.4377720875	116	0	0.11321258544921875	1	
40	150445	148793.4377720875	99	0	0.10991835594177246	1	
40	150445	148793.4377720875	103	0	0.10937929153442383	1	
40	150445	148793.4377720875	96	0	0.10937929153442383	1	
40	150445	148793.4377720875	99	0	0.11288118362426758	1	
40	150445	148793.4377720875	87	0	0.10337257385253906	1	
40	149853	148793.4377720875	9202	1	4.145249366760254	1->5->33->25->13->14->8->29->18->31->6->37->32->10->3->24->17->20->34->28->27->9->12->15->26->7->16->40->39->36->23->35->19->22->38->4->11->30->21->2
40	150445	148793.4377720875	2151	0	1.0123522281646729	1	
40	149853	148793.4377720875	9202	1	4.210072994232178	1->5->33->25->13->14->8->29->18->31->6->37->32->10->3->24->17->20->34->28->27->9->12->15->26->7->16->40->39->36->23->35->19->22->38->4->11->30->21->2
40	32155	31954.0109432913	52839	16	68.95910573005676	1->5->33->25->22->14->6->9->8->4->18->31->10->23->32->37->29->16->38->20->12->34->28->27->40->26->13->24->11->30->35->21->17->2->39->36->15->3->7->19
