40	154831	152307.72737912252	2184	0	1.0114812850952148	1	
40	154831	152307.72737912252	2160	0	1.0004878044128418	1	
40	154831	152307.72737912252	973	0	0.5003163814544678	1	
40	154831	152307.72737912252	965	0	0.5136222839355469	1	
40	154831	152307.72737912252	960	0	0.5001487731933594	1	
40	154831	152307.72737912252	143	0	0.1114339828491211	1	
40	154831	152307.72737912252	76	0	0.10262298583984375	1	
40	154831	152307.72737912252	139	0	0.11437177658081055	1	
40	154831	152307.72737912252	80	0	0.10294508934020996	1	
40	154831	152307.72737912252	124	0	0.1109163761138916	1	
40	154831	152307.72737912252	132	0	0.11003637313842773	1	
40	154831	152307.72737912252	132	0	0.11553120613098145	1	
40	154831	152307.72737912252	139	0	0.11297869682312012	1	
40	154831	152307.72737912252	120	0	0.10045862197875977	1	
40	154831	152307.72737912252	116	0	0.1008458137512207	1	
40	154831	152307.72737912252	128	0	0.10938286781311035	1	
40	154831	152307.72737912252	135	0	0.10732769966125488	1	
40	154831	152307.72737912252	132	0	0.10200285911560059	1	
40	154831	152307.72737912252	132	0	0.11208534240722656	1	
40	154831	152307.72737912252	128	0	0.10938072204589844	1	
40	154831	152307.72737912252	135	0	0.10713839530944824	1	
40	154831	152307.72737912252	128	0	0.10938191413879395	1	
40	154831	152307.72737912252	124	0	0.10520219802856445	1	
40	154831	152307.72737912252	128	0	0.10937833786010742	1	
40	154831	152307.72737912252	120	0	0.10026144981384277	1	
40	154831	152307.72737912252	128	0	0.10938143730163574	1	
40	154831	152307.72737912252	128	0	0.10938286781311035	1	
40	154831	152307.72737912252	128	0	0.10938000679016113	1	
40	154831	152307.72737912252	128	0	0.10938143730163574	1	
40	154831	152307.72737912252	124	0	0.11165452003479004	1	
40	154831	152307.72737912252	128	0	0.10938072204589844	1	
40	154831	152307.72737912252	128	0	0.10967135429382324	1	
40	154831	152307.72737912252	135	0	0.10426664352416992	1	
40	154831	152307.72737912252	128	0	0.10938119888305664	1	
40	154831	152307.72737912252	128	0	0.10938167572021484	1	
40	154831	152307.72737912252	139	0	0.10938024520874023	1	
40	154831	152307.72737912252	116	0	0.10254716873168945	1	
40	154831	152307.72737912252	128	0	0.11295604705810547	1	
40	154831	152307.72737912252	128	0	0.10938048362731934	1	
40	154116	152307.72737912252	341953	1	1637.7291700839996	1->29->20->9->3->32->27->21->40->30->18->37->12->24->6->28->10->16->23->39->14->5->22->26->36->11->31->17->4->8->33->25->34->2->35->19->7->38->15->13
40	154831	152307.72737912252	2206	0	1.009375810623169	1	
40	154116	152307.72737912252	341953	1	1640.0007960796356	1->29->20->9->3->32->27->21->40->30->18->37->12->24->6->28->10->16->23->39->14->5->22->26->36->11->31->17->4->8->33->25->34->2->35->19->7->38->15->13
40	154116	152307.72737912252	341953	1	1650.7806951999664	1->29->20->9->3->32->27->21->40->30->18->37->12->24->6->28->10->16->23->39->14->5->22->26->36->11->31->17->4->8->33->25->34->2->35->19->7->38->15->13
40	34263	33941.1224214628	768197	0	1800.0244772434235	1	
