40	133681	128595.61981494533	1973	0	1.0023291110992432	1	
40	133681	128595.61981494533	1993	0	1.0075628757476807	1	
40	133681	128595.61981494533	824	0	0.500028133392334	1	
40	133681	128595.61981494533	815	0	0.5113434791564941	1	
40	133681	128595.61981494533	824	0	0.5023365020751953	1	
40	133681	128595.61981494533	154	0	0.10120820999145508	1	
40	133681	128595.61981494533	95	0	0.10132360458374023	1	
40	133681	128595.61981494533	95	0	0.10031008720397949	1	
40	133681	128595.61981494533	174	0	0.10068202018737793	1	
40	133681	128595.61981494533	162	0	0.11212420463562012	1	
40	133681	128595.61981494533	162	0	0.10054612159729004	1	
40	133681	128595.61981494533	179	0	0.10361623764038086	1	
40	133681	128595.61981494533	154	0	0.10233354568481445	1	
40	133681	128595.61981494533	145	0	0.10091996192932129	1	
40	133681	128595.61981494533	166	0	0.10376381874084473	1	
40	133681	128595.61981494533	184	0	0.10994577407836914	1	
40	133681	128595.61981494533	193	0	0.11412382125854492	1	
40	133681	128595.61981494533	166	0	0.10081076622009277	1	
40	133681	128595.61981494533	184	0	0.11535501480102539	1	
40	133681	128595.61981494533	174	0	0.10938239097595215	1	
40	133681	128595.61981494533	166	0	0.10945343971252441	1	
40	133681	128595.61981494533	179	0	0.10390949249267578	1	
40	133681	128595.61981494533	184	0	0.10937952995300293	1	
40	133681	128595.61981494533	162	0	0.1002657413482666	1	
40	133681	128595.61981494533	179	0	0.10681033134460449	1	
40	133681	128595.61981494533	140	0	0.10118913650512695	1	
40	133681	128595.61981494533	166	0	0.10938215255737305	1	
40	133681	128595.61981494533	179	0	0.11390328407287598	1	
40	133681	128595.61981494533	179	0	0.10938072204589844	1	
40	133681	128595.61981494533	162	0	0.10938024520874023	1	
40	133681	128595.61981494533	174	0	0.10938096046447754	1	
40	133681	128595.61981494533	166	0	0.10938191413879395	1	
40	133681	128595.61981494533	184	0	0.10938000679016113	1	
40	133681	128595.61981494533	174	0	0.10938286781311035	1	
40	133681	128595.61981494533	121	0	0.11084294319152832	1	
40	133681	128595.61981494533	166	0	0.10938119888305664	1	
40	133681	128595.61981494533	166	0	0.10204339027404785	1	
40	133681	128595.61981494533	162	0	0.1000664234161377	1	
40	130728	128595.61981494533	153013	1	330.92864775657654	1->14->4->16->35->13->22->18->29->12->2->25->11->37->20->33->23->34->6->15->36->9->39->17->21->27->31->40->3->32->24->30->7->10->5->38->28->26->8->19
40	133681	128595.61981494533	2039	0	1.0000522136688232	1	
40	130728	128595.61981494533	153013	1	338.51729583740234	1->14->4->16->35->13->22->18->29->12->2->25->11->37->20->33->23->34->6->15->36->9->39->17->21->27->31->40->3->32->24->30->7->10->5->38->28->26->8->19
40	36918	36755.52850952558	60321	8	59.36869478225708	1->13->14->4->3->16->10->6->35->18->11->12->40->5->25->38->20->36->29->23->34->37->30->27->28->39->21->33->9->2->26->8->19->22->7->32->15->24->17->31
