40	149966	132435.1371515661	8525	0	1.002720832824707	1	
40	149966	132435.1371515661	8495	0	1.007659673690796	1	
40	149966	132435.1371515661	4443	0	0.5090153217315674	1	
40	149966	132435.1371515661	4155	0	0.5000250339508057	1	
40	149966	132435.1371515661	4330	0	0.5136306285858154	1	
40	149966	132435.1371515661	662	0	0.10106110572814941	1	
40	149966	132435.1371515661	314	0	0.10046958923339844	1	
40	149966	132435.1371515661	314	0	0.11200332641601562	1	
40	149966	132435.1371515661	805	0	0.10457134246826172	1	
40	149966	132435.1371515661	748	0	0.110809326171875	1	
40	149966	132435.1371515661	718	0	0.1109304428100586	1	
40	149966	132435.1371515661	776	0	0.10986804962158203	1	
40	149966	132435.1371515661	805	0	0.1141364574432373	1	
40	149966	132435.1371515661	635	0	0.10041522979736328	1	
40	149966	132435.1371515661	805	0	0.10358023643493652	1	
40	149966	132435.1371515661	718	0	0.1002035140991211	1	
40	149966	132435.1371515661	690	0	0.10071372985839844	1	
40	149966	132435.1371515661	894	0	0.1152348518371582	1	
40	149966	132435.1371515661	776	0	0.10938191413879395	1	
40	149966	132435.1371515661	805	0	0.10938262939453125	1	
40	149966	132435.1371515661	690	0	0.1009528636932373	1	
40	149966	132435.1371515661	894	0	0.10990691184997559	1	
40	149966	132435.1371515661	805	0	0.10938310623168945	1	
40	149966	132435.1371515661	690	0	0.10026931762695312	1	
40	149966	132435.1371515661	776	0	0.10937881469726562	1	
40	149966	132435.1371515661	776	0	0.10938262939453125	1	
40	149966	132435.1371515661	748	0	0.10938167572021484	1	
40	149966	132435.1371515661	865	0	0.10718369483947754	1	
40	149966	132435.1371515661	776	0	0.10937905311584473	1	
40	149966	132435.1371515661	894	0	0.10938048362731934	1	
40	149966	132435.1371515661	805	0	0.10938358306884766	1	
40	149966	132435.1371515661	776	0	0.10526871681213379	1	
40	149966	132435.1371515661	923	0	0.10937929153442383	1	
40	149966	132435.1371515661	718	0	0.10284161567687988	1	
40	149966	132435.1371515661	748	0	0.10938048362731934	1	
40	149966	132435.1371515661	776	0	0.10306787490844727	1	
40	149966	132435.1371515661	776	0	0.10938239097595215	1	
40	149966	132435.1371515661	776	0	0.10275983810424805	1	
40	133484	132435.1371515661	9908	2	2.1093506813049316	11->2->8->9->3->6->26->30->35->24->31->37->28->33->22->36->18->13->34->12->16->20->5->27->7->15->40->23->10->29->1->17->4->21->14->19->39->32->25->38
40	149966	132435.1371515661	8585	0	1.0000524520874023	1	
40	133484	132435.1371515661	9908	2	2.1224191188812256	11->2->8->9->3->6->26->30->35->24->31->37->28->33->22->36->18->13->34->12->16->20->5->27->7->15->40->23->10->29->1->17->4->21->14->19->39->32->25->38
40	29175	29035.405146265148	4880	192	0.6274213790893555	11->2->8->9->35->3->21->26->16->6->31->28->37->24->33->15->30->14->23->20->19->10->32->18->13->36->5->39->25->22->12->40->34->17->4->38->7->29->27->1
