40	125734	120481.84721359941	3575	0	1.010840892791748	1	
40	125734	120481.84721359941	3619	0	1.004138469696045	1	
40	125734	120481.84721359941	1507	0	0.5147392749786377	1	
40	125734	120481.84721359941	1483	0	0.5097153186798096	1	
40	125734	120481.84721359941	1456	0	0.5111143589019775	1	
40	125734	120481.84721359941	315	0	0.11077189445495605	1	
40	125734	120481.84721359941	121	0	0.11048269271850586	1	
40	125734	120481.84721359941	267	0	0.10207438468933105	1	
40	125734	120481.84721359941	121	0	0.11331701278686523	1	
40	125734	120481.84721359941	303	0	0.10938119888305664	1	
40	125734	120481.84721359941	231	0	0.10115766525268555	1	
40	125734	120481.84721359941	243	0	0.10938024520874023	1	
40	125734	120481.84721359941	243	0	0.10237908363342285	1	
40	125734	120481.84721359941	279	0	0.10938262939453125	1	
40	125734	120481.84721359941	255	0	0.1003720760345459	1	
40	125734	120481.84721359941	303	0	0.11265230178833008	1	
40	125734	120481.84721359941	279	0	0.10236239433288574	1	
40	125734	120481.84721359941	267	0	0.10938191413879395	1	
40	125734	120481.84721359941	255	0	0.11544203758239746	1	
40	125734	120481.84721359941	267	0	0.10898923873901367	1	
40	125734	120481.84721359941	291	0	0.11305522918701172	1	
40	125734	120481.84721359941	315	0	0.11344194412231445	1	
40	125734	120481.84721359941	267	0	0.10938239097595215	1	
40	125734	120481.84721359941	303	0	0.10937786102294922	1	
40	125734	120481.84721359941	243	0	0.10026192665100098	1	
40	125734	120481.84721359941	279	0	0.10938024520874023	1	
40	125734	120481.84721359941	279	0	0.11210823059082031	1	
40	125734	120481.84721359941	267	0	0.10938000679016113	1	
40	125734	120481.84721359941	267	0	0.11139869689941406	1	
40	125734	120481.84721359941	267	0	0.10937857627868652	1	
40	125734	120481.84721359941	267	0	0.10938310623168945	1	
40	125734	120481.84721359941	315	0	0.10938000679016113	1	
40	125734	120481.84721359941	243	0	0.10184645652770996	1	
40	125734	120481.84721359941	279	0	0.10938024520874023	1	
40	125734	120481.84721359941	279	0	0.10938072204589844	1	
40	125734	120481.84721359941	279	0	0.10938048362731934	1	
40	125734	120481.84721359941	267	0	0.11272406578063965	1	
40	125734	120481.84721359941	303	0	0.10752058029174805	1	
40	125734	120481.84721359941	279	0	0.11128735542297363	1	
40	121428	120481.84721359941	10830	2	3.6753664016723633	7->2->15->6->3->30->17->21->28->34->18->33->23->8->32->12->19->24->39->16->1->37->10->9->14->11->20->4->36->26->31->29->35->38->27->13->5->40->22->25
40	125734	120481.84721359941	3633	0	1.0000522136688232	1	
40	121428	120481.84721359941	10830	2	3.7343595027923584	7->2->15->6->3->30->17->21->28->34->18->33->23->8->32->12->19->24->39->16->1->37->10->9->14->11->20->4->36->26->31->29->35->38->27->13->5->40->22->25
40	121428	120481.84721359941	10830	2	3.6464359760284424	7->2->15->6->3->30->17->21->28->34->18->33->23->8->32->12->19->24->39->16->1->37->10->9->14->11->20->4->36->26->31->29->35->38->27->13->5->40->22->25
40	27142	26940.2535310456	35797	4	19.554073333740234	7->2->15->6->10->30->3->16->21->28->34->23->39->33->32->31->17->18->12->8->36->24->19->40->22->14->5->9->1->4->37->26->29->11->20->35->25->38->27->13
