40	146868	137547.83172223502	6074	0	1.0007245540618896	1	
40	146868	137547.83172223502	6116	0	1.0077223777770996	1	
40	146868	137547.83172223502	2890	0	0.5072288513183594	1	
40	146868	137547.83172223502	2911	0	0.5032308101654053	1	
40	146868	137547.83172223502	2824	0	0.5017573833465576	1	
40	146868	137547.83172223502	416	0	0.10086512565612793	1	
40	146868	137547.83172223502	195	0	0.10326004028320312	1	
40	146868	137547.83172223502	195	0	0.1075599193572998	1	
40	146868	137547.83172223502	559	0	0.11070847511291504	1	
40	146868	137547.83172223502	502	0	0.10938191413879395	1	
40	146868	137547.83172223502	459	0	0.10046553611755371	1	
40	146868	137547.83172223502	459	0	0.10937952995300293	1	
40	146868	137547.83172223502	397	0	0.10000109672546387	1	
40	146868	137547.83172223502	397	0	0.10046219825744629	1	
40	146868	137547.83172223502	376	0	0.10186362266540527	1	
40	146868	137547.83172223502	416	0	0.10322380065917969	1	
40	146868	137547.83172223502	541	0	0.11108899116516113	1	
40	146868	137547.83172223502	397	0	0.10177040100097656	1	
40	146868	137547.83172223502	438	0	0.10938215255737305	1	
40	146868	137547.83172223502	541	0	0.10937786102294922	1	
40	146868	137547.83172223502	459	0	0.10937857627868652	1	
40	146868	137547.83172223502	459	0	0.10938167572021484	1	
40	146868	137547.83172223502	459	0	0.10937905311584473	1	
40	146868	137547.83172223502	502	0	0.11038613319396973	1	
40	146868	137547.83172223502	480	0	0.10946416854858398	1	
40	146868	137547.83172223502	480	0	0.10937881469726562	1	
40	146868	137547.83172223502	459	0	0.10938501358032227	1	
40	146868	137547.83172223502	416	0	0.1001288890838623	1	
40	146868	137547.83172223502	459	0	0.10938119888305664	1	
40	146868	137547.83172223502	438	0	0.10938024520874023	1	
40	146868	137547.83172223502	416	0	0.10090088844299316	1	
40	146868	137547.83172223502	438	0	0.1066286563873291	1	
40	146868	137547.83172223502	541	0	0.10938215255737305	1	
40	146868	137547.83172223502	480	0	0.10984086990356445	1	
40	146868	137547.83172223502	523	0	0.10938000679016113	1	
40	146868	137547.83172223502	578	0	0.11780524253845215	1	
40	146868	137547.83172223502	416	0	0.10348391532897949	1	
40	146868	137547.83172223502	480	0	0.10106754302978516	1	
40	139040	137547.83172223502	12350	2	3.413609743118286	28->2->15->8->7->14->35->25->21->40->13->17->24->32->5->29->38->34->4->1->9->26->33->20->22->16->18->19->36->39->11->31->3->30->37->23->12->27->6->10
40	146868	137547.83172223502	6095	0	1.000051498413086	1	
40	139040	137547.83172223502	12350	2	3.4362988471984863	28->2->15->8->7->14->35->25->21->40->13->17->24->32->5->29->38->34->4->1->9->26->33->20->22->16->18->19->36->39->11->31->3->30->37->23->12->27->6->10
40	33741	33465.79037327996	266788	96	1062.7275280952454	28->2->8->13->18->14->35->19->21->20->15->40->7->17->24->32->12->29->23->25->34->30->27->38->16->6->4->33->9->39->11->10->22->5->31->26->3->37->36->1
