40	154831	152914.49049512373	1628	0	1.0020170211791992	1	
40	154831	152914.49049512373	1610	0	1.0119218826293945	1	
40	154831	152914.49049512373	759	0	0.5068652629852295	1	
40	154831	152914.49049512373	735	0	0.5147011280059814	1	
40	154831	152914.49049512373	754	0	0.510106086730957	1	
40	154831	152914.49049512373	133	0	0.1083836555480957	1	
40	154831	152914.49049512373	78	0	0.10643672943115234	1	
40	154831	152914.49049512373	78	0	0.11058187484741211	1	
40	154831	152914.49049512373	122	0	0.10937881469726562	1	
40	154831	152914.49049512373	118	0	0.10938119888305664	1	
40	154831	152914.49049512373	130	0	0.11520624160766602	1	
40	154831	152914.49049512373	126	0	0.10119414329528809	1	
40	154831	152914.49049512373	118	0	0.10795187950134277	1	
40	154831	152914.49049512373	122	0	0.10256052017211914	1	
40	154831	152914.49049512373	114	0	0.10051512718200684	1	
40	154831	152914.49049512373	130	0	0.11071062088012695	1	
40	154831	152914.49049512373	130	0	0.11101794242858887	1	
40	154831	152914.49049512373	118	0	0.10091543197631836	1	
40	154831	152914.49049512373	126	0	0.10938024520874023	1	
40	154831	152914.49049512373	130	0	0.10645437240600586	1	
40	154831	152914.49049512373	122	0	0.10937976837158203	1	
40	154831	152914.49049512373	118	0	0.10418939590454102	1	
40	154831	152914.49049512373	130	0	0.10937976837158203	1	
40	154831	152914.49049512373	126	0	0.10026192665100098	1	
40	154831	152914.49049512373	122	0	0.10306930541992188	1	
40	154831	152914.49049512373	133	0	0.10937762260437012	1	
40	154831	152914.49049512373	118	0	0.10937905311584473	1	
40	154831	152914.49049512373	110	0	0.1032872200012207	1	
40	154831	152914.49049512373	114	0	0.10938262939453125	1	
40	154831	152914.49049512373	126	0	0.10982131958007812	1	
40	154831	152914.49049512373	133	0	0.10937905311584473	1	
40	154831	152914.49049512373	133	0	0.10938024520874023	1	
40	154831	152914.49049512373	133	0	0.10938000679016113	1	
40	154831	152914.49049512373	126	0	0.10009217262268066	1	
40	154831	152914.49049512373	118	0	0.1081387996673584	1	
40	154831	152914.49049512373	122	0	0.10406994819641113	1	
40	154831	152914.49049512373	126	0	0.10823607444763184	1	
40	154831	152914.49049512373	122	0	0.10406923294067383	1	
40	154116	152914.49049512373	63870	1	66.85969948768616	1->29->20->9->3->32->27->21->40->30->18->37->12->24->6->28->10->16->23->39->14->5->22->26->36->11->31->17->4->8->33->25->34->2->35->19->7->38->15->13
40	154831	152914.49049512373	1648	0	1.0000522136688232	1	
40	154116	152914.49049512373	63870	1	67.67224287986755	1->29->20->9->3->32->27->21->40->30->18->37->12->24->6->28->10->16->23->39->14->5->22->26->36->11->31->17->4->8->33->25->34->2->35->19->7->38->15->13
40	34175	34005.795586063614	132466	8	248.98947167396545	17->27->29->20->12->9->32->38->21->40->3->30->16->25->24->13->37->28->8->1->2->39->31->5->18->22->19->11->6->33->34->7->35->10->26->23->14->4->15->36
