40	154201	144387.4736812088	4824	0	1.0034329891204834	1	
40	154201	144387.4736812088	4952	0	1.0036180019378662	1	
40	154201	144387.4736812088	2313	0	0.5000255107879639	1	
40	154201	144387.4736812088	2383	0	0.5113389492034912	1	
40	154201	144387.4736812088	2113	0	0.5039002895355225	1	
40	154201	144387.4736812088	461	0	0.10751104354858398	1	
40	154201	144387.4736812088	169	0	0.11488604545593262	1	
40	154201	144387.4736812088	152	0	0.10938119888305664	1	
40	154201	144387.4736812088	393	0	0.10748553276062012	1	
40	154201	144387.4736812088	376	0	0.10143446922302246	1	
40	154201	144387.4736812088	393	0	0.10174894332885742	1	
40	154201	144387.4736812088	410	0	0.11083221435546875	1	
40	154201	144387.4736812088	410	0	0.10797524452209473	1	
40	154201	144387.4736812088	410	0	0.10198497772216797	1	
40	154201	144387.4736812088	427	0	0.10938119888305664	1	
40	154201	144387.4736812088	493	0	0.11093950271606445	1	
40	154201	144387.4736812088	427	0	0.1027226448059082	1	
40	154201	144387.4736812088	393	0	0.10058116912841797	1	
40	154201	144387.4736812088	393	0	0.10059738159179688	1	
40	154201	144387.4736812088	410	0	0.10938048362731934	1	
40	154201	144387.4736812088	461	0	0.10937952995300293	1	
40	154201	144387.4736812088	427	0	0.10937905311584473	1	
40	154201	144387.4736812088	477	0	0.10938143730163574	1	
40	154201	144387.4736812088	444	0	0.10537409782409668	1	
40	154201	144387.4736812088	376	0	0.1031343936920166	1	
40	154201	144387.4736812088	376	0	0.10160708427429199	1	
40	154201	144387.4736812088	427	0	0.10198569297790527	1	
40	154201	144387.4736812088	410	0	0.1093895435333252	1	
40	154201	144387.4736812088	427	0	0.1120760440826416	1	
40	154201	144387.4736812088	410	0	0.10938310623168945	1	
40	154201	144387.4736812088	359	0	0.10017132759094238	1	
40	154201	144387.4736812088	410	0	0.10938215255737305	1	
40	154201	144387.4736812088	410	0	0.11224675178527832	1	
40	154201	144387.4736812088	444	0	0.10938119888305664	1	
40	154201	144387.4736812088	477	0	0.10938048362731934	1	
40	154201	144387.4736812088	477	0	0.10937976837158203	1	
40	154201	144387.4736812088	427	0	0.11094307899475098	1	
40	154201	144387.4736812088	444	0	0.10483956336975098	1	
40	146144	144387.4736812088	127245	2	225.4676332473755	24->3->21->10->36->8->7->17->13->14->15->19->29->28->32->23->25->30->33->1->34->6->9->18->40->26->4->11->12->22->38->39->35->37->2->27->5->20->31->16
40	154201	144387.4736812088	4971	0	1.0000522136688232	1	
40	146144	144387.4736812088	127245	2	224.9688744544983	24->3->21->10->36->8->7->17->13->14->15->19->29->28->32->23->25->30->33->1->34->6->9->18->40->26->4->11->12->22->38->39->35->37->2->27->5->20->31->16
40	146144	144387.4736812088	127245	2	227.48809671401978	24->3->21->10->36->8->7->17->13->14->15->19->29->28->32->23->25->30->33->1->34->6->9->18->40->26->4->11->12->22->38->39->35->37->2->27->5->20->31->16
40	37284	35613.04600935639	940093	0	1800.0014657974243	1	
