40	121428	120745.24418540808	3511	2	1.0003702640533447	1	
40	121428	120745.24418540808	3511	2	1.0112335681915283	1	
40	125734	120745.24418540808	1594	0	0.5114316940307617	1	
40	125734	120745.24418540808	1580	0	0.5123088359832764	1	
40	125734	120745.24418540808	1550	0	0.5018963813781738	1	
40	125734	120745.24418540808	269	0	0.10938119888305664	1	
40	125734	120745.24418540808	121	0	0.10355257987976074	1	
40	125734	120745.24418540808	132	0	0.10972166061401367	1	
40	125734	120745.24418540808	281	0	0.1118769645690918	1	
40	125734	120745.24418540808	269	0	0.10938048362731934	1	
40	125734	120745.24418540808	257	0	0.10288357734680176	1	
40	125734	120745.24418540808	318	0	0.1147301197052002	1	
40	125734	120745.24418540808	235	0	0.10070300102233887	1	
40	125734	120745.24418540808	281	0	0.1076359748840332	1	
40	125734	120745.24418540808	257	0	0.10716629028320312	1	
40	125734	120745.24418540808	318	0	0.11450839042663574	1	
40	125734	120745.24418540808	305	0	0.10938119888305664	1	
40	125734	120745.24418540808	257	0	0.10423994064331055	1	
40	125734	120745.24418540808	257	0	0.1024940013885498	1	
40	125734	120745.24418540808	269	0	0.10902667045593262	1	
40	125734	120745.24418540808	281	0	0.11139965057373047	1	
40	125734	120745.24418540808	269	0	0.11095213890075684	1	
40	125734	120745.24418540808	257	0	0.10937929153442383	1	
40	125734	120745.24418540808	292	0	0.11560702323913574	1	
40	125734	120745.24418540808	269	0	0.10938119888305664	1	
40	125734	120745.24418540808	246	0	0.10593152046203613	1	
40	125734	120745.24418540808	292	0	0.10938096046447754	1	
40	125734	120745.24418540808	281	0	0.10938215255737305	1	
40	125734	120745.24418540808	246	0	0.10451054573059082	1	
40	125734	120745.24418540808	257	0	0.10938000679016113	1	
40	125734	120745.24418540808	305	0	0.10937809944152832	1	
40	125734	120745.24418540808	292	0	0.10938239097595215	1	
40	125734	120745.24418540808	269	0	0.11171150207519531	1	
40	125734	120745.24418540808	281	0	0.10237765312194824	1	
40	125734	120745.24418540808	257	0	0.10938048362731934	1	
40	125734	120745.24418540808	202	0	0.10040974617004395	1	
40	125734	120745.24418540808	281	0	0.10938000679016113	1	
40	125734	120745.24418540808	224	0	0.10807299613952637	1	
40	121428	120745.24418540808	3511	2	1.0158166885375977	7->2->15->6->3->30->17->21->28->34->18->33->23->8->32->12->19->24->39->16->1->37->10->9->14->11->20->4->36->26->31->29->35->38->27->13->5->40->22->25
40	121428	120745.24418540808	3511	2	1.0000519752502441	1	
40	121428	120745.24418540808	3511	2	1.0196805000305176	7->2->15->6->3->30->17->21->28->34->18->33->23->8->32->12->19->24->39->16->1->37->10->9->14->11->20->4->36->26->31->29->35->38->27->13->5->40->22->25
40	27142	26987.09761965279	16225	4	5.14544153213501	7->2->15->6->10->30->3->16->21->28->34->23->39->33->32->31->17->18->12->8->36->24->19->40->22->14->5->9->1->4->37->26->29->11->20->35->25->38->27->13
