40	142262	141308.12213831552	1521	0	1.0015368461608887	1	
40	142262	141308.12213831552	1507	0	1.0153894424438477	1	
40	142262	141308.12213831552	818	0	0.5070953369140625	1	
40	142262	141308.12213831552	793	0	0.5000274181365967	1	
40	142262	141308.12213831552	778	0	0.5007588863372803	1	
40	142262	141308.12213831552	149	0	0.10651373863220215	1	
40	142262	141308.12213831552	75	0	0.10662007331848145	1	
40	142262	141308.12213831552	75	0	0.11193609237670898	1	
40	142262	141308.12213831552	149	0	0.10702347755432129	1	
40	142262	141308.12213831552	143	0	0.10034418106079102	1	
40	142262	141308.12213831552	143	0	0.10938143730163574	1	
40	142262	141308.12213831552	131	0	0.10057258605957031	1	
40	142262	141308.12213831552	170	0	0.10904049873352051	1	
40	142262	141308.12213831552	149	0	0.11324501037597656	1	
40	142262	141308.12213831552	156	0	0.10937333106994629	1	
40	142262	141308.12213831552	143	0	0.10107612609863281	1	
40	142262	141308.12213831552	162	0	0.10661005973815918	1	
40	142262	141308.12213831552	143	0	0.10156750679016113	1	
40	142262	141308.12213831552	166	0	0.1129307746887207	1	
40	142262	141308.12213831552	173	0	0.10938000679016113	1	
40	142262	141308.12213831552	149	0	0.10938000679016113	1	
40	142262	141308.12213831552	156	0	0.10938167572021484	1	
40	142262	141308.12213831552	170	0	0.10938000679016113	1	
40	142262	141308.12213831552	137	0	0.10026764869689941	1	
40	142262	141308.12213831552	156	0	0.11035728454589844	1	
40	142262	141308.12213831552	131	0	0.10135436058044434	1	
40	142262	141308.12213831552	143	0	0.10938191413879395	1	
40	142262	141308.12213831552	156	0	0.10938167572021484	1	
40	142262	141308.12213831552	149	0	0.10937976837158203	1	
40	142262	141308.12213831552	170	0	0.10915875434875488	1	
40	142262	141308.12213831552	170	0	0.10520553588867188	1	
40	142262	141308.12213831552	173	0	0.10937952995300293	1	
40	142262	141308.12213831552	143	0	0.10568809509277344	1	
40	142262	141308.12213831552	170	0	0.10516738891601562	1	
40	142262	141308.12213831552	173	0	0.11290526390075684	1	
40	142262	141308.12213831552	96	0	0.10293173789978027	1	
40	142262	141308.12213831552	173	0	0.11138486862182617	1	
40	142262	141308.12213831552	156	0	0.10006928443908691	1	
40	141882	141308.12213831552	3658	8	2.299838066101074	1->2->5->14->27->35->10->36->24->32->12->37->34->40->4->26->19->11->38->8->20->7->33->18->22->29->21->9->3->6->23->25->28->30->16->39->15->13->17->31
40	142262	141308.12213831552	1527	0	1.0000531673431396	1	
40	141882	141308.12213831552	3658	8	2.318551778793335	1->2->5->14->27->35->10->36->24->32->12->37->34->40->4->26->19->11->38->8->20->7->33->18->22->29->21->9->3->6->23->25->28->30->16->39->15->13->17->31
40	32724	32651.753907874117	10188	864	2.3335602283477783	1->5->2->12->27->9->35->13->26->39->10->32->36->37->17->24->40->11->4->21->14->28->20->16->19->29->7->34->23->25->15->38->22->8->31->6->30->18->3->33
