40	153264	132240.1777589895	3920	0	1.0111098289489746	1	
40	153264	132240.1777589895	3850	0	1.010641098022461	1	
40	153264	132240.1777589895	1730	0	0.5068984031677246	1	
40	153264	132240.1777589895	1693	0	0.5062882900238037	1	
40	153264	132240.1777589895	1449	0	0.5016183853149414	1	
40	153264	132240.1777589895	317	0	0.1132197380065918	1	
40	153264	132240.1777589895	126	0	0.1112220287322998	1	
40	153264	132240.1777589895	126	0	0.10442399978637695	1	
40	153264	132240.1777589895	284	0	0.1119394302368164	1	
40	153264	132240.1777589895	248	0	0.10043621063232422	1	
40	153264	132240.1777589895	271	0	0.10148239135742188	1	
40	153264	132240.1777589895	284	0	0.10560417175292969	1	
40	153264	132240.1777589895	317	0	0.11261582374572754	1	
40	153264	132240.1777589895	238	0	0.10181522369384766	1	
40	153264	132240.1777589895	271	0	0.10930657386779785	1	
40	153264	132240.1777589895	296	0	0.10938143730163574	1	
40	153264	132240.1777589895	317	0	0.11002016067504883	1	
40	153264	132240.1777589895	307	0	0.11247801780700684	1	
40	153264	132240.1777589895	260	0	0.10938191413879395	1	
40	153264	132240.1777589895	271	0	0.10938167572021484	1	
40	153264	132240.1777589895	284	0	0.10938239097595215	1	
40	153264	132240.1777589895	284	0	0.10937881469726562	1	
40	153264	132240.1777589895	284	0	0.10938048362731934	1	
40	153264	132240.1777589895	248	0	0.10083889961242676	1	
40	153264	132240.1777589895	271	0	0.10414314270019531	1	
40	153264	132240.1777589895	284	0	0.10938167572021484	1	
40	153264	132240.1777589895	271	0	0.10938072204589844	1	
40	153264	132240.1777589895	238	0	0.10313081741333008	1	
40	153264	132240.1777589895	248	0	0.11086797714233398	1	
40	153264	132240.1777589895	271	0	0.10938286781311035	1	
40	153264	132240.1777589895	284	0	0.10573625564575195	1	
40	153264	132240.1777589895	307	0	0.1015925407409668	1	
40	153264	132240.1777589895	260	0	0.10207056999206543	1	
40	153264	132240.1777589895	307	0	0.10938096046447754	1	
40	153264	132240.1777589895	284	0	0.10937976837158203	1	
40	153264	132240.1777589895	271	0	0.10497665405273438	1	
40	153264	132240.1777589895	317	0	0.11011004447937012	1	
40	153264	132240.1777589895	317	0	0.10938239097595215	1	
40	135043	132240.1777589895	111322	2	177.10912251472473	1->4->32->5->3->7->11->10->27->14->20->8->25->12->19->13->24->29->21->30->37->15->17->26->38->23->40->36->39->31->22->16->35->34->18->33->28->2->9->6
40	153264	132240.1777589895	3834	0	1.000051736831665	1	
40	135043	132240.1777589895	111322	2	183.0860402584076	1->4->32->5->3->7->11->10->27->14->20->8->25->12->19->13->24->29->21->30->37->15->17->26->38->23->40->36->39->31->22->16->35->34->18->33->28->2->9->6
40	135043	132240.1777589895	111322	2	178.50734853744507	1->4->32->5->3->7->11->10->27->14->20->8->25->12->19->13->24->29->21->30->37->15->17->26->38->23->40->36->39->31->22->16->35->34->18->33->28->2->9->6
40	28712	27913.570024747652	639646	0	1800.0094668865204	1	
