40	137185	131596.12856010254	4637	0	1.0145368576049805	1	
40	137185	131596.12856010254	4649	0	1.0116400718688965	1	
40	137185	131596.12856010254	2086	0	0.5079874992370605	1	
40	137185	131596.12856010254	2178	0	0.5111989974975586	1	
40	137185	131596.12856010254	2151	0	0.5026886463165283	1	
40	137185	131596.12856010254	219	0	0.10060620307922363	1	
40	137185	131596.12856010254	102	0	0.10083866119384766	1	
40	137185	131596.12856010254	252	0	0.10178494453430176	1	
40	137185	131596.12856010254	109	0	0.10054421424865723	1	
40	137185	131596.12856010254	252	0	0.10222935676574707	1	
40	137185	131596.12856010254	230	0	0.10033226013183594	1	
40	137185	131596.12856010254	193	0	0.10240411758422852	1	
40	137185	131596.12856010254	298	0	0.11282944679260254	1	
40	137185	131596.12856010254	219	0	0.10054445266723633	1	
40	137185	131596.12856010254	204	0	0.10087943077087402	1	
40	137185	131596.12856010254	219	0	0.10550808906555176	1	
40	137185	131596.12856010254	286	0	0.11423587799072266	1	
40	137185	131596.12856010254	230	0	0.10937833786010742	1	
40	137185	131596.12856010254	274	0	0.11405301094055176	1	
40	137185	131596.12856010254	219	0	0.10938024520874023	1	
40	137185	131596.12856010254	252	0	0.10938048362731934	1	
40	137185	131596.12856010254	241	0	0.10938024520874023	1	
40	137185	131596.12856010254	241	0	0.11075639724731445	1	
40	137185	131596.12856010254	286	0	0.11316037178039551	1	
40	137185	131596.12856010254	219	0	0.10026836395263672	1	
40	137185	131596.12856010254	241	0	0.10937976837158203	1	
40	137185	131596.12856010254	241	0	0.10825657844543457	1	
40	137185	131596.12856010254	230	0	0.10937976837158203	1	
40	137185	131596.12856010254	212	0	0.10392951965332031	1	
40	137185	131596.12856010254	230	0	0.10589146614074707	1	
40	137185	131596.12856010254	241	0	0.1127476692199707	1	
40	137185	131596.12856010254	263	0	0.10620951652526855	1	
40	137185	131596.12856010254	230	0	0.10938334465026855	1	
40	137185	131596.12856010254	241	0	0.10938382148742676	1	
40	137185	131596.12856010254	252	0	0.11113357543945312	1	
40	137185	131596.12856010254	230	0	0.10633230209350586	1	
40	137185	131596.12856010254	212	0	0.10069108009338379	1	
40	137185	131596.12856010254	241	0	0.10938119888305664	1	
40	137185	131596.12856010254	241	0	0.10865926742553711	1	
40	133837	131596.12856010254	279767	2	1125.8438189029694	3->14->38->26->37->17->18->24->22->11->35->1->21->30->15->31->29->33->34->40->13->32->36->10->39->6->12->28->16->23->19->7->2->5->4->25->20->27->9->8
40	137185	131596.12856010254	4625	0	1.000053882598877	1	
40	133837	131596.12856010254	279767	2	1124.5469861030579	3->14->38->26->37->17->18->24->22->11->35->1->21->30->15->31->29->33->34->40->13->32->36->10->39->6->12->28->16->23->19->7->2->5->4->25->20->27->9->8
40	133837	131596.12856010254	279767	2	1135.5272030830383	3->14->38->26->37->17->18->24->22->11->35->1->21->30->15->31->29->33->34->40->13->32->36->10->39->6->12->28->16->23->19->7->2->5->4->25->20->27->9->8
40	36483	34987.23396350947	1019739	0	1800.0795195102692	1	
