40	146868	137168.28346054853	5868	0	1.0147688388824463	1	
40	146868	137168.28346054853	5868	0	1.013878345489502	1	
40	146868	137168.28346054853	2678	0	0.5134701728820801	1	
40	146868	137168.28346054853	2699	0	0.508631706237793	1	
40	146868	137168.28346054853	2465	0	0.5001122951507568	1	
40	146868	137168.28346054853	465	0	0.11205816268920898	1	
40	146868	137168.28346054853	204	0	0.10619688034057617	1	
40	146868	137168.28346054853	204	0	0.10938024520874023	1	
40	146868	137168.28346054853	501	0	0.11348652839660645	1	
40	146868	137168.28346054853	430	0	0.11073970794677734	1	
40	146868	137168.28346054853	430	0	0.11271095275878906	1	
40	146868	137168.28346054853	465	0	0.11123895645141602	1	
40	146868	137168.28346054853	447	0	0.11484217643737793	1	
40	146868	137168.28346054853	447	0	0.10237836837768555	1	
40	146868	137168.28346054853	430	0	0.10793948173522949	1	
40	146868	137168.28346054853	412	0	0.10347557067871094	1	
40	146868	137168.28346054853	465	0	0.1042795181274414	1	
40	146868	137168.28346054853	447	0	0.10066485404968262	1	
40	146868	137168.28346054853	430	0	0.10937929153442383	1	
40	146868	137168.28346054853	447	0	0.10938167572021484	1	
40	146868	137168.28346054853	465	0	0.10938143730163574	1	
40	146868	137168.28346054853	430	0	0.10938239097595215	1	
40	146868	137168.28346054853	465	0	0.10938334465026855	1	
40	146868	137168.28346054853	430	0	0.10021615028381348	1	
40	146868	137168.28346054853	447	0	0.11172199249267578	1	
40	146868	137168.28346054853	483	0	0.10938143730163574	1	
40	146868	137168.28346054853	447	0	0.10003304481506348	1	
40	146868	137168.28346054853	430	0	0.10938072204589844	1	
40	146868	137168.28346054853	501	0	0.11160993576049805	1	
40	146868	137168.28346054853	465	0	0.1101677417755127	1	
40	146868	137168.28346054853	483	0	0.11488223075866699	1	
40	146868	137168.28346054853	501	0	0.10937976837158203	1	
40	146868	137168.28346054853	447	0	0.1093893051147461	1	
40	146868	137168.28346054853	430	0	0.10228133201599121	1	
40	146868	137168.28346054853	390	0	0.10141420364379883	1	
40	146868	137168.28346054853	465	0	0.10938262939453125	1	
40	146868	137168.28346054853	430	0	0.10923123359680176	1	
40	146868	137168.28346054853	483	0	0.1051795482635498	1	
40	139040	137168.28346054853	73944	2	76.63549876213074	28->2->15->8->7->14->35->25->21->40->13->17->24->32->5->29->38->34->4->1->9->26->33->20->22->16->18->19->36->39->11->31->3->30->37->23->12->27->6->10
40	146868	137168.28346054853	5828	0	1.0000531673431396	1	
40	139040	137168.28346054853	73944	2	76.40570068359375	28->2->15->8->7->14->35->25->21->40->13->17->24->32->5->29->38->34->4->1->9->26->33->20->22->16->18->19->36->39->11->31->3->30->37->23->12->27->6->10
40	139040	137168.28346054853	73944	2	77.15358400344849	28->2->15->8->7->14->35->25->21->40->13->17->24->32->5->29->38->34->4->1->9->26->33->20->22->16->18->19->36->39->11->31->3->30->37->23->12->27->6->10
40	35560	33372.14112993929	991004	0	1800.0094711780548	1	
